  -8.2752172e-01  -1.3389914e+00
  -1.4567593e+00  -9.0627339e-01
  -1.4567593e+00  -9.0627339e-01
  -1.4567593e+00  -9.0627339e-01
  -1.4567593e+00  -9.0627339e-01
  -1.4567593e+00  -9.0627339e-01
  -1.9648608e+00  -7.5454433e-01
  -1.0614056e+00  -9.2184111e-01
  -1.0614056e+00  -9.2184111e-01
  -1.0614056e+00  -9.2184111e-01
  -1.3316342e+00  -1.0320016e+00
  -1.3316342e+00  -1.0320016e+00
  -1.3316342e+00  -1.0320016e+00
  -1.3316342e+00  -1.0320016e+00
  -1.0228074e+00  -9.0048733e-01
  -1.1556008e+00  -1.0468629e+00
  -1.1556008e+00  -1.0468629e+00
  -1.1556008e+00  -1.0468629e+00
  -1.1556008e+00  -1.0468629e+00
  -1.1556008e+00  -1.0468629e+00
  -9.9432510e-01  -1.2127996e+00
  -9.9432510e-01  -1.2127996e+00
  -1.5375022e+00  -7.5247824e-01
  -1.4766783e+00  -7.7818068e-01
  -8.8415897e-01  -1.1574243e+00
  -1.1765258e+00  -8.9449044e-01
  -1.0313562e+00  -1.1611409e+00
  -1.0234553e+00  -1.0070329e+00
  -1.0234553e+00  -1.0070329e+00
  -1.2919834e+00  -9.8091120e-01
  -1.0538741e+00  -1.1628598e+00
  -1.0538741e+00  -1.1628598e+00
  -1.1354916e+00  -1.1024271e+00
  -1.1354916e+00  -1.1024271e+00
  -1.1173837e+00  -1.0393023e+00
  -1.1644161e+00  -1.2361120e+00
  -1.5759693e+00  -8.8897245e-01
  -8.7685260e-01  -1.5012193e+00
  -1.1994363e+00  -1.0286116e+00
  -1.1994363e+00  -1.0286116e+00
  -1.2154692e+00  -9.1900978e-01
  -1.6879884e+00  -7.8120676e-01
  -1.2359093e+00  -1.0203116e+00
  -9.1124326e-01  -1.1252534e+00
  -1.3042258e+00  -7.9827563e-01
  -1.3527863e+00  -1.0075302e+00
  -8.1534107e-01  -1.5865900e+00
  -1.2271330e+00  -1.2440937e+00
  -1.1309674e+00  -8.8456010e-01
  -7.8206397e-01  -1.0945996e+00
  -8.6530227e-01  -9.7892448e-01
  -1.5077421e+00  -7.0930344e-01
  -8.0416132e-01  -1.1836520e+00
  -7.9608168e-01  -1.7026486e+00
  -1.2155524e+00  -1.1783202e+00
  -1.0482811e+00  -1.1149533e+00
  -1.0977354e+00  -1.0549800e+00
  -1.0977354e+00  -1.0549800e+00
  -1.5617525e+00  -9.1507912e-01
  -1.4661960e+00  -7.7530854e-01
  -9.3211637e-01  -1.2513569e+00
  -9.3211637e-01  -1.2513569e+00
  -8.5673985e-01  -9.4340547e-01
  -1.4186903e+00  -9.6636554e-01
  -1.4186903e+00  -9.6636554e-01
  -1.6830402e+00  -5.5886543e-01
  -1.0876387e+00  -1.4288723e+00
  -6.7153727e-01  -1.4599610e+00
  -6.5429329e-01  -1.4504508e+00
  -9.2493891e-01  -9.9593082e-01
  -9.9105738e-01  -1.6059396e+00
  -9.9105738e-01  -1.6059396e+00
  -1.3068401e+00  -1.0510952e+00
  -1.2924496e+00  -7.9970418e-01
  -1.2870122e+00  -9.2184383e-01
  -1.0707544e+00  -1.3484873e+00
  -1.1038690e+00  -8.9612824e-01
  -1.0772546e+00  -9.1577147e-01
  -9.0184934e-01  -1.5109250e+00
  -1.4052470e+00  -1.2958424e+00
  -6.6629257e-01  -1.2301763e+00
  -7.3796903e-01  -1.2421147e+00
  -1.1749109e+00  -1.0097522e+00
  -1.1749109e+00  -1.0097522e+00
  -1.3949001e+00  -8.2243508e-01
  -8.5475420e-01  -1.1239798e+00
  -9.2792788e-01  -1.4417104e+00
  -9.2792788e-01  -1.4417104e+00
  -7.8824296e-01  -1.4133266e+00
  -9.0575175e-01  -1.1530526e+00
  -1.1467790e+00  -8.3192258e-01
  -1.1467790e+00  -8.3192258e-01
  -1.2601482e+00  -1.0341367e+00
  -8.6811417e-01  -1.5115737e+00
  -1.1814108e+00  -1.0282196e+00
  -8.3507130e-01  -1.4315274e+00
  -8.3507130e-01  -1.4315274e+00
  -9.0260586e-01  -1.5794541e+00
  -1.4671929e+00  -9.4202574e-01
  -1.4226067e+00  -6.7148398e-01
  -1.1877093e+00  -9.7472475e-01
  -1.0092644e+00  -7.9182122e-01
  -1.0170682e+00  -1.0656254e+00
  -1.4940411e+00  -8.5809843e-01
  -1.4015559e+00  -9.8590987e-01
  -1.1363094e+00  -6.3365520e-01
  -9.5377312e-01  -9.8456344e-01
  -1.2162063e+00  -1.0755816e+00
  -1.1064388e+00  -1.0048367e+00
  -1.3851229e+00  -9.3522624e-01
  -1.0110848e+00  -1.0511243e+00
  -1.3277746e+00  -1.0210010e+00
  -1.4026787e+00  -8.3593547e-01
  -1.1725280e+00  -9.9239057e-01
  -1.2303316e+00  -1.0317919e+00
  -1.4199820e+00  -7.2574533e-01
  -9.4986763e-01  -1.4675228e+00
  -1.3776384e+00  -9.0447605e-01
  -1.0178972e+00  -1.1338727e+00
  -1.5497974e+00  -9.1976586e-01
  -7.9999930e-01  -1.7031168e+00
  -1.2728364e+00  -8.9657966e-01
  -1.2170078e+00  -1.0457279e+00
  -1.4895292e+00  -9.0785411e-01
  -9.6169794e-01  -1.0638615e+00
  -1.3564769e+00  -6.5891371e-01
  -1.3737615e+00  -8.1900395e-01
  -1.3737615e+00  -8.1900395e-01
  -7.6332298e-01  -1.5102692e+00
  -9.5390549e-01  -1.1444235e+00
  -8.9822138e-01  -1.4322385e+00
  -1.4072641e+00  -1.0427359e+00
  -9.2998531e-01  -1.1736164e+00
  -9.0416169e-01  -1.2450854e+00
  -1.2547297e+00  -1.0854641e+00
  -1.4456099e+00  -7.2814733e-01
  -1.5590075e+00  -9.1617580e-01
  -1.2395747e+00  -9.7472540e-01
  -9.7160872e-01  -9.3306903e-01
  -1.5135313e+00  -7.0061996e-01
  -9.9426400e-01  -8.8328933e-01
  -1.6174730e+00  -8.4987586e-01
  -1.1261227e+00  -8.2927785e-01
  -1.4282884e+00  -7.9124115e-01
  -1.0695743e+00  -9.3192157e-01
  -1.3475462e+00  -1.0459376e+00
  -1.3475462e+00  -1.0459376e+00
  -1.3475462e+00  -1.0459376e+00
  -8.0640254e-01  -1.3225747e+00
  -1.2836049e+00  -7.9560044e-01
  -1.1852189e+00  -1.1475671e+00
  -1.2606427e+00  -1.2874301e+00
  -1.2644302e+00  -9.1950223e-01
  -1.2525284e+00  -1.0665047e+00
  -1.4345211e+00  -1.0030829e+00
  -1.2879679e+00  -1.1966079e+00
  -1.0296596e+00  -1.2306006e+00
  -9.6327269e-01  -1.0763428e+00
  -9.6327269e-01  -1.0763428e+00
  -1.2551233e+00  -7.5347981e-01
  -1.1079383e+00  -9.8816837e-01
  -1.6794869e+00  -8.3008654e-01
  -1.2591855e+00  -8.7437127e-01
  -1.2591855e+00  -8.7437127e-01
  -8.2729343e-01  -1.0602096e+00
  -7.8539428e-01  -9.8793584e-01
  -1.2075338e+00  -1.0655908e+00
  -1.3462007e+00  -8.2235442e-01
  -1.2093653e+00  -9.1434966e-01
  -1.0094090e+00  -1.1811420e+00
  -1.0011122e+00  -1.1728237e+00
  -1.0011122e+00  -1.1728237e+00
  -1.5349865e+00  -8.1508384e-01
  -1.1721195e+00  -8.2513094e-01
  -1.2423856e+00  -8.8763575e-01
  -1.2181788e+00  -8.5553440e-01
  -1.9016020e+00  -8.1415596e-01
  -1.1345958e+00  -7.3837275e-01
  -1.1945179e+00  -7.9572621e-01
  -1.2755636e+00  -6.9405749e-01
  -1.3396283e+00  -8.3298766e-01
  -1.0208631e+00  -8.6899155e-01
  -1.0833898e+00  -9.9888969e-01
  -1.2057508e+00  -9.6696528e-01
  -1.2057508e+00  -9.6696528e-01
  -7.4564544e-01  -1.8884314e+00
  -1.2989572e+00  -5.9033060e-01
  -1.4181740e+00  -9.8531975e-01
  -1.7203010e+00  -1.0830749e+00
  -1.2543030e+00  -1.0329922e+00
  -1.4515033e+00  -9.9922064e-01
  -1.9348837e+00  -5.1823812e-01
  -1.9348837e+00  -5.1823812e-01
  -1.5950128e+00  -7.8409965e-01
  -1.2137434e+00  -1.0219355e+00
  -1.2137434e+00  -1.0219355e+00
  -8.3559093e-01  -1.2672708e+00
  -8.3559093e-01  -1.2672708e+00
  -1.0320637e+00  -1.0604482e+00
  -1.0320637e+00  -1.0604482e+00
  -9.7179581e-01  -1.2795607e+00
  -9.7179581e-01  -1.2795607e+00
  -9.9653582e-01  -1.0684889e+00
  -9.9653582e-01  -1.0684889e+00
  -9.9653582e-01  -1.0684889e+00
  -9.9653582e-01  -1.0684889e+00
  -6.9435149e-01  -1.2776394e+00
  -1.2731618e+00  -9.0071866e-01
  -1.2731618e+00  -9.0071866e-01
  -1.7505947e+00  -8.9414134e-01
  -9.1222277e-01  -1.0815601e+00
  -7.6594472e-01  -1.5215566e+00
  -1.3905297e+00  -1.0640024e+00
  -1.1499154e+00  -1.0223564e+00
  -1.1499154e+00  -1.0223564e+00
  -1.1499154e+00  -1.0223564e+00
  -1.1499154e+00  -1.0223564e+00
  -8.4678861e-01  -1.4314486e+00
  -9.3490877e-01  -1.1621155e+00
  -9.3490877e-01  -1.1621155e+00
  -9.9231345e-01  -1.2525456e+00
  -9.8757804e-01  -1.1211384e+00
  -9.8757804e-01  -1.1211384e+00
  -1.1905620e+00  -1.3059305e+00
  -1.1905620e+00  -1.3059305e+00
  -9.3156213e-01  -1.6450029e+00
  -1.1830765e+00  -1.1326194e+00
  -1.1652962e+00  -9.4023520e-01
  -8.0853593e-01  -1.2753598e+00
  -8.0853593e-01  -1.2753598e+00
  -8.0223546e-01  -1.3531296e+00
  -2.0673672e+00  -7.5981628e-01
  -1.0379490e+00  -1.1217847e+00
  -1.4998894e+00  -9.6471564e-01
  -1.4998894e+00  -9.6471564e-01
  -1.4998894e+00  -9.6471564e-01
  -1.5327724e+00  -8.1051206e-01
  -1.5327724e+00  -8.1051206e-01
  -1.5327724e+00  -8.1051206e-01
  -1.8880896e+00  -8.5168229e-01
  -8.0982080e-01  -1.2289867e+00
  -7.8574173e-01  -1.0611536e+00
  -1.4263182e+00  -1.0213224e+00
  -1.4263182e+00  -1.0213224e+00
  -1.4263182e+00  -1.0213224e+00
  -1.5239330e+00  -8.0637798e-01
  -1.5239330e+00  -8.0637798e-01
  -7.9742162e-01  -8.7350293e-01
  -7.9742162e-01  -8.7350293e-01
  -7.4538623e-01  -1.6847023e+00
  -7.4538623e-01  -1.6847023e+00
  -1.3625298e+00  -1.1576128e+00
  -1.0191433e+00  -1.2219492e+00
  -1.0191433e+00  -1.2219492e+00
  -1.0191433e+00  -1.2219492e+00
  -1.0191433e+00  -1.2219492e+00
  -1.0191433e+00  -1.2219492e+00
  -9.5459887e-01  -1.0591626e+00
  -9.5459887e-01  -1.0591626e+00
  -9.5459887e-01  -1.0591626e+00
  -9.5459887e-01  -1.0591626e+00
  -8.5344187e-01  -1.2416047e+00
  -1.5880587e+00  -7.1659440e-01
  -1.1713878e+00  -9.3036522e-01
  -1.4649108e+00  -7.2309892e-01
  -9.7982936e-01  -1.2464421e+00
  -1.2973151e+00  -1.0092960e+00
  -9.9107557e-01  -1.1196066e+00
  -1.1052509e+00  -1.0224748e+00
  -1.1052509e+00  -1.0224748e+00
  -1.1052509e+00  -1.0224748e+00
  -1.0022716e+00  -1.1045779e+00
  -7.7310403e-01  -1.6092609e+00
  -9.8849541e-01  -9.5553149e-01
  -1.4601301e+00  -8.9716094e-01
  -2.0373120e+00  -6.5991103e-01
  -9.6905369e-01  -1.0770609e+00
  -9.6905369e-01  -1.0770609e+00
  -9.6905369e-01  -1.0770609e+00
  -1.1466995e+00  -9.9694320e-01
  -1.1466995e+00  -9.9694320e-01
  -1.1466995e+00  -9.9694320e-01
  -1.2096636e+00  -9.3679925e-01
  -8.2488034e-01  -1.4112510e+00
  -9.0941921e-01  -1.5917607e+00
  -1.1147000e+00  -7.5302818e-01
  -1.0137041e+00  -8.8564849e-01
  -8.6344962e-01  -1.4957040e+00
  -1.1169565e+00  -1.0823575e+00
  -1.1169565e+00  -1.0823575e+00
  -1.8903562e+00  -6.1286438e-01
  -1.0965091e+00  -9.9199050e-01
  -9.5930028e-01  -1.1648095e+00
  -9.5930028e-01  -1.1648095e+00
  -9.5930028e-01  -1.1648095e+00
  -1.7206156e+00  -7.6423895e-01
  -1.1772606e+00  -1.0577239e+00
  -9.3151992e-01  -1.1480685e+00
  -8.5450282e-01  -1.2993462e+00
  -7.2833832e-01  -1.1617717e+00
  -7.9134871e-01  -1.4863010e+00
  -1.1717272e+00  -7.6309336e-01
  -9.8213759e-01  -1.0952369e+00
  -1.2565233e+00  -1.0560581e+00
  -2.0946359e+00  -7.9831394e-01
  -2.0946359e+00  -7.9831394e-01
  -1.4908489e+00  -6.5557829e-01
  -9.4373736e-01  -1.1652823e+00
  -8.8651812e-01  -1.1890495e+00
  -1.4145232e+00  -1.2116508e+00
  -1.1005980e+00  -1.4896976e+00
  -1.1005980e+00  -1.4896976e+00
  -1.2515086e+00  -1.0942984e+00
  -1.4056146e+00  -8.9377118e-01
  -1.4056146e+00  -8.9377118e-01
  -1.6600572e+00  -9.7357940e-01
  -1.6600572e+00  -9.7357940e-01
  -1.2746119e+00  -8.1934286e-01
  -1.0937157e+00  -9.5535065e-01
  -1.2679862e+00  -8.5840109e-01
  -9.1264305e-01  -1.1309175e+00
  -1.2423351e+00  -8.2769862e-01
  -8.8476743e-01  -1.3670798e+00
  -1.0415372e+00  -1.0384938e+00
  -1.0415372e+00  -1.0384938e+00
  -1.0415372e+00  -1.0384938e+00
  -1.0415372e+00  -1.0384938e+00
  -1.0678447e+00  -1.0733827e+00
  -1.0678447e+00  -1.0733827e+00
  -1.0438719e+00  -1.1623798e+00
  -1.2690688e+00  -1.1938058e+00
  -8.9750598e-01  -1.1516209e+00
  -9.3587998e-01  -1.0504982e+00
  -1.2446503e+00  -1.2286531e+00
  -9.6119769e-01  -1.1718521e+00
  -9.6119769e-01  -1.1718521e+00
  -1.2146106e+00  -1.0882472e+00
  -1.4433816e+00  -9.5744775e-01
  -1.6888046e+00  -9.5717217e-01
  -1.6888046e+00  -9.5717217e-01
  -1.3698889e+00  -8.3791882e-01
  -1.2179308e+00  -1.0322513e+00
  -1.2179308e+00  -1.0322513e+00
  -1.2161419e+00  -9.9696283e-01
  -1.5299510e+00  -7.5448142e-01
  -8.8384653e-01  -1.1005579e+00
  -1.4254837e+00  -7.9678334e-01
  -8.3930677e-01  -1.2989412e+00
  -9.4892906e-01  -9.7798232e-01
  -6.8011694e-01  -1.4506256e+00
  -1.1877328e+00  -9.0741688e-01
  -1.1877328e+00  -9.0741688e-01
  -1.2032028e+00  -1.2017879e+00
  -1.2358296e+00  -1.2683109e+00
  -7.5658761e-01  -1.2564775e+00
  -1.0162652e+00  -1.0358457e+00
  -1.1191131e+00  -8.8281259e-01
  -1.1191131e+00  -8.8281259e-01
  -9.5428057e-01  -9.6170958e-01
  -7.7529318e-01  -1.1323030e+00
  -8.2465016e-01  -1.4008247e+00
  -1.1584596e+00  -6.8754235e-01
  -1.0568634e+00  -8.1348227e-01
  -1.2667384e+00  -1.2538395e+00
  -1.2352007e+00  -1.1287831e+00
  -9.7239814e-01  -1.2902718e+00
  -9.7239814e-01  -1.2902718e+00
  -1.1428457e+00  -1.2871566e+00
  -1.1147675e+00  -9.9963399e-01
  -1.2948573e+00  -1.0731857e+00
  -1.1692081e+00  -1.0147243e+00
  -1.1692081e+00  -1.0147243e+00
  -1.1238840e+00  -9.2763835e-01
  -1.1642844e+00  -9.1755588e-01
  -1.1258763e+00  -8.2682238e-01
  -1.0944054e+00  -8.2775759e-01
  -9.5427383e-01  -1.2273425e+00
  -1.1501636e+00  -9.9583813e-01
  -7.0449335e-01  -2.0128415e+00
  -6.9582737e-01  -1.4188792e+00
  -1.5643670e+00  -1.0085942e+00
  -1.2457671e+00  -9.9065215e-01
  -9.5809595e-01  -1.0000101e+00
  -8.7920400e-01  -1.3700330e+00
  -8.7920400e-01  -1.3700330e+00
  -1.0830370e+00  -7.6366933e-01
  -1.1908677e+00  -1.0032608e+00
  -1.1908677e+00  -1.0032608e+00
  -9.4351835e-01  -1.2966598e+00
  -1.0892665e+00  -1.3641664e+00
  -8.6240459e-01  -1.4305609e+00
  -1.4692182e+00  -7.4655395e-01
  -1.2063613e+00  -9.2036966e-01
  -8.1821364e-01  -1.3070000e+00
  -8.1821364e-01  -1.3070000e+00
  -1.0887332e+00  -9.4338378e-01
  -1.4944962e+00  -7.5534843e-01
  -9.1079342e-01  -1.3170540e+00
  -2.1029416e+00  -5.5237061e-01
  -8.1534922e-01  -1.3375037e+00
  -8.5499882e-01  -1.8399264e+00
  -1.4253153e+00  -6.8408110e-01
  -1.4656135e+00  -8.8323941e-01
  -1.4656135e+00  -8.8323941e-01
  -9.4664812e-01  -1.0694499e+00
  -1.4257338e+00  -8.1078505e-01
  -1.3490012e+00  -7.0450365e-01
  -1.5800680e+00  -9.3079326e-01
  -1.5800680e+00  -9.3079326e-01
  -1.1676104e+00  -1.0013000e+00
  -1.2413731e+00  -1.0709265e+00
  -1.3518629e+00  -1.0056560e+00
  -1.0576775e+00  -8.9926869e-01
  -1.4064244e+00  -1.1221906e+00
  -9.7643887e-01  -1.1296299e+00
  -9.7643887e-01  -1.1296299e+00
  -9.7643887e-01  -1.1296299e+00
  -1.1348906e+00  -1.1438010e+00
  -1.0387116e+00  -1.0200938e+00
  -1.4640390e+00  -5.9907033e-01
  -1.5476799e+00  -8.4774676e-01
  -8.1565415e-01  -1.2077396e+00
  -8.1565415e-01  -1.2077396e+00
  -1.2597777e+00  -1.1161995e+00
  -1.6071888e+00  -7.4554160e-01
  -1.4494316e+00  -5.5993045e-01
  -9.2352429e-01  -1.5021046e+00
  -1.3168892e+00  -1.0126620e+00
  -1.3168892e+00  -1.0126620e+00
  -1.1362719e+00  -1.0160470e+00
  -1.1362719e+00  -1.0160470e+00
  -1.1362719e+00  -1.0160470e+00
  -8.7966037e-01  -1.4948499e+00
  -1.0628142e+00  -1.1104011e+00
  -1.2159917e+00  -8.8324707e-01
  -1.2159917e+00  -8.8324707e-01
  -6.8177972e-01  -1.5414075e+00
  -1.0717900e+00  -1.4017727e+00
  -1.0293818e+00  -9.6924183e-01
  -1.0293818e+00  -9.6924183e-01
  -1.5064173e+00  -8.1761225e-01
  -1.5064173e+00  -8.1761225e-01
  -1.0142998e+00  -1.3720018e+00
  -1.0574990e+00  -1.2964568e+00
  -9.2903056e-01  -1.6731669e+00
  -9.6389129e-01  -1.1719143e+00
  -1.2755253e+00  -1.0979414e+00
  -7.8037639e-01  -1.5441321e+00
  -1.2010540e+00  -9.2267191e-01
  -1.5372653e+00  -6.6140405e-01
  -8.5842707e-01  -1.7007052e+00
  -1.6663548e+00  -5.8641558e-01
  -9.3854660e-01  -1.2988818e+00
  -1.0908286e+00  -1.1321655e+00
  -1.0908286e+00  -1.1321655e+00
  -1.3894322e+00  -6.9434827e-01
  -2.1898440e+00  -5.5223942e-01
  -9.2940040e-01  -1.2657660e+00
  -9.2940040e-01  -1.2657660e+00
  -9.2940040e-01  -1.2657660e+00
  -1.4750065e+00  -9.4181201e-01
  -1.4750065e+00  -9.4181201e-01
  -1.1779536e+00  -1.0711156e+00
  -1.0226324e+00  -1.2423091e+00
  -1.2881390e+00  -1.0360249e+00
  -1.1980049e+00  -8.3872804e-01
  -1.1980049e+00  -8.3872804e-01
  -9.5299899e-01  -1.4845766e+00
  -9.5299899e-01  -1.4845766e+00
  -1.2175014e+00  -6.7302792e-01
  -1.4933033e+00  -9.7824823e-01
  -1.1430432e+00  -1.1274692e+00
  -1.1430432e+00  -1.1274692e+00
  -1.1430432e+00  -1.1274692e+00
  -1.1430432e+00  -1.1274692e+00
  -1.1430432e+00  -1.1274692e+00
  -1.1430432e+00  -1.1274692e+00
  -1.2305214e+00  -9.9204092e-01
  -1.6399287e+00  -7.2894764e-01
  -1.6399287e+00  -7.2894764e-01
  -8.1848807e-01  -1.1726643e+00
  -1.1218410e+00  -1.2519229e+00
  -7.9001162e-01  -1.1680038e+00
  -8.6307056e-01  -1.7213036e+00
  -1.3141205e+00  -9.0409655e-01
  -1.1581956e+00  -7.9631121e-01
  -1.3974942e+00  -1.0398180e+00
  -1.4271866e+00  -8.8790179e-01
  -9.7223961e-01  -1.2001741e+00
  -8.5849466e-01  -1.5581917e+00
  -8.5849466e-01  -1.5581917e+00
  -1.1669186e+00  -8.6456172e-01
  -1.2766737e+00  -9.3220401e-01
  -1.2766737e+00  -9.3220401e-01
  -1.2766737e+00  -9.3220401e-01
  -1.1851342e+00  -8.9231738e-01
  -7.9315266e-01  -9.5515320e-01
  -7.0655741e-01  -1.8266768e+00
  -7.0655741e-01  -1.8266768e+00
  -6.3320878e-01  -1.4029928e+00
  -1.1328114e+00  -1.0984609e+00
  -1.1328114e+00  -1.0984609e+00
  -1.6454247e+00  -7.1054480e-01
  -1.6454247e+00  -7.1054480e-01
  -1.4314747e+00  -1.0679924e+00
  -1.2793587e+00  -1.1194926e+00
  -1.2793587e+00  -1.1194926e+00
  -1.0284604e+00  -1.2843608e+00
  -1.3175381e+00  -1.1618328e+00
  -1.2848999e+00  -7.4535457e-01
  -1.2848999e+00  -7.4535457e-01
  -1.4943232e+00  -8.7290487e-01
  -1.2317878e+00  -9.7784259e-01
  -1.0071243e+00  -8.6014699e-01
  -1.1443958e+00  -8.6425963e-01
  -1.0826840e+00  -1.0368593e+00
  -1.1921383e+00  -9.6746890e-01
  -1.3488521e+00  -9.5406279e-01
  -1.3488521e+00  -9.5406279e-01
  -1.3488521e+00  -9.5406279e-01
  -1.3488521e+00  -9.5406279e-01
  -7.4828067e-01  -1.4264407e+00
  -1.5269890e+00  -8.6656429e-01
  -1.5269890e+00  -8.6656429e-01
  -1.1535881e+00  -7.5071709e-01
  -1.2700641e+00  -7.8924465e-01
  -1.3582498e+00  -7.7629208e-01
  -8.7995321e-01  -1.0247694e+00
  -1.0717667e+00  -1.2036525e+00
  -1.2293687e+00  -1.1266898e+00
  -7.6624942e-01  -1.6949944e+00
  -1.6993195e+00  -7.8394756e-01
  -9.6689344e-01  -1.4537569e+00
  -1.4411415e+00  -6.9695519e-01
  -1.7709394e+00  -7.8236119e-01
  -1.7709394e+00  -7.8236119e-01
  -1.7709394e+00  -7.8236119e-01
  -1.3550870e+00  -9.8267083e-01
  -1.0475039e+00  -8.4120520e-01
  -8.2973255e-01  -9.4306376e-01
  -8.4404147e-01  -1.2383764e+00
  -8.5819838e-01  -1.3266219e+00
  -8.5819838e-01  -1.3266219e+00
  -1.2860279e+00  -9.2167276e-01
  -1.8099003e+00  -8.8929789e-01
  -1.1709604e+00  -1.0671998e+00
  -9.1624941e-01  -1.1985355e+00
  -1.2739721e+00  -1.0080507e+00
  -1.2739721e+00  -1.0080507e+00
  -1.2026899e+00  -8.4329183e-01
  -1.3710385e+00  -9.6909415e-01
  -1.3710385e+00  -9.6909415e-01
  -1.3710385e+00  -9.6909415e-01
  -7.5208766e-01  -1.4326423e+00
  -1.2483950e+00  -1.2327406e+00
  -7.7487575e-01  -1.1321096e+00
  -1.0428329e+00  -1.0267102e+00
  -1.0428329e+00  -1.0267102e+00
  -1.0428329e+00  -1.0267102e+00
  -1.2158990e+00  -9.6405226e-01
  -1.1528357e+00  -8.2978075e-01
  -1.4476384e+00  -7.5523866e-01
  -1.2752883e+00  -1.0265520e+00
  -1.2752883e+00  -1.0265520e+00
  -9.7248738e-01  -1.0566587e+00
  -9.7248738e-01  -1.0566587e+00
  -8.5703611e-01  -8.7526159e-01
  -8.5703611e-01  -8.7526159e-01
  -8.8841398e-01  -1.1717463e+00
  -9.4380692e-01  -1.0571792e+00
  -9.4233212e-01  -8.7741276e-01
  -1.2225416e+00  -1.2740321e+00
  -7.9097217e-01  -1.5527387e+00
  -7.9097217e-01  -1.5527387e+00
  -1.1831919e+00  -1.1943435e+00
  -1.1831919e+00  -1.1943435e+00
  -9.4645731e-01  -1.2503166e+00
  -9.7832866e-01  -9.6784355e-01
  -1.1152693e+00  -8.9719536e-01
  -1.2015026e+00  -1.0213747e+00
  -1.2015026e+00  -1.0213747e+00
  -1.2015026e+00  -1.0213747e+00
  -1.2015026e+00  -1.0213747e+00
  -1.2015026e+00  -1.0213747e+00
  -1.2015026e+00  -1.0213747e+00
  -1.2015026e+00  -1.0213747e+00
  -1.0014622e+00  -8.2629773e-01
  -1.1452904e+00  -1.2246884e+00
  -7.1449918e-01  -1.1430155e+00
  -1.1984659e+00  -7.5420139e-01
  -1.0634030e+00  -9.8880844e-01
  -1.0634030e+00  -9.8880844e-01
  -1.1642026e+00  -8.7589029e-01
  -8.0408158e-01  -1.2384712e+00
  -8.0408158e-01  -1.2384712e+00
  -1.2025778e+00  -1.0084852e+00
  -1.5649197e+00  -8.6741518e-01
  -1.0042628e+00  -1.1267126e+00
  -1.1847948e+00  -1.0014936e+00
  -1.1847948e+00  -1.0014936e+00
  -1.4314873e+00  -7.3809651e-01
  -8.3096741e-01  -1.1852247e+00
  -8.3096741e-01  -1.1852247e+00
  -9.7804497e-01  -1.3015433e+00
  -1.7246820e+00  -7.0742087e-01
  -1.6886416e+00  -7.9236549e-01
  -1.6886416e+00  -7.9236549e-01
  -8.9716357e-01  -1.4990049e+00
  -1.0188344e+00  -1.3714076e+00
  -1.0350299e+00  -1.1660793e+00
  -1.1500077e+00  -1.0713216e+00
  -1.2505363e+00  -8.5339867e-01
  -1.2505363e+00  -8.5339867e-01
  -1.2505363e+00  -8.5339867e-01
  -8.5077411e-01  -1.4956213e+00
  -1.3836378e+00  -7.4199840e-01
  -1.0205614e+00  -9.0853710e-01
  -9.2132958e-01  -9.9410702e-01
  -1.0990756e+00  -8.9244092e-01
  -1.0990756e+00  -8.9244092e-01
  -1.0990756e+00  -8.9244092e-01
  -9.9910079e-01  -1.1487905e+00
  -9.9910079e-01  -1.1487905e+00
  -9.0496009e-01  -9.5402600e-01
  -9.0496009e-01  -9.5402600e-01
  -1.2277052e+00  -8.5468535e-01
  -1.7796712e+00  -7.0734739e-01
  -9.6089559e-01  -1.0732295e+00
  -9.6089559e-01  -1.0732295e+00
  -1.4610710e+00  -8.7245323e-01
  -9.6643657e-01  -1.3225486e+00
  -1.0227000e+00  -8.7249535e-01
  -1.2823560e+00  -1.0422952e+00
  -1.0212145e+00  -1.3243550e+00
  -1.6560081e+00  -8.2745778e-01
  -1.3133743e+00  -8.5194697e-01
  -1.5349369e+00  -6.5063013e-01
  -1.2436718e+00  -1.3024310e+00
  -1.1431179e+00  -1.2595454e+00
  -9.5475039e-01  -1.1632734e+00
  -1.2909354e+00  -1.1021455e+00
  -1.0679269e+00  -1.3290349e+00
  -1.0765706e+00  -9.9375355e-01
  -1.1213672e+00  -9.7144466e-01
  -1.5833508e+00  -8.0397098e-01
  -1.5833508e+00  -8.0397098e-01
  -1.5833508e+00  -8.0397098e-01
  -1.6959882e+00  -9.6294026e-01
  -6.4575100e-01  -1.5285754e+00
  -1.7504801e+00  -9.5958087e-01
  -1.4503039e+00  -6.0964967e-01
  -7.7305491e-01  -1.1717627e+00
  -1.0822045e+00  -1.0376387e+00
  -1.0822045e+00  -1.0376387e+00
  -1.3047877e+00  -1.2641561e+00
  -8.0939211e-01  -1.6031288e+00
  -1.3502208e+00  -1.1197403e+00
  -1.3502208e+00  -1.1197403e+00
  -1.1797350e+00  -8.5106733e-01
  -1.1797350e+00  -8.5106733e-01
  -1.1797350e+00  -8.5106733e-01
  -1.4307846e+00  -7.3553702e-01
  -1.4307846e+00  -7.3553702e-01
  -8.0155875e-01  -1.5585106e+00
  -1.0413338e+00  -9.3989718e-01
  -1.1619790e+00  -1.2424433e+00
  -1.2962689e+00  -1.0045940e+00
  -1.4171417e+00  -7.4208981e-01
  -1.3624757e+00  -7.9239658e-01
  -1.0091832e+00  -1.4784040e+00
  -1.7260179e+00  -8.9070016e-01
  -7.3023759e-01  -1.5462852e+00
  -1.1213166e+00  -7.4580591e-01
  -1.6484318e+00  -9.5592428e-01
  -1.9161790e+00  -6.4541228e-01
  -1.5676011e+00  -9.1110936e-01
  -1.5676011e+00  -9.1110936e-01
  -9.5477925e-01  -1.3591958e+00
  -9.9606802e-01  -1.3651563e+00
  -1.1168122e+00  -1.0700890e+00
  -1.1168122e+00  -1.0700890e+00
  -1.0939818e+00  -8.1375534e-01
  -1.0960487e+00  -1.1165924e+00
  -1.2009906e+00  -1.0065279e+00
  -1.2009906e+00  -1.0065279e+00
  -1.2009906e+00  -1.0065279e+00
  -9.6441671e-01  -1.5235658e+00
  -9.7980615e-01  -1.0191241e+00
  -1.6348543e+00  -8.8049964e-01
  -8.3374797e-01  -1.2572124e+00
  -8.3374797e-01  -1.2572124e+00
  -8.3374797e-01  -1.2572124e+00
  -8.3374797e-01  -1.2572124e+00
  -1.1050250e+00  -1.3472090e+00
  -1.3363093e+00  -9.3000843e-01
  -1.3363093e+00  -9.3000843e-01
  -1.3363093e+00  -9.3000843e-01
  -8.0428386e-01  -1.4614662e+00
  -1.0207424e+00  -1.1351297e+00
  -1.0388615e+00  -1.2045823e+00
  -1.6040863e+00  -5.3383056e-01
  -1.3016377e+00  -1.1183189e+00
  -1.3295467e+00  -1.0413135e+00
  -8.8208596e-01  -1.3328679e+00
  -1.8638090e+00  -7.0791430e-01
  -1.9792001e+00  -6.3568143e-01
  -1.1773596e+00  -9.8041013e-01
  -9.2213473e-01  -9.3592321e-01
  -1.2177709e+00  -6.5229707e-01
  -1.9281044e+00  -8.1749895e-01
  -1.9281044e+00  -8.1749895e-01
  -1.0513401e+00  -1.1099696e+00
  -1.0513401e+00  -1.1099696e+00
  -1.0513401e+00  -1.1099696e+00
  -1.4493177e+00  -8.7044639e-01
  -1.4237789e+00  -7.3652703e-01
  -9.4380880e-01  -1.3026071e+00
  -9.4380880e-01  -1.3026071e+00
  -9.4380880e-01  -1.3026071e+00
  -9.4380880e-01  -1.3026071e+00
  -9.4380880e-01  -1.3026071e+00
  -9.4380880e-01  -1.3026071e+00
  -9.4380880e-01  -1.3026071e+00
  -9.7353812e-01  -8.1629379e-01
  -9.7353812e-01  -8.1629379e-01
  -3.3219058e+00  -6.2557284e-01
  -9.6684380e-01  -1.4750551e+00
  -9.6684380e-01  -1.4750551e+00
  -9.6684380e-01  -1.4750551e+00
  -9.6684380e-01  -1.4750551e+00
  -8.8471670e-01  -1.9249996e+00
  -6.3662701e-01  -1.6323701e+00
  -9.8222035e-01  -1.1383510e+00
  -1.6576129e+00  -8.5867682e-01
  -1.2029154e+00  -9.6938271e-01
  -1.2029154e+00  -9.6938271e-01
  -1.2029154e+00  -9.6938271e-01
  -6.4992422e-01  -1.5950285e+00
  -2.3655533e+00  -7.0618589e-01
  -6.7639524e-01  -1.5356027e+00
  -6.7639524e-01  -1.5356027e+00
  -9.5992554e-01  -1.4460681e+00
  -1.2912299e+00  -7.8756117e-01
  -1.2912299e+00  -7.8756117e-01
  -8.6899058e-01  -1.3830248e+00
  -8.6899058e-01  -1.3830248e+00
  -8.6899058e-01  -1.3830248e+00
  -1.4724364e+00  -7.1318585e-01
  -1.4724364e+00  -7.1318585e-01
  -1.4724364e+00  -7.1318585e-01
  -6.8407624e-01  -1.5256123e+00
  -1.3185731e+00  -1.0400218e+00
  -1.9893953e+00  -7.2599830e-01
  -1.6153432e+00  -9.6125728e-01
  -7.1389767e-01  -1.7603762e+00
  -1.3125496e+00  -8.5580949e-01
  -1.1631787e+00  -1.1419992e+00
  -9.3932928e-01  -1.3285371e+00
  -9.3932928e-01  -1.3285371e+00
  -8.5470547e-01  -1.1175779e+00
  -8.5470547e-01  -1.1175779e+00
  -1.8192676e+00  -6.3817132e-01
  -1.5941109e+00  -9.4465983e-01
  -1.1384374e+00  -9.2232970e-01
  -1.1384374e+00  -9.2232970e-01
  -1.1344477e+00  -1.0804551e+00
  -1.0112195e+00  -1.0037297e+00
  -1.0112195e+00  -1.0037297e+00
  -1.1027358e+00  -9.3885920e-01
  -1.1672106e+00  -9.3730832e-01
  -1.1672106e+00  -9.3730832e-01
  -1.1672106e+00  -9.3730832e-01
  -9.7852227e-01  -9.1928469e-01
  -1.8658395e+00  -5.8051433e-01
  -1.0604269e+00  -1.6373582e+00
  -1.7685496e+00  -8.4085656e-01
  -8.6241168e-01  -1.2168652e+00
  -1.1533703e+00  -8.6527556e-01
  -1.1533703e+00  -8.6527556e-01
  -1.1533703e+00  -8.6527556e-01
  -1.1533703e+00  -8.6527556e-01
  -1.0003784e+00  -7.1403429e-01
  -8.9368890e-01  -1.1160480e+00
  -8.9368890e-01  -1.1160480e+00
  -1.0337280e+00  -1.2080380e+00
  -1.0337280e+00  -1.2080380e+00
  -1.0337280e+00  -1.2080380e+00
  -1.0337280e+00  -1.2080380e+00
  -1.2953756e+00  -8.1374020e-01
  -9.9670388e-01  -1.2253271e+00
  -1.0738923e+00  -1.0185273e+00
  -1.0738923e+00  -1.0185273e+00
  -8.1149404e-01  -1.5517409e+00
  -1.0027169e+00  -1.1411884e+00
  -7.9134289e-01  -1.0955020e+00
  -7.9134289e-01  -1.0955020e+00
  -1.6573186e+00  -8.0562852e-01
  -1.6573186e+00  -8.0562852e-01
  -1.6573186e+00  -8.0562852e-01
  -1.7498115e+00  -1.0612889e+00
  -1.4133095e+00  -7.7859686e-01
  -1.4133095e+00  -7.7859686e-01
  -1.2061243e+00  -1.1967873e+00
  -1.2061243e+00  -1.1967873e+00
  -1.7612573e+00  -8.0367388e-01
  -1.4447875e+00  -7.9439227e-01
  -8.4960078e-01  -1.1801085e+00
  -8.1522777e-01  -1.6784375e+00
  -8.3721210e-01  -1.3877460e+00
  -1.1746132e+00  -1.0104619e+00
  -1.1746132e+00  -1.0104619e+00
  -1.3618598e+00  -8.2788271e-01
  -1.1513147e+00  -1.0272297e+00
  -1.1513147e+00  -1.0272297e+00
  -1.1513147e+00  -1.0272297e+00
  -1.1513147e+00  -1.0272297e+00
  -9.0165117e-01  -1.0791845e+00
  -9.0165117e-01  -1.0791845e+00
  -9.0165117e-01  -1.0791845e+00
  -2.0891148e+00  -6.0433480e-01
  -1.0015025e+00  -1.1585525e+00
  -1.4536843e+00  -8.9282788e-01
  -1.1699529e+00  -1.0420731e+00
  -1.0363188e+00  -1.0854517e+00
  -8.4234362e-01  -1.1414748e+00
  -1.6534936e+00  -7.3655342e-01
  -7.5912112e-01  -1.2481607e+00
  -7.1603811e-01  -1.1589279e+00
  -9.3653194e-01  -1.3058431e+00
  -1.3812271e+00  -8.6753221e-01
  -1.4416143e+00  -8.3588569e-01
  -1.4416143e+00  -8.3588569e-01
  -1.2925717e+00  -9.4718497e-01
  -1.1297378e+00  -1.1294241e+00
  -1.1215524e+00  -8.0632619e-01
  -8.7754082e-01  -1.6283951e+00
  -9.5976255e-01  -1.4991042e+00
  -9.5976255e-01  -1.4991042e+00
  -9.5976255e-01  -1.4991042e+00
  -8.5021524e-01  -1.4639292e+00
  -1.1963636e+00  -8.5293883e-01
  -7.5045725e-01  -1.3210697e+00
  -1.1701828e+00  -1.0359910e+00
  -1.4133234e+00  -9.9861567e-01
  -1.2084753e+00  -8.9454539e-01
  -9.7372765e-01  -1.0063253e+00
  -1.0501919e+00  -1.1178046e+00
  -1.0501919e+00  -1.1178046e+00
  -1.1951935e+00  -1.0546749e+00
  -1.1951935e+00  -1.0546749e+00
  -1.1322686e+00  -1.1523128e+00
  -1.0308189e+00  -1.2735380e+00
  -1.2913059e+00  -6.4677117e-01
  -1.4666883e+00  -7.5928191e-01
  -1.4666883e+00  -7.5928191e-01
  -9.4571259e-01  -1.3374251e+00
  -1.2618306e+00  -9.9231785e-01
  -1.2691388e+00  -9.9942506e-01
  -1.1428881e+00  -1.1891932e+00
  -1.1428881e+00  -1.1891932e+00
  -8.6640518e-01  -1.3113410e+00
  -1.0223032e+00  -1.2442997e+00
  -1.1263822e+00  -1.0121880e+00
  -9.1009109e-01  -9.6000464e-01
  -9.1009109e-01  -9.6000464e-01
  -1.7171058e+00  -8.6250987e-01
  -9.6583941e-01  -1.2959731e+00
  -1.2307224e+00  -1.1493212e+00
  -1.2307224e+00  -1.1493212e+00
  -1.2307224e+00  -1.1493212e+00
  -9.5905451e-01  -1.2775235e+00
  -1.1443415e+00  -1.3086278e+00
  -1.4501525e+00  -1.0995085e+00
  -1.4557354e+00  -9.4021604e-01
  -1.4033819e+00  -8.2082787e-01
  -1.2057772e+00  -9.9628835e-01
  -1.2057772e+00  -9.9628835e-01
  -1.4841552e+00  -8.8787539e-01
  -1.4841552e+00  -8.8787539e-01
  -1.0985281e+00  -1.1309074e+00
  -7.2578265e-01  -1.3822802e+00
  -1.4828013e+00  -1.0689237e+00
  -1.0169488e+00  -9.7030634e-01
  -8.0532025e-01  -1.5157338e+00
  -6.6476435e-01  -1.5775925e+00
  -1.0474071e+00  -1.2520197e+00
  -1.6732957e+00  -8.5550623e-01
  -1.4282479e+00  -7.9657632e-01
  -1.1223204e+00  -7.9301403e-01
  -1.6601789e+00  -8.9198291e-01
  -9.9895445e-01  -1.3313368e+00
  -9.5085222e-01  -9.3088677e-01
  -1.2811931e+00  -1.0373716e+00
  -1.1137526e+00  -1.1320080e+00
  -1.0747359e+00  -9.8634897e-01
  -1.0747359e+00  -9.8634897e-01
  -1.0747359e+00  -9.8634897e-01
  -1.2437111e+00  -1.1112399e+00
  -8.7129075e-01  -1.2983545e+00
  -8.7129075e-01  -1.2983545e+00
  -9.2537992e-01  -1.3305070e+00
  -9.2537992e-01  -1.3305070e+00
  -1.4813244e+00  -8.1990932e-01
  -9.3693812e-01  -8.6595291e-01
  -9.4258311e-01  -1.5184826e+00
  -7.6110349e-01  -1.4558839e+00
  -7.6110349e-01  -1.4558839e+00
  -9.7981871e-01  -1.0451044e+00
  -1.1305533e+00  -9.3518582e-01
  -1.1305533e+00  -9.3518582e-01
  -1.4636130e+00  -9.0296803e-01
  -9.8372932e-01  -1.3226957e+00
  -9.8372932e-01  -1.3226957e+00
  -1.1947012e+00  -7.2856063e-01
  -1.4128964e+00  -1.1613491e+00
  -1.6525574e+00  -5.9584280e-01
  -1.4989581e+00  -9.4749911e-01
  -1.4989581e+00  -9.4749911e-01
  -9.6524274e-01  -1.3312510e+00
  -7.1078488e-01  -1.3096372e+00
  -8.5416301e-01  -9.3551701e-01
  -1.2632967e+00  -7.6946421e-01
  -1.2919047e+00  -9.8146386e-01
  -1.2919047e+00  -9.8146386e-01
  -1.0406083e+00  -1.2406103e+00
  -9.2510378e-01  -1.2609411e+00
  -1.0087262e+00  -9.3200454e-01
  -8.0465373e-01  -9.4920485e-01
  -1.2424267e+00  -1.2049879e+00
  -1.2598983e+00  -7.5823013e-01
  -1.2260302e+00  -1.1161802e+00
  -1.2260302e+00  -1.1161802e+00
  -1.8104850e+00  -8.8449990e-01
  -1.8104850e+00  -8.8449990e-01
  -8.4569098e-01  -1.1607215e+00
  -8.4569098e-01  -1.1607215e+00
  -8.4569098e-01  -1.1607215e+00
  -1.6132557e+00  -7.7572591e-01
  -1.8554104e+00  -7.7411904e-01
  -1.8554104e+00  -7.7411904e-01
  -1.8554104e+00  -7.7411904e-01
  -1.8554104e+00  -7.7411904e-01
  -9.5502925e-01  -1.2804971e+00
  -9.5502925e-01  -1.2804971e+00
  -9.5502925e-01  -1.2804971e+00
  -9.5502925e-01  -1.2804971e+00
  -9.5502925e-01  -1.2804971e+00
  -1.1600185e+00  -1.0201688e+00
  -1.0113158e+00  -1.1413364e+00
  -1.2808402e+00  -1.1385383e+00
  -1.7962948e+00  -5.8838048e-01
  -1.7962948e+00  -5.8838048e-01
  -1.7962948e+00  -5.8838048e-01
  -1.7962948e+00  -5.8838048e-01
  -7.2409509e-01  -1.2098753e+00
  -1.6724354e+00  -7.6482038e-01
  -1.6724354e+00  -7.6482038e-01
  -1.6724354e+00  -7.6482038e-01
  -1.4717765e+00  -9.7923603e-01
  -1.4717765e+00  -9.7923603e-01
  -1.2453410e+00  -9.9661464e-01
  -1.0245352e+00  -1.1198886e+00
  -1.1590325e+00  -9.2498559e-01
  -1.1590325e+00  -9.2498559e-01
  -1.1590325e+00  -9.2498559e-01
  -1.3041585e+00  -1.1753068e+00
  -8.5683564e-01  -1.2913548e+00
  -8.5683564e-01  -1.2913548e+00
  -8.5683564e-01  -1.2913548e+00
  -8.5683564e-01  -1.2913548e+00
  -8.5683564e-01  -1.2913548e+00
  -8.5683564e-01  -1.2913548e+00
  -9.8889942e-01  -1.0568555e+00
  -9.5192001e-01  -1.2908494e+00
  -1.4054819e+00  -6.5272745e-01
  -1.4054819e+00  -6.5272745e-01
  -9.8012194e-01  -1.3017851e+00
  -1.0070886e+00  -9.5145707e-01
  -1.4068290e+00  -9.9858163e-01
  -1.0077637e+00  -1.3325065e+00
  -1.0077637e+00  -1.3325065e+00
  -9.4412526e-01  -1.0084023e+00
  -7.9896138e-01  -1.2819436e+00
  -1.2748248e+00  -9.2866590e-01
  -1.2748248e+00  -9.2866590e-01
  -1.3780165e+00  -9.3831338e-01
  -1.0865475e+00  -9.3393304e-01
  -1.1011889e+00  -8.4057726e-01
  -1.2405396e+00  -8.9559067e-01
  -1.0287057e+00  -1.2333778e+00
  -1.0137604e+00  -1.3612212e+00
  -8.0289582e-01  -1.1854760e+00
  -1.3357838e+00  -9.4457061e-01
  -1.3357838e+00  -9.4457061e-01
  -1.3075251e+00  -1.0697271e+00
  -9.2714018e-01  -1.4014560e+00
  -1.0570577e+00  -1.4100274e+00
  -9.7174658e-01  -1.0241593e+00
  -9.7174658e-01  -1.0241593e+00
  -1.0181225e+00  -1.3494988e+00
