  -1.0878333e+00  -1.1106607e+00
  -1.3457108e+00  -8.7301586e-01
  -8.7557944e-01  -8.8297099e-01
  -8.9823210e-01  -1.0180210e+00
  -1.3221191e+00  -9.6420376e-01
  -1.3221191e+00  -9.6420376e-01
  -8.8894354e-01  -1.0770117e+00
  -1.1449070e+00  -9.0177655e-01
  -9.6657253e-01  -1.3214623e+00
  -9.6657253e-01  -1.3214623e+00
  -1.3078010e+00  -6.8250023e-01
  -7.3460190e-01  -1.3392144e+00
  -1.3559259e+00  -9.8755852e-01
  -1.3559259e+00  -9.8755852e-01
  -1.3559259e+00  -9.8755852e-01
  -9.3072242e-01  -1.1687973e+00
  -9.3072242e-01  -1.1687973e+00
  -1.1218049e+00  -1.1495333e+00
  -1.0205862e+00  -1.0228111e+00
  -1.2966173e+00  -9.3117678e-01
  -1.4411336e+00  -8.4162751e-01
  -1.2717882e+00  -7.9911095e-01
  -1.2717882e+00  -7.9911095e-01
  -1.1269228e+00  -9.2606790e-01
  -1.1585513e+00  -1.1184024e+00
  -1.4189428e+00  -1.0076980e+00
  -1.4348078e+00  -7.5956396e-01
  -9.7282753e-01  -1.1300640e+00
  -9.7282753e-01  -1.1300640e+00
  -9.9645891e-01  -1.0284846e+00
  -6.9301604e-01  -1.6236980e+00
  -9.5554850e-01  -1.4619999e+00
  -9.5554850e-01  -1.4619999e+00
  -1.0430237e+00  -9.8116355e-01
  -1.2877833e+00  -9.1111504e-01
  -1.3933981e+00  -8.5117705e-01
  -8.9160805e-01  -1.1555073e+00
  -9.9948706e-01  -9.9055470e-01
  -9.9948706e-01  -9.9055470e-01
  -1.2493412e+00  -1.0290203e+00
  -1.2493412e+00  -1.0290203e+00
  -1.2493412e+00  -1.0290203e+00
  -1.0969649e+00  -1.3456072e+00
  -1.1322152e+00  -1.0071912e+00
  -8.2726647e-01  -1.1780023e+00
  -1.2370578e+00  -9.9483125e-01
  -1.2370578e+00  -9.9483125e-01
  -1.0380267e+00  -1.1863061e+00
  -1.5129239e+00  -8.3118781e-01
  -1.3410861e+00  -1.0759344e+00
  -7.3019367e-01  -1.9933575e+00
  -9.4402579e-01  -1.2001466e+00
  -9.0977166e-01  -1.3795607e+00
  -1.3455961e+00  -8.4528732e-01
  -1.2273017e+00  -8.4946010e-01
  -1.0807330e+00  -1.1001520e+00
  -7.9940153e-01  -1.0972568e+00
  -1.0506043e+00  -1.1852984e+00
  -1.2320270e+00  -7.3462533e-01
  -1.0784605e+00  -1.1958236e+00
  -1.4292605e+00  -7.6564385e-01
  -1.2572108e+00  -8.9345196e-01
  -1.2572108e+00  -8.9345196e-01
  -1.1928773e+00  -7.6498507e-01
  -9.6770036e-01  -1.2911465e+00
  -9.6770036e-01  -1.2911465e+00
  -1.1117123e+00  -1.2153424e+00
  -1.4850817e+00  -6.9775942e-01
  -2.1236980e+00  -5.7597609e-01
  -1.2165270e+00  -1.1232068e+00
  -1.0223453e+00  -1.1430464e+00
  -1.0223453e+00  -1.1430464e+00
  -1.0223453e+00  -1.1430464e+00
  -1.0124517e+00  -9.5055318e-01
  -1.2280266e+00  -7.6877101e-01
  -1.3558141e+00  -7.9466659e-01
  -1.3558141e+00  -7.9466659e-01
  -1.3558141e+00  -7.9466659e-01
  -1.3558141e+00  -7.9466659e-01
  -9.9290669e-01  -9.8254915e-01
  -9.9290669e-01  -9.8254915e-01
  -9.9290669e-01  -9.8254915e-01
  -1.1998349e+00  -1.0980909e+00
  -1.0964134e+00  -1.0686914e+00
  -1.0964134e+00  -1.0686914e+00
  -1.2290334e+00  -1.0340157e+00
  -1.1562148e+00  -9.3705597e-01
  -1.1562148e+00  -9.3705597e-01
  -1.1562148e+00  -9.3705597e-01
  -1.1562148e+00  -9.3705597e-01
  -1.1562148e+00  -9.3705597e-01
  -9.5130487e-01  -1.2593845e+00
  -9.5130487e-01  -1.2593845e+00
  -8.4327471e-01  -1.1247731e+00
  -9.0630848e-01  -1.1473773e+00
  -9.0630848e-01  -1.1473773e+00
  -1.3289539e+00  -8.1067192e-01
  -1.3289539e+00  -8.1067192e-01
  -1.3289539e+00  -8.1067192e-01
  -1.1316514e+00  -1.2599754e+00
  -1.0624831e+00  -1.1033101e+00
  -1.0624831e+00  -1.1033101e+00
  -9.4709871e-01  -1.2495702e+00
  -9.4709871e-01  -1.2495702e+00
  -9.4709871e-01  -1.2495702e+00
  -1.5078323e+00  -9.9443569e-01
  -1.4492367e+00  -7.0504212e-01
  -9.6308800e-01  -8.6717017e-01
  -8.6467716e-01  -1.5452804e+00
  -1.0762086e+00  -8.4723422e-01
  -8.7684547e-01  -1.0455606e+00
  -1.0379889e+00  -1.0453735e+00
  -8.3512563e-01  -1.4397392e+00
  -7.0182498e-01  -1.2840678e+00
  -1.0917628e+00  -1.1378468e+00
  -1.0917628e+00  -1.1378468e+00
  -1.0677654e+00  -1.0705595e+00
  -1.2826191e+00  -7.4516249e-01
  -1.5177620e+00  -9.8603475e-01
  -9.4324962e-01  -1.4673412e+00
  -1.0018676e+00  -1.6166134e+00
  -1.3441248e+00  -1.1225768e+00
  -1.2330920e+00  -8.3650332e-01
  -1.1394390e+00  -1.0348168e+00
  -1.1394390e+00  -1.0348168e+00
  -1.1394390e+00  -1.0348168e+00
  -1.1394390e+00  -1.0348168e+00
  -1.0864302e+00  -1.1268192e+00
  -1.5301659e+00  -8.5626029e-01
  -1.1530434e+00  -9.7861525e-01
  -1.7348646e+00  -9.0481513e-01
  -1.5094182e+00  -9.8496790e-01
  -1.5094182e+00  -9.8496790e-01
  -8.1782857e-01  -1.1272770e+00
  -1.3969012e+00  -8.8371168e-01
  -8.0298931e-01  -1.5306949e+00
  -9.7580919e-01  -1.2442350e+00
  -9.7580919e-01  -1.2442350e+00
  -8.7516420e-01  -1.2184685e+00
  -1.0835549e+00  -1.0988310e+00
  -1.0835549e+00  -1.0988310e+00
  -1.0835549e+00  -1.0988310e+00
  -1.0835549e+00  -1.0988310e+00
  -1.0835549e+00  -1.0988310e+00
  -1.0207585e+00  -1.2130531e+00
  -1.0780726e+00  -9.7185298e-01
  -1.0780726e+00  -9.7185298e-01
  -1.0780726e+00  -9.7185298e-01
  -1.0780726e+00  -9.7185298e-01
  -1.0780726e+00  -9.7185298e-01
  -1.1929060e+00  -1.0572812e+00
  -1.0740809e+00  -1.0748575e+00
  -9.4229071e-01  -1.0903919e+00
  -9.4229071e-01  -1.0903919e+00
  -7.4226507e-01  -9.8550656e-01
  -9.1148895e-01  -1.1679681e+00
  -9.2511052e-01  -1.4007596e+00
  -9.2511052e-01  -1.4007596e+00
  -9.2511052e-01  -1.4007596e+00
  -8.8711034e-01  -1.1090182e+00
  -7.9708674e-01  -1.5943240e+00
  -1.0745309e+00  -9.4194159e-01
  -8.7238723e-01  -1.6841581e+00
  -1.3554612e+00  -8.7239070e-01
  -1.3554612e+00  -8.7239070e-01
  -1.2163671e+00  -7.7201785e-01
  -1.4213215e+00  -7.8829655e-01
  -9.6166733e-01  -1.3294023e+00
  -1.3041414e+00  -9.5627738e-01
  -1.3041414e+00  -9.5627738e-01
  -1.3041414e+00  -9.5627738e-01
  -1.0130116e+00  -1.4530391e+00
  -1.1922960e+00  -9.4851635e-01
  -1.4644344e+00  -8.2239862e-01
  -9.0095361e-01  -1.2645263e+00
  -5.4615353e-01  -1.4336492e+00
  -1.3479792e+00  -9.0118663e-01
  -1.3479792e+00  -9.0118663e-01
  -1.2459035e+00  -1.1582832e+00
  -1.2459035e+00  -1.1582832e+00
  -1.4352174e+00  -9.2918566e-01
  -8.8040932e-01  -1.0691441e+00
  -1.0059610e+00  -1.4726254e+00
  -1.0059610e+00  -1.4726254e+00
  -1.1179223e+00  -8.6887100e-01
  -1.2412573e+00  -1.1883181e+00
  -8.4453913e-01  -1.5724455e+00
  -9.5047422e-01  -8.6413737e-01
  -1.1521625e+00  -1.1346980e+00
  -1.2803794e+00  -8.9384368e-01
  -8.4019605e-01  -1.1198192e+00
  -1.3885849e+00  -7.0903252e-01
  -8.8411846e-01  -1.2904214e+00
  -1.3062521e+00  -6.8873679e-01
  -9.8138870e-01  -9.4172608e-01
  -1.1746865e+00  -9.6905166e-01
  -2.0279715e+00  -5.5705415e-01
  -7.0416635e-01  -1.1766710e+00
  -8.2315352e-01  -1.6523568e+00
  -1.1538917e+00  -1.3493928e+00
  -1.0223025e+00  -9.0843707e-01
  -1.7853561e+00  -7.0758045e-01
  -1.1068219e+00  -9.6088265e-01
  -1.1068219e+00  -9.6088265e-01
  -8.8336671e-01  -9.3125302e-01
  -8.8336671e-01  -9.3125302e-01
  -1.6696894e+00  -6.3909482e-01
  -1.0675368e+00  -1.1386684e+00
  -1.0077221e+00  -1.0137852e+00
  -1.0455569e+00  -1.1426666e+00
  -1.2625406e+00  -7.7268866e-01
  -1.2625406e+00  -7.7268866e-01
  -1.6506508e+00  -6.6028595e-01
  -1.2498428e+00  -8.2600199e-01
  -1.1123250e+00  -1.0144407e+00
  -1.3241754e+00  -1.0720430e+00
  -1.0219499e+00  -1.0610425e+00
  -1.0219499e+00  -1.0610425e+00
  -1.0219499e+00  -1.0610425e+00
  -1.2094219e+00  -9.0169283e-01
  -9.9614746e-01  -1.1706666e+00
  -9.9614746e-01  -1.1706666e+00
  -9.9614746e-01  -1.1706666e+00
  -1.1247768e+00  -1.0236573e+00
  -1.1247768e+00  -1.0236573e+00
  -1.1494444e+00  -9.2868181e-01
  -1.1494444e+00  -9.2868181e-01
  -1.0680302e+00  -7.8962984e-01
  -1.0680302e+00  -7.8962984e-01
  -9.7001180e-01  -1.4366457e+00
  -8.2294938e-01  -1.2213034e+00
  -8.6161783e-01  -9.6646967e-01
  -1.0501489e+00  -1.1680489e+00
  -7.6436676e-01  -1.3632891e+00
  -1.1615632e+00  -1.2788193e+00
  -1.1812340e+00  -9.8254719e-01
  -9.6831395e-01  -1.0782700e+00
  -8.7788522e-01  -1.3437717e+00
  -1.2279887e+00  -1.0320788e+00
  -8.0808893e-01  -1.1371083e+00
  -1.0065455e+00  -1.1527709e+00
  -1.5930877e+00  -8.0628185e-01
  -9.9631578e-01  -9.4660411e-01
  -1.3994922e+00  -8.0101822e-01
  -1.3994922e+00  -8.0101822e-01
  -1.0205190e+00  -9.5439333e-01
  -1.0205190e+00  -9.5439333e-01
  -1.0205190e+00  -9.5439333e-01
  -1.2737915e+00  -1.0054344e+00
  -1.2737915e+00  -1.0054344e+00
  -9.2479174e-01  -1.2242172e+00
  -9.3556039e-01  -7.9043838e-01
  -1.1383884e+00  -9.6382520e-01
  -1.3106161e+00  -9.2643803e-01
  -1.2639126e+00  -6.9121025e-01
  -1.2653704e+00  -1.1882593e+00
  -7.5021100e-01  -1.5070652e+00
  -7.5021100e-01  -1.5070652e+00
  -1.1915197e+00  -9.7747684e-01
  -1.1915197e+00  -9.7747684e-01
  -1.1882959e+00  -9.3999161e-01
  -1.1882959e+00  -9.3999161e-01
  -9.0481936e-01  -1.2491158e+00
  -9.0481936e-01  -1.2491158e+00
  -1.3772707e+00  -1.0727736e+00
  -9.3493726e-01  -1.2665317e+00
  -9.8156027e-01  -1.0378627e+00
  -9.9153686e-01  -1.3469702e+00
  -1.3278766e+00  -1.0158214e+00
  -8.9501230e-01  -1.3538371e+00
  -1.3972380e+00  -9.4925264e-01
  -1.3972380e+00  -9.4925264e-01
  -1.5947961e+00  -8.5390566e-01
  -1.0801591e+00  -1.3066756e+00
  -1.8010769e+00  -7.5708884e-01
  -1.1202029e+00  -1.2669234e+00
  -1.0699237e+00  -9.2046837e-01
  -7.8833017e-01  -1.2871901e+00
  -9.1292563e-01  -1.4616273e+00
  -1.1995599e+00  -1.2741675e+00
  -1.3506209e+00  -7.2163865e-01
  -1.4498281e+00  -7.1433412e-01
  -8.4237638e-01  -1.2717650e+00
  -1.0685537e+00  -9.2531888e-01
  -1.3626700e+00  -9.2067838e-01
  -8.8423217e-01  -1.2571074e+00
  -8.2560671e-01  -1.2359012e+00
  -1.6546362e+00  -7.6667121e-01
  -8.3437476e-01  -1.1096324e+00
  -8.3437476e-01  -1.1096324e+00
  -8.3437476e-01  -1.1096324e+00
  -1.4691807e+00  -8.0864391e-01
  -1.4691807e+00  -8.0864391e-01
  -1.7417362e+00  -6.3079138e-01
  -1.7417362e+00  -6.3079138e-01
  -9.8127933e-01  -9.8669091e-01
  -1.2050573e+00  -9.7771709e-01
  -1.2050573e+00  -9.7771709e-01
  -1.2050573e+00  -9.7771709e-01
  -1.2050573e+00  -9.7771709e-01
  -1.2050573e+00  -9.7771709e-01
  -2.0897000e+00  -7.3621970e-01
  -1.2037311e+00  -7.9294033e-01
  -1.6567137e+00  -8.2809277e-01
  -1.6567137e+00  -8.2809277e-01
  -1.0074828e+00  -1.3257224e+00
  -1.1989229e+00  -9.6691252e-01
  -1.5190802e+00  -9.5446462e-01
  -7.0791817e-01  -1.1555720e+00
  -1.1453436e+00  -9.3869402e-01
  -1.1973593e+00  -1.0249501e+00
  -8.9246877e-01  -1.1292029e+00
  -8.9246877e-01  -1.1292029e+00
  -8.9246877e-01  -1.1292029e+00
  -8.9246877e-01  -1.1292029e+00
  -8.3234891e-01  -1.5081410e+00
  -8.3234891e-01  -1.5081410e+00
  -1.0741913e+00  -1.1648951e+00
  -1.2388483e+00  -9.9382500e-01
  -1.4127360e+00  -7.1466869e-01
  -8.2116907e-01  -1.8088946e+00
  -9.8762132e-01  -1.5957165e+00
  -9.8762132e-01  -1.5957165e+00
  -1.0389971e+00  -1.2059730e+00
  -1.0389971e+00  -1.2059730e+00
  -9.2445722e-01  -1.5748188e+00
  -1.4853481e+00  -7.9377090e-01
  -1.5794235e+00  -8.9699900e-01
  -1.1080898e+00  -7.6512854e-01
  -7.7189133e-01  -1.4461193e+00
  -1.0524406e+00  -9.7464579e-01
  -1.5320625e+00  -6.8959244e-01
  -1.0512832e+00  -1.0291458e+00
  -1.5961637e+00  -6.9728715e-01
  -1.0539319e+00  -1.0350164e+00
  -1.0539319e+00  -1.0350164e+00
  -1.0539319e+00  -1.0350164e+00
  -1.1007155e+00  -8.4126730e-01
  -1.0494734e+00  -1.3334740e+00
  -1.0688535e+00  -1.0756655e+00
  -1.0688535e+00  -1.0756655e+00
  -7.5312479e-01  -1.7198028e+00
  -1.3075177e+00  -8.2083455e-01
  -1.0567730e+00  -9.0222743e-01
  -8.5845187e-01  -1.3476819e+00
  -8.5845187e-01  -1.3476819e+00
  -1.0461346e+00  -1.1627059e+00
  -1.0461346e+00  -1.1627059e+00
  -1.1077292e+00  -9.6767404e-01
  -1.1077292e+00  -9.6767404e-01
  -8.9043748e-01  -1.1422283e+00
  -1.6471306e+00  -7.8383841e-01
  -1.2159908e+00  -7.7020224e-01
  -1.3142127e+00  -9.0664102e-01
  -1.0740465e+00  -1.0129101e+00
  -8.5180930e-01  -1.1737911e+00
  -1.1991764e+00  -9.9551687e-01
  -1.1991764e+00  -9.9551687e-01
  -9.2161429e-01  -9.9216150e-01
  -1.1371892e+00  -1.5995936e+00
  -1.1627203e+00  -1.0270736e+00
  -9.8506695e-01  -1.0579497e+00
  -9.8506695e-01  -1.0579497e+00
  -1.2416965e+00  -9.9013688e-01
  -9.8419130e-01  -1.1383659e+00
  -1.3331313e+00  -9.1400326e-01
  -1.3664705e+00  -8.7372841e-01
  -1.6462761e+00  -8.8403772e-01
  -1.0624678e+00  -1.1640085e+00
  -9.0796239e-01  -1.0372491e+00
  -9.0796239e-01  -1.0372491e+00
  -1.0407813e+00  -1.0241972e+00
  -1.2777918e+00  -6.5025608e-01
  -1.3840703e+00  -6.6027507e-01
  -7.0067167e-01  -1.5044909e+00
  -8.9094582e-01  -1.5254109e+00
  -9.0964423e-01  -1.1241596e+00
  -1.3560655e+00  -7.5066554e-01
  -1.0521196e+00  -1.1516371e+00
  -9.8676376e-01  -1.2120001e+00
  -1.3822848e+00  -1.0998163e+00
  -8.7599558e-01  -1.4197647e+00
  -1.2058472e+00  -9.4011725e-01
  -1.2058472e+00  -9.4011725e-01
  -1.7970584e+00  -6.6926490e-01
  -9.6545961e-01  -8.5922487e-01
  -1.0922485e+00  -1.0968312e+00
  -1.1561229e+00  -9.4053073e-01
  -1.1561229e+00  -9.4053073e-01
  -1.1561229e+00  -9.4053073e-01
  -1.4379215e+00  -9.0269931e-01
  -9.9259419e-01  -1.0748453e+00
  -1.0353622e+00  -7.7523546e-01
  -1.0353622e+00  -7.7523546e-01
  -2.0470421e+00  -6.4710597e-01
  -9.1094410e-01  -1.0375892e+00
  -7.6619876e-01  -1.7510936e+00
  -9.8642610e-01  -1.2693929e+00
  -9.8642610e-01  -1.2693929e+00
  -1.5818799e+00  -7.3661098e-01
  -1.1315469e+00  -1.0504423e+00
  -1.1315469e+00  -1.0504423e+00
  -1.6989837e+00  -8.3243405e-01
  -1.4534384e+00  -8.6626363e-01
  -1.4534384e+00  -8.6626363e-01
  -1.4534384e+00  -8.6626363e-01
  -1.4534384e+00  -8.6626363e-01
  -1.4534384e+00  -8.6626363e-01
  -9.2471906e-01  -1.0632326e+00
  -8.1835051e-01  -1.6332052e+00
  -2.0806861e+00  -7.5420963e-01
  -1.3342087e+00  -8.1704286e-01
  -1.1631290e+00  -1.2518243e+00
  -1.1631290e+00  -1.2518243e+00
  -9.6588158e-01  -1.2065286e+00
  -9.6588158e-01  -1.2065286e+00
  -9.6588158e-01  -1.2065286e+00
  -1.3190423e+00  -1.0847951e+00
  -1.3190423e+00  -1.0847951e+00
  -1.1281307e+00  -1.3230804e+00
  -6.4275170e-01  -1.6991925e+00
  -1.4979536e+00  -8.8739654e-01
  -1.0849559e+00  -1.0816547e+00
  -1.0849559e+00  -1.0816547e+00
  -9.1074037e-01  -1.0545989e+00
  -9.1074037e-01  -1.0545989e+00
  -1.2052733e+00  -1.2130246e+00
  -1.6807284e+00  -8.8991591e-01
  -1.1527587e+00  -1.1354358e+00
  -1.1527587e+00  -1.1354358e+00
  -1.1527587e+00  -1.1354358e+00
  -1.1527587e+00  -1.1354358e+00
  -9.6638870e-01  -1.3527004e+00
  -9.6638870e-01  -1.3527004e+00
  -9.6638870e-01  -1.3527004e+00
  -9.6638870e-01  -1.3527004e+00
  -9.6638870e-01  -1.3527004e+00
  -9.6638870e-01  -1.3527004e+00
  -8.8084817e-01  -1.6857504e+00
  -1.1320127e+00  -9.8076263e-01
  -1.4341376e+00  -9.0122598e-01
  -1.0495178e+00  -1.0446450e+00
  -1.0812251e+00  -1.1952844e+00
  -1.4112571e+00  -9.1751667e-01
  -8.5090786e-01  -1.4592769e+00
  -1.1984703e+00  -8.5753639e-01
  -1.3702767e+00  -9.6220649e-01
  -1.3702767e+00  -9.6220649e-01
  -8.8263420e-01  -9.5112720e-01
  -1.1896235e+00  -9.9244174e-01
  -1.1896235e+00  -9.9244174e-01
  -9.5456649e-01  -9.0742084e-01
  -7.4272512e-01  -1.0377024e+00
  -1.7181409e+00  -8.4485697e-01
  -1.4723393e+00  -8.1692962e-01
  -1.4059779e+00  -1.0130424e+00
  -1.1283718e+00  -1.6379917e+00
  -9.8653137e-01  -1.1837685e+00
  -8.5087009e-01  -1.5449203e+00
  -1.1255333e+00  -1.1767773e+00
  -1.1255333e+00  -1.1767773e+00
  -1.0934633e+00  -1.2018907e+00
  -1.0373817e+00  -7.8576210e-01
  -1.0018203e+00  -1.1240339e+00
  -8.8988898e-01  -1.0919260e+00
  -9.8973315e-01  -8.1909755e-01
  -1.0362016e+00  -1.3303194e+00
  -1.0362016e+00  -1.3303194e+00
  -1.1700542e+00  -9.1482652e-01
  -1.6020002e+00  -7.6981273e-01
  -1.6020002e+00  -7.6981273e-01
  -9.2714545e-01  -1.1547832e+00
  -9.2714545e-01  -1.1547832e+00
  -1.3149824e+00  -7.4820756e-01
  -1.3115612e+00  -7.4712073e-01
  -7.6070811e-01  -1.4202778e+00
  -1.1986867e+00  -1.3052063e+00
  -1.4373603e+00  -7.6810083e-01
  -1.3471088e+00  -8.9270313e-01
  -1.3001068e+00  -1.0282053e+00
  -8.3953454e-01  -1.3455098e+00
  -1.0306233e+00  -1.1889273e+00
  -1.4366766e+00  -7.6591300e-01
  -1.2148139e+00  -9.4656553e-01
  -1.3684877e+00  -1.0574392e+00
  -1.1445199e+00  -1.0915941e+00
  -1.0580088e+00  -1.3893120e+00
  -1.3403544e+00  -9.4889730e-01
  -1.1773694e+00  -8.0123449e-01
  -1.4321218e+00  -8.2846617e-01
  -1.1162855e+00  -1.1109809e+00
  -6.6954674e-01  -1.3536827e+00
  -1.0207545e+00  -1.0982913e+00
  -9.6723604e-01  -1.1159012e+00
  -1.3010133e+00  -1.1140996e+00
  -1.0450309e+00  -1.3258867e+00
  -1.0450309e+00  -1.3258867e+00
  -1.3152879e+00  -1.0390163e+00
  -1.3028377e+00  -8.3500208e-01
  -1.3384918e+00  -8.3409592e-01
  -1.0695542e+00  -1.1247639e+00
  -1.0695542e+00  -1.1247639e+00
  -1.0695542e+00  -1.1247639e+00
  -1.0695542e+00  -1.1247639e+00
  -1.0695542e+00  -1.1247639e+00
  -1.0695542e+00  -1.1247639e+00
  -1.6524128e+00  -6.4971983e-01
  -9.8328849e-01  -1.2806734e+00
  -1.4064565e+00  -1.2718021e+00
  -8.3215439e-01  -8.3604181e-01
  -1.0028641e+00  -1.3768330e+00
  -1.0028641e+00  -1.3768330e+00
  -1.7241928e+00  -8.7362141e-01
  -1.4013155e+00  -6.3141933e-01
  -1.1452387e+00  -9.7389333e-01
  -1.1452387e+00  -9.7389333e-01
  -9.9912750e-01  -1.1548627e+00
  -9.9912750e-01  -1.1548627e+00
  -9.9912750e-01  -1.1548627e+00
  -9.9912750e-01  -1.1548627e+00
  -1.2546517e+00  -1.0235663e+00
  -1.0586408e+00  -1.5723805e+00
  -1.0645800e+00  -8.3686355e-01
  -1.0901825e+00  -1.3060831e+00
  -1.0134592e+00  -1.2606956e+00
  -1.7713811e+00  -6.5853443e-01
  -1.1508112e+00  -6.8519880e-01
  -1.0060285e+00  -1.3481227e+00
  -1.3991043e+00  -1.0476045e+00
  -1.1585097e+00  -1.0976792e+00
  -8.5780818e-01  -1.3541553e+00
  -9.2819251e-01  -1.4453709e+00
  -9.2588677e-01  -1.1935923e+00
  -9.2588677e-01  -1.1935923e+00
  -9.2588677e-01  -1.1935923e+00
  -8.2796968e-01  -1.3121479e+00
  -1.2691620e+00  -9.0222854e-01
  -1.2691620e+00  -9.0222854e-01
  -1.2691620e+00  -9.0222854e-01
  -1.2691620e+00  -9.0222854e-01
  -1.5728457e+00  -9.7206960e-01
  -1.4476406e+00  -8.3770395e-01
  -1.5725083e+00  -7.1742593e-01
  -8.2313473e-01  -1.0878912e+00
  -1.5819253e+00  -9.4091567e-01
  -1.3993893e+00  -9.0230650e-01
  -9.7314757e-01  -8.8504530e-01
  -1.4597036e+00  -7.1753604e-01
  -1.1122581e+00  -1.2628743e+00
  -1.4129920e+00  -9.8012826e-01
  -1.5594789e+00  -5.9485773e-01
  -8.9030368e-01  -9.8631638e-01
  -1.0437374e+00  -1.4138077e+00
  -9.4339635e-01  -1.2262060e+00
  -9.4339635e-01  -1.2262060e+00
  -9.2921409e-01  -1.0679857e+00
  -9.2921409e-01  -1.0679857e+00
  -9.2921409e-01  -1.0679857e+00
  -9.2921409e-01  -1.0679857e+00
  -9.2921409e-01  -1.0679857e+00
  -9.6548362e-01  -1.4232679e+00
  -1.3119910e+00  -1.0618865e+00
  -7.3352622e-01  -1.8611567e+00
  -1.1642253e+00  -9.5795997e-01
  -1.5786320e+00  -5.7961775e-01
  -1.5786320e+00  -5.7961775e-01
  -9.8637661e-01  -1.8073286e+00
  -1.1542225e+00  -9.2462712e-01
  -1.1542225e+00  -9.2462712e-01
  -1.1542225e+00  -9.2462712e-01
  -1.9101835e+00  -5.3325153e-01
  -1.4829610e+00  -1.1236159e+00
  -1.3953878e+00  -1.0844378e+00
  -1.6170478e+00  -7.0633727e-01
  -1.1330771e+00  -1.0689340e+00
  -1.1330771e+00  -1.0689340e+00
  -1.6653299e+00  -8.0042835e-01
  -6.7564042e-01  -1.5901321e+00
  -1.4682960e+00  -9.4293456e-01
  -1.1862624e+00  -1.0969118e+00
  -1.6965194e+00  -6.7659266e-01
  -1.6965194e+00  -6.7659266e-01
  -6.7990040e-01  -1.5912406e+00
  -1.1260452e+00  -1.6411775e+00
  -8.9346928e-01  -8.2754654e-01
  -1.1556082e+00  -8.3201359e-01
  -1.1259725e+00  -1.1026718e+00
  -1.1259725e+00  -1.1026718e+00
  -6.7425389e-01  -1.4384507e+00
  -1.0792497e+00  -1.1710771e+00
  -8.5920677e-01  -1.2690632e+00
  -8.5920677e-01  -1.2690632e+00
  -1.0850992e+00  -1.0388898e+00
  -1.6277227e+00  -9.1078787e-01
  -1.0998818e+00  -9.6591399e-01
  -1.0998818e+00  -9.6591399e-01
  -1.0380191e+00  -1.1459773e+00
  -1.1731969e+00  -1.1482834e+00
  -1.1731969e+00  -1.1482834e+00
  -1.1440142e+00  -7.9097598e-01
  -1.0452821e+00  -1.2717245e+00
  -1.0452821e+00  -1.2717245e+00
  -1.0452821e+00  -1.2717245e+00
  -1.0452821e+00  -1.2717245e+00
  -1.2155042e+00  -1.0382370e+00
  -1.2155042e+00  -1.0382370e+00
  -1.2155042e+00  -1.0382370e+00
  -1.1201993e+00  -8.7735775e-01
  -8.1404185e-01  -1.3079307e+00
  -1.8295227e+00  -9.2158592e-01
  -9.1932288e-01  -1.0817556e+00
  -9.1932288e-01  -1.0817556e+00
  -9.1932288e-01  -1.0817556e+00
  -9.2650441e-01  -1.4082280e+00
  -1.0357603e+00  -1.0919806e+00
  -1.3539031e+00  -9.6051163e-01
  -8.2404807e-01  -1.5478007e+00
  -6.6137962e-01  -1.2249886e+00
  -9.7303720e-01  -9.4834529e-01
  -1.0647624e+00  -1.1702779e+00
  -1.0647624e+00  -1.1702779e+00
  -1.0394687e+00  -1.1895356e+00
  -1.5302450e+00  -7.0715604e-01
  -1.3499691e+00  -1.0105571e+00
  -1.3499691e+00  -1.0105571e+00
  -1.3499691e+00  -1.0105571e+00
  -1.0002096e+00  -1.3061815e+00
  -1.0002096e+00  -1.3061815e+00
  -1.3088208e+00  -8.7013803e-01
  -8.1618793e-01  -1.5658372e+00
  -9.6099876e-01  -1.1947531e+00
  -9.6099876e-01  -1.1947531e+00
  -9.6099876e-01  -1.1947531e+00
  -1.2340185e+00  -9.4198020e-01
  -1.4157465e+00  -8.9400396e-01
  -1.4157465e+00  -8.9400396e-01
  -9.9681630e-01  -1.1100734e+00
  -1.5509619e+00  -1.1446749e+00
  -1.3294877e+00  -7.6491513e-01
  -1.1797704e+00  -1.1154460e+00
  -1.1797704e+00  -1.1154460e+00
  -1.7066385e+00  -7.2612558e-01
  -1.1517679e+00  -8.7213058e-01
  -7.3766777e-01  -1.3080166e+00
  -1.5072582e+00  -8.0281398e-01
  -1.2233427e+00  -9.7139108e-01
  -1.2233427e+00  -9.7139108e-01
  -1.2233427e+00  -9.7139108e-01
  -1.2233427e+00  -9.7139108e-01
  -1.0412645e+00  -1.1488797e+00
  -1.0405505e+00  -1.0411244e+00
  -1.0405505e+00  -1.0411244e+00
  -9.3423013e-01  -9.1150369e-01
  -1.2733128e+00  -1.0646394e+00
  -1.5234103e+00  -1.2560301e+00
  -8.1128963e-01  -1.4001072e+00
  -1.2044153e+00  -7.7457426e-01
  -9.3691666e-01  -7.8982350e-01
  -7.4313432e-01  -1.2568817e+00
  -1.1740270e+00  -1.0359459e+00
  -1.1740270e+00  -1.0359459e+00
  -9.1067376e-01  -1.0402123e+00
  -9.9825460e-01  -1.0490134e+00
  -8.4176093e-01  -1.5787579e+00
  -1.2260253e+00  -8.4020688e-01
  -7.3302547e-01  -1.4893306e+00
  -1.3923528e+00  -1.0349775e+00
  -9.1402234e-01  -1.3981046e+00
  -7.8467560e-01  -1.1893061e+00
  -1.4974519e+00  -7.9859822e-01
  -8.4879781e-01  -1.5957022e+00
  -1.2928935e+00  -7.5315082e-01
  -1.2505631e+00  -9.0106453e-01
  -1.1930049e+00  -9.1289626e-01
  -1.3917624e+00  -7.5480980e-01
  -1.0415358e+00  -9.3713885e-01
  -1.0415358e+00  -9.3713885e-01
  -1.2896874e+00  -6.9229066e-01
  -8.2899663e-01  -1.1292497e+00
  -8.2899663e-01  -1.1292497e+00
  -1.3695572e+00  -9.2553825e-01
  -1.6344142e+00  -8.4550179e-01
  -1.1195961e+00  -1.0432609e+00
  -1.1195961e+00  -1.0432609e+00
  -9.8582848e-01  -1.4115400e+00
  -1.3947787e+00  -8.1401274e-01
  -1.2187805e+00  -1.0170888e+00
  -1.2187805e+00  -1.0170888e+00
  -9.4969900e-01  -1.5197210e+00
  -1.2400447e+00  -1.3793286e+00
  -1.4613862e+00  -6.0299550e-01
  -1.2981580e+00  -9.1971706e-01
  -1.1323715e+00  -9.4213076e-01
  -1.0138761e+00  -1.2109414e+00
  -1.0138761e+00  -1.2109414e+00
  -9.6029323e-01  -9.5191443e-01
  -1.0962978e+00  -9.8620943e-01
  -1.0962978e+00  -9.8620943e-01
  -1.3996518e+00  -1.0044336e+00
  -1.1680921e+00  -1.0629753e+00
  -1.1819086e+00  -9.3723371e-01
  -1.1819086e+00  -9.3723371e-01
  -1.1819086e+00  -9.3723371e-01
  -1.4067956e+00  -7.6571934e-01
  -1.4067956e+00  -7.6571934e-01
  -1.0818267e+00  -9.0541557e-01
  -9.0432346e-01  -1.2009809e+00
  -9.0432346e-01  -1.2009809e+00
  -1.0739041e+00  -9.7911529e-01
  -1.7489700e+00  -8.9640819e-01
  -1.0745109e+00  -1.2403152e+00
  -1.2272432e+00  -1.0313988e+00
  -1.5599795e+00  -1.0563952e+00
  -1.0296629e+00  -1.0541657e+00
  -1.3307870e+00  -8.2749332e-01
  -1.3713593e+00  -9.7323023e-01
  -1.3713593e+00  -9.7323023e-01
  -7.6865300e-01  -1.7435389e+00
  -7.9474126e-01  -1.1106821e+00
  -9.0763339e-01  -1.1308666e+00
  -9.0763339e-01  -1.1308666e+00
  -9.0763339e-01  -1.1308666e+00
  -9.0763339e-01  -1.1308666e+00
  -1.1443791e+00  -1.2322589e+00
  -1.0368540e+00  -1.3013746e+00
  -1.2126640e+00  -1.2433194e+00
  -1.0579475e+00  -1.0150561e+00
  -1.1293081e+00  -1.0007344e+00
  -1.5557540e+00  -9.9822423e-01
  -1.1389856e+00  -1.0379792e+00
  -1.1466785e+00  -8.4859117e-01
  -1.2936452e+00  -9.5286382e-01
  -1.7654761e+00  -7.9186079e-01
  -1.0890912e+00  -7.5117278e-01
  -6.7151098e-01  -1.5344496e+00
  -1.2534391e+00  -9.3946844e-01
  -1.7881837e+00  -7.5515698e-01
  -1.4088198e+00  -8.0052239e-01
  -1.1722303e+00  -1.0598039e+00
  -1.1722303e+00  -1.0598039e+00
  -8.0969787e-01  -1.5739772e+00
  -8.0969787e-01  -1.5739772e+00
  -1.1871722e+00  -9.5876407e-01
  -1.3311644e+00  -9.5318088e-01
  -1.2071257e+00  -9.5154911e-01
  -1.2071257e+00  -9.5154911e-01
  -1.1062240e+00  -8.7568372e-01
  -1.1955864e+00  -7.8509382e-01
  -8.7996396e-01  -1.0926629e+00
  -1.5610880e+00  -8.6864151e-01
  -1.5323117e+00  -8.0635521e-01
  -1.2008707e+00  -1.0676522e+00
  -1.2008707e+00  -1.0676522e+00
  -9.7746241e-01  -1.2222638e+00
  -9.7746241e-01  -1.2222638e+00
  -9.7746241e-01  -1.2222638e+00
  -7.8911020e-01  -1.3380980e+00
  -7.8911020e-01  -1.3380980e+00
  -1.0485365e+00  -1.0235689e+00
  -1.1639435e+00  -9.9959124e-01
  -1.1639435e+00  -9.9959124e-01
  -1.1639435e+00  -9.9959124e-01
  -1.1639435e+00  -9.9959124e-01
  -1.7733176e+00  -6.8855094e-01
  -1.4429550e+00  -7.6848031e-01
  -1.0123207e+00  -1.2470934e+00
  -1.2924481e+00  -7.7140370e-01
  -1.1906402e+00  -1.2565245e+00
  -7.6234502e-01  -1.5345579e+00
  -1.0097441e+00  -9.5065559e-01
  -1.0097441e+00  -9.5065559e-01
  -1.4976685e+00  -9.2280094e-01
  -1.3348469e+00  -9.1692867e-01
  -1.5649431e+00  -5.6968717e-01
  -1.2224173e+00  -9.5643779e-01
  -1.5264266e+00  -8.4892212e-01
  -1.5264266e+00  -8.4892212e-01
  -1.4126033e+00  -8.1465621e-01
  -1.4126033e+00  -8.1465621e-01
  -8.9808684e-01  -1.1573484e+00
  -8.9808684e-01  -1.1573484e+00
  -8.9808684e-01  -1.1573484e+00
  -1.0349234e+00  -1.3276831e+00
  -1.1199804e+00  -1.0556095e+00
  -8.5320757e-01  -1.3232730e+00
  -1.4434546e+00  -9.5919714e-01
  -8.7458232e-01  -1.1541812e+00
  -1.0271116e+00  -1.1703955e+00
  -1.0787647e+00  -1.0153447e+00
  -1.0787647e+00  -1.0153447e+00
  -1.2491173e+00  -8.0778240e-01
  -1.8374802e+00  -9.2678393e-01
  -1.2561684e+00  -9.3499682e-01
  -1.3138766e+00  -8.6436581e-01
  -1.3138766e+00  -8.6436581e-01
  -1.1746540e+00  -1.0972152e+00
  -1.1364631e+00  -1.1819650e+00
  -1.3015903e+00  -9.2193612e-01
  -1.5093057e+00  -1.1871734e+00
  -1.0680553e+00  -1.1172935e+00
  -1.0680553e+00  -1.1172935e+00
  -1.0680553e+00  -1.1172935e+00
  -1.0680553e+00  -1.1172935e+00
  -1.0845929e+00  -9.8401876e-01
  -1.3427473e+00  -6.8271234e-01
  -1.0196544e+00  -8.3246735e-01
  -1.0196544e+00  -8.3246735e-01
  -1.0196544e+00  -8.3246735e-01
  -7.5813041e-01  -1.1923415e+00
  -1.3422468e+00  -8.3131005e-01
  -1.0167221e+00  -1.0111455e+00
  -1.0119122e+00  -1.1197731e+00
  -1.0119122e+00  -1.1197731e+00
  -8.1845659e-01  -1.3546498e+00
  -8.6259778e-01  -1.4708466e+00
  -1.7307133e+00  -6.6265635e-01
  -1.2181240e+00  -8.7112110e-01
  -1.0953199e+00  -1.3198742e+00
  -1.0688041e+00  -1.3170983e+00
  -1.0161026e+00  -9.9855020e-01
  -8.4364133e-01  -1.2293677e+00
  -1.4833101e+00  -8.0666952e-01
  -1.9121950e+00  -6.4496433e-01
  -1.9121950e+00  -6.4496433e-01
  -1.3220323e+00  -9.0730596e-01
  -1.1721377e+00  -7.6863641e-01
  -1.2747419e+00  -9.0102801e-01
  -1.0891529e+00  -9.0938599e-01
  -1.1784498e+00  -1.1334939e+00
  -1.5051780e+00  -7.1490832e-01
  -1.5051780e+00  -7.1490832e-01
  -1.2477062e+00  -1.1055956e+00
  -1.2674640e+00  -7.8070202e-01
  -1.1476797e+00  -8.7923885e-01
  -7.8313246e-01  -1.4811742e+00
  -1.3622754e+00  -8.2807455e-01
  -1.3622754e+00  -8.2807455e-01
  -1.3622754e+00  -8.2807455e-01
  -1.3823810e+00  -7.5124792e-01
  -1.3497254e+00  -7.0788138e-01
  -1.5634030e+00  -6.8448743e-01
  -1.5634030e+00  -6.8448743e-01
  -1.4680388e+00  -6.8952996e-01
  -8.9736836e-01  -1.4977064e+00
  -8.9736836e-01  -1.4977064e+00
  -1.1055418e+00  -1.0018865e+00
  -1.7363464e+00  -8.0038628e-01
  -1.3593494e+00  -8.5491872e-01
  -1.2472726e+00  -1.2371824e+00
  -8.6196575e-01  -1.3731913e+00
  -8.6196575e-01  -1.3731913e+00
  -1.2215487e+00  -8.6932030e-01
  -1.2215487e+00  -8.6932030e-01
  -1.3709326e+00  -8.1211009e-01
  -1.3709326e+00  -8.1211009e-01
  -1.1404660e+00  -1.0418185e+00
  -1.2063797e+00  -1.0312267e+00
  -1.1318453e+00  -1.0698628e+00
  -1.1318453e+00  -1.0698628e+00
  -1.2855458e+00  -8.8294887e-01
  -1.2855458e+00  -8.8294887e-01
  -1.1443205e+00  -9.9438415e-01
  -1.1248238e+00  -1.1495263e+00
  -1.0527403e+00  -1.3993514e+00
  -1.8757188e+00  -7.6460548e-01
  -1.2755150e+00  -9.6115467e-01
  -1.1883103e+00  -8.5653619e-01
  -1.4380725e+00  -8.1392458e-01
  -8.0029339e-01  -1.4447971e+00
  -8.7417847e-01  -1.2518667e+00
  -1.2221754e+00  -1.0652371e+00
  -1.2221754e+00  -1.0652371e+00
  -1.2221754e+00  -1.0652371e+00
  -2.5668182e+00  -7.5500874e-01
  -2.5668182e+00  -7.5500874e-01
  -7.6613523e-01  -1.2638405e+00
  -7.6613523e-01  -1.2638405e+00
  -1.0701588e+00  -1.1940845e+00
  -1.0701588e+00  -1.1940845e+00
  -1.0701588e+00  -1.1940845e+00
  -1.4864495e+00  -7.9996942e-01
  -1.4864495e+00  -7.9996942e-01
  -1.1349567e+00  -8.6573084e-01
  -1.1884783e+00  -1.0103100e+00
  -1.0847614e+00  -1.2495473e+00
  -1.3293837e+00  -7.9884498e-01
  -9.2889612e-01  -1.0645520e+00
  -8.9352929e-01  -1.2414681e+00
  -9.2817705e-01  -7.9275736e-01
  -1.0716467e+00  -1.2859094e+00
  -1.5376918e+00  -7.6205626e-01
  -1.5376918e+00  -7.6205626e-01
  -1.4027619e+00  -9.3211265e-01
  -1.6493513e+00  -7.5616551e-01
  -1.1625073e+00  -1.2199656e+00
  -1.3635437e+00  -8.2443680e-01
  -1.1332672e+00  -9.2057770e-01
  -1.1332672e+00  -9.2057770e-01
  -7.7268207e-01  -1.0954043e+00
  -1.7900880e+00  -6.3785053e-01
  -1.7717505e+00  -9.1178180e-01
  -1.3652267e+00  -9.3951297e-01
  -8.9569376e-01  -1.2202048e+00
  -1.1778955e+00  -8.0748570e-01
  -8.5568491e-01  -1.5282137e+00
  -1.1965469e+00  -1.0051422e+00
  -1.3584185e+00  -9.9005838e-01
  -1.6912248e+00  -6.9988738e-01
  -1.3903644e+00  -9.0735814e-01
  -1.3903644e+00  -9.0735814e-01
  -1.5259204e+00  -7.3481034e-01
  -1.5259204e+00  -7.3481034e-01
  -1.2034881e+00  -8.3077579e-01
  -1.2034881e+00  -8.3077579e-01
  -1.0219530e+00  -1.1957409e+00
  -1.0219530e+00  -1.1957409e+00
  -1.3395617e+00  -9.3286698e-01
  -1.3991392e+00  -1.0133452e+00
  -8.9824836e-01  -1.1241220e+00
  -8.6300341e-01  -1.6923849e+00
  -7.8782811e-01  -1.5341315e+00
  -7.8782811e-01  -1.5341315e+00
  -1.2011231e+00  -7.1678524e-01
  -1.0339555e+00  -1.1751177e+00
  -1.2295732e+00  -9.5742018e-01
  -1.2295732e+00  -9.5742018e-01
  -8.0339865e-01  -1.3989466e+00
  -7.0890216e-01  -1.7535759e+00
  -9.0917806e-01  -8.1653559e-01
  -1.2072493e+00  -9.9636562e-01
  -1.6038849e+00  -9.0319557e-01
  -1.3299235e+00  -8.5106205e-01
  -1.3299235e+00  -8.5106205e-01
  -8.8278155e-01  -1.0406439e+00
  -8.6976592e-01  -1.3620731e+00
  -1.4223936e+00  -7.8957892e-01
  -1.2247894e+00  -9.5937568e-01
  -1.2247894e+00  -9.5937568e-01
  -1.5455386e+00  -8.7823196e-01
  -7.6804695e-01  -1.6140168e+00
  -1.2078527e+00  -9.1438992e-01
  -1.6611568e+00  -9.6627174e-01
  -1.2920438e+00  -1.0105637e+00
  -9.4574414e-01  -1.2266345e+00
  -1.3647826e+00  -7.5303447e-01
  -9.9827737e-01  -1.4383890e+00
  -1.3208835e+00  -8.3156321e-01
  -1.1087439e+00  -1.0409538e+00
  -9.4817472e-01  -1.1181773e+00
  -8.5631537e-01  -1.2271952e+00
  -9.6432774e-01  -1.5274845e+00
  -9.6162242e-01  -8.0202415e-01
  -1.0485069e+00  -1.0770082e+00
  -1.0253986e+00  -1.0074406e+00
  -1.0253986e+00  -1.0074406e+00
  -1.1210765e+00  -9.9710176e-01
  -1.5878484e+00  -9.4645651e-01
  -8.0539432e-01  -1.4629777e+00
  -1.0454110e+00  -1.1512345e+00
  -1.0454110e+00  -1.1512345e+00
  -1.0454110e+00  -1.1512345e+00
  -9.4326437e-01  -1.1564162e+00
  -9.4326437e-01  -1.1564162e+00
  -8.9843458e-01  -1.6118380e+00
  -7.9506164e-01  -1.1176903e+00
  -7.9766089e-01  -1.1074770e+00
  -7.7597728e-01  -1.6386074e+00
  -9.2120495e-01  -1.2351448e+00
  -9.0838558e-01  -1.3042579e+00
  -9.9189573e-01  -1.3154272e+00
  -9.8498307e-01  -1.2593621e+00
  -1.0832410e+00  -1.0020211e+00
  -1.0832410e+00  -1.0020211e+00
  -1.2700754e+00  -9.4153656e-01
  -1.2700754e+00  -9.4153656e-01
  -1.2700754e+00  -9.4153656e-01
  -1.2700754e+00  -9.4153656e-01
  -1.2700754e+00  -9.4153656e-01
  -1.1974597e+00  -1.0518060e+00
  -1.2683444e+00  -8.1280859e-01
  -1.2683444e+00  -8.1280859e-01
  -9.7834049e-01  -1.3149751e+00
  -1.1743732e+00  -1.2937515e+00
  -8.3938808e-01  -1.6937921e+00
  -1.2536731e+00  -6.8168414e-01
  -1.5416816e+00  -7.0042801e-01
  -1.1413764e+00  -8.0562815e-01
  -1.3112038e+00  -1.1330472e+00
  -1.5802992e+00  -7.7960313e-01
  -1.5002522e+00  -8.6950845e-01
  -1.5002522e+00  -8.6950845e-01
  -1.5002522e+00  -8.6950845e-01
  -1.3781281e+00  -7.2548225e-01
  -1.8556969e+00  -5.1851503e-01
  -1.4135185e+00  -8.1049580e-01
  -8.0935811e-01  -1.2857699e+00
  -1.0334886e+00  -1.2853669e+00
  -1.0629338e+00  -1.1589924e+00
  -1.0629338e+00  -1.1589924e+00
  -1.1188535e+00  -8.8450372e-01
  -9.5362489e-01  -1.2700488e+00
