  -9.7077274e-01  -9.7713431e-01
  -1.0197729e+00  -1.2119475e+00
  -1.4343213e+00  -8.8267805e-01
  -8.8038958e-01  -1.2536067e+00
  -8.8038958e-01  -1.2536067e+00
  -8.8038958e-01  -1.2536067e+00
  -1.4537748e+00  -8.0330596e-01
  -1.1300226e+00  -1.1592986e+00
  -1.1300226e+00  -1.1592986e+00
  -1.1654028e+00  -1.0754724e+00
  -1.4047243e+00  -8.4089084e-01
  -1.4047243e+00  -8.4089084e-01
  -1.4047243e+00  -8.4089084e-01
  -1.2103980e+00  -9.7416069e-01
  -1.0769193e+00  -9.8490429e-01
  -1.2285822e+00  -1.0925034e+00
  -1.1202594e+00  -9.1060725e-01
  -1.0000263e+00  -1.0659161e+00
  -1.1557434e+00  -1.0112293e+00
  -1.1557434e+00  -1.0112293e+00
  -1.1794854e+00  -9.1026819e-01
  -1.1046178e+00  -8.4640587e-01
  -1.1046178e+00  -8.4640587e-01
  -1.1046178e+00  -8.4640587e-01
  -1.1212402e+00  -7.9033298e-01
  -1.2693570e+00  -9.2686524e-01
  -1.4978899e+00  -9.4525609e-01
  -1.1269373e+00  -1.2621639e+00
  -1.1784023e+00  -1.0088135e+00
  -1.1784023e+00  -1.0088135e+00
  -1.1784023e+00  -1.0088135e+00
  -1.1784023e+00  -1.0088135e+00
  -8.6979892e-01  -1.3085011e+00
  -1.4257765e+00  -8.9004107e-01
  -9.6378670e-01  -9.6997814e-01
  -1.0330755e+00  -1.2235489e+00
  -1.0056217e+00  -1.3284921e+00
  -1.2329014e+00  -1.0742242e+00
  -1.4072363e+00  -9.5191210e-01
  -1.1173376e+00  -1.0998575e+00
  -1.2107501e+00  -1.0785878e+00
  -1.5199683e+00  -8.0960492e-01
  -9.9278216e-01  -1.1591384e+00
  -1.2686002e+00  -1.2914460e+00
  -1.1376789e+00  -9.9254664e-01
  -9.7036563e-01  -9.0173834e-01
  -1.1735675e+00  -1.1324970e+00
  -1.1105683e+00  -8.8592048e-01
  -1.1105683e+00  -8.8592048e-01
  -1.1105683e+00  -8.8592048e-01
  -1.5391916e+00  -8.0727413e-01
  -1.0769456e+00  -9.9323966e-01
  -1.0769456e+00  -9.9323966e-01
  -9.9300703e-01  -9.9902061e-01
  -9.9300703e-01  -9.9902061e-01
  -1.2057025e+00  -7.2444635e-01
  -1.2521945e+00  -1.1242487e+00
  -1.4200047e+00  -7.5567701e-01
  -1.0035911e+00  -8.5561799e-01
  -1.0035911e+00  -8.5561799e-01
  -8.8193625e-01  -1.3738857e+00
  -1.0287041e+00  -9.0437268e-01
  -1.4631757e+00  -9.3179096e-01
  -1.4631757e+00  -9.3179096e-01
  -1.8727954e+00  -7.3644493e-01
  -9.5431056e-01  -1.2258258e+00
  -9.5431056e-01  -1.2258258e+00
  -7.9500070e-01  -1.2678106e+00
  -8.9306690e-01  -1.3168248e+00
  -8.9306690e-01  -1.3168248e+00
  -8.9306690e-01  -1.3168248e+00
  -8.9306690e-01  -1.3168248e+00
  -8.9306690e-01  -1.3168248e+00
  -1.0931429e+00  -1.1209593e+00
  -1.4575253e+00  -8.1912366e-01
  -9.7204750e-01  -1.1509860e+00
  -9.2876093e-01  -9.7369551e-01
  -1.2831797e+00  -9.4519945e-01
  -9.1249010e-01  -1.1358525e+00
  -9.9887639e-01  -1.5302152e+00
  -8.6512646e-01  -9.7372513e-01
  -1.2703526e+00  -1.0159532e+00
  -7.8885258e-01  -1.2487555e+00
  -1.5478434e+00  -8.3731476e-01
  -1.5877516e+00  -1.1190113e+00
  -1.5732357e+00  -7.4834032e-01
  -8.5550424e-01  -1.4817921e+00
  -1.1582703e+00  -1.0060199e+00
  -1.1582703e+00  -1.0060199e+00
  -1.1686495e+00  -8.8197458e-01
  -6.8476242e-01  -1.3249035e+00
  -1.5301187e+00  -8.2179111e-01
  -8.8937354e-01  -1.0124665e+00
  -9.3740455e-01  -1.0889557e+00
  -9.3740455e-01  -1.0889557e+00
  -9.3740455e-01  -1.0889557e+00
  -9.3740455e-01  -1.0889557e+00
  -9.8695156e-01  -1.0741531e+00
  -1.1759199e+00  -1.0654632e+00
  -8.8904518e-01  -1.3425780e+00
  -1.3888236e+00  -7.4826914e-01
  -1.2040935e+00  -8.3187270e-01
  -8.2552856e-01  -1.3073300e+00
  -1.0849322e+00  -1.0152041e+00
  -1.2130840e+00  -9.8456910e-01
  -1.2130840e+00  -9.8456910e-01
  -1.2130840e+00  -9.8456910e-01
  -1.2130840e+00  -9.8456910e-01
  -1.5729705e+00  -5.9103325e-01
  -1.2879667e+00  -9.3442747e-01
  -1.2879667e+00  -9.3442747e-01
  -1.3024455e+00  -8.9965770e-01
  -1.0394733e+00  -1.3168758e+00
  -8.4862761e-01  -1.3026406e+00
  -1.0284675e+00  -9.9151218e-01
  -1.1963758e+00  -8.2157731e-01
  -1.5165588e+00  -8.8920370e-01
  -9.7321079e-01  -1.3398915e+00
  -9.3663331e-01  -1.1863280e+00
  -9.3663331e-01  -1.1863280e+00
  -9.8308765e-01  -1.1735126e+00
  -9.8308765e-01  -1.1735126e+00
  -1.0436393e+00  -9.8040621e-01
  -1.0436393e+00  -9.8040621e-01
  -1.0436393e+00  -9.8040621e-01
  -1.2373048e+00  -1.0348662e+00
  -1.5993453e+00  -8.3423053e-01
  -1.5993453e+00  -8.3423053e-01
  -1.1798912e+00  -9.1744472e-01
  -1.1023023e+00  -1.2690529e+00
  -1.2044782e+00  -1.0086276e+00
  -8.0061018e-01  -1.1716206e+00
  -1.3105092e+00  -8.2875003e-01
  -1.6273123e+00  -7.0940074e-01
  -1.0319865e+00  -9.5453341e-01
  -9.3023192e-01  -1.2754869e+00
  -1.0955624e+00  -1.2271869e+00
  -9.1425037e-01  -1.0382537e+00
  -6.2632413e-01  -1.9803272e+00
  -5.4437588e-01  -1.6249495e+00
  -2.1243263e+00  -8.6675269e-01
  -1.6246500e+00  -6.8306193e-01
  -8.4143674e-01  -1.2699569e+00
  -8.4143674e-01  -1.2699569e+00
  -1.0043961e+00  -1.2214530e+00
  -1.0600381e+00  -1.1263040e+00
  -1.4213800e+00  -9.1270436e-01
  -8.6491350e-01  -1.3911432e+00
  -8.6491350e-01  -1.3911432e+00
  -8.6491350e-01  -1.3911432e+00
  -1.0927773e+00  -1.1903483e+00
  -1.2732487e+00  -7.1207555e-01
  -1.2732487e+00  -7.1207555e-01
  -7.9741198e-01  -1.9438189e+00
  -7.9741198e-01  -1.9438189e+00
  -1.4062596e+00  -6.8837502e-01
  -1.0305271e+00  -1.2030499e+00
  -1.1514847e+00  -1.0056055e+00
  -1.1514847e+00  -1.0056055e+00
  -1.1514847e+00  -1.0056055e+00
  -1.1514847e+00  -1.0056055e+00
  -9.5354819e-01  -1.4007159e+00
  -9.5354819e-01  -1.4007159e+00
  -1.3265129e+00  -7.5242185e-01
  -1.1829006e+00  -8.4706073e-01
  -1.1344894e+00  -8.0397873e-01
  -1.1344894e+00  -8.0397873e-01
  -8.1795908e-01  -1.3403846e+00
  -8.1795908e-01  -1.3403846e+00
  -8.1795908e-01  -1.3403846e+00
  -8.1795908e-01  -1.3403846e+00
  -1.3040917e+00  -9.7587264e-01
  -1.3040917e+00  -9.7587264e-01
  -1.1711244e+00  -8.5320283e-01
  -1.5818430e+00  -7.4912449e-01
  -9.9755492e-01  -1.2980268e+00
  -9.9755492e-01  -1.2980268e+00
  -1.4319268e+00  -1.1043484e+00
  -1.4752874e+00  -7.7944691e-01
  -1.3985818e+00  -1.0115401e+00
  -1.2667339e+00  -1.1648448e+00
  -1.2667339e+00  -1.1648448e+00
  -9.5124307e-01  -1.1726727e+00
  -8.2291345e-01  -1.0220675e+00
  -8.2291345e-01  -1.0220675e+00
  -1.5661564e+00  -7.0007726e-01
  -8.3325071e-01  -9.8489295e-01
  -8.0523954e-01  -1.0296063e+00
  -1.3510723e+00  -1.1469952e+00
  -9.9780309e-01  -8.7512639e-01
  -1.0131656e+00  -1.6110766e+00
  -1.1730300e+00  -9.0537133e-01
  -1.1730300e+00  -9.0537133e-01
  -1.1730300e+00  -9.0537133e-01
  -1.0748320e+00  -1.1397922e+00
  -1.0044657e+00  -9.5197903e-01
  -1.0044657e+00  -9.5197903e-01
  -1.0044657e+00  -9.5197903e-01
  -1.0044657e+00  -9.5197903e-01
  -1.2340467e+00  -1.0196955e+00
  -1.0736745e+00  -1.3659381e+00
  -9.6346301e-01  -8.2567539e-01
  -7.8603212e-01  -1.2963737e+00
  -1.2067917e+00  -1.1923434e+00
  -1.1897496e+00  -7.5313855e-01
  -1.1897496e+00  -7.5313855e-01
  -1.1976278e+00  -7.6027119e-01
  -1.3187620e+00  -9.0695350e-01
  -1.2131352e+00  -1.0050413e+00
  -1.2131352e+00  -1.0050413e+00
  -1.0998737e+00  -1.2195747e+00
  -1.0998737e+00  -1.2195747e+00
  -1.0029499e+00  -1.0553082e+00
  -7.3540500e-01  -1.4153904e+00
  -1.4336810e+00  -9.6938134e-01
  -1.2500873e+00  -8.4846736e-01
  -1.2500873e+00  -8.4846736e-01
  -1.3325757e+00  -9.7649702e-01
  -1.0193641e+00  -1.0484757e+00
  -9.3855966e-01  -1.0063833e+00
  -1.1183179e+00  -8.4631087e-01
  -1.1183179e+00  -8.4631087e-01
  -1.1183179e+00  -8.4631087e-01
  -1.1914478e+00  -9.2990804e-01
  -1.1914478e+00  -9.2990804e-01
  -1.4195831e+00  -8.7633233e-01
  -1.1444457e+00  -9.1908858e-01
  -7.1205174e-01  -1.2405700e+00
  -1.2114854e+00  -1.0953519e+00
  -1.4788372e+00  -8.5847438e-01
  -1.7254164e+00  -8.7791432e-01
  -1.1248596e+00  -8.3010859e-01
  -1.1944636e+00  -8.9247672e-01
  -1.1944636e+00  -8.9247672e-01
  -7.3539592e-01  -1.3195220e+00
  -8.2792781e-01  -1.8503193e+00
  -1.1471488e+00  -1.0694854e+00
  -1.2972701e+00  -9.2446254e-01
  -1.2102810e+00  -9.2100317e-01
  -1.4291831e+00  -8.8811681e-01
  -1.0555212e+00  -1.1682425e+00
  -1.0555212e+00  -1.1682425e+00
  -1.2535761e+00  -1.0053654e+00
  -1.0401022e+00  -1.2176740e+00
  -1.4148586e+00  -8.5472066e-01
  -1.4148586e+00  -8.5472066e-01
  -1.2428488e+00  -1.0519094e+00
  -1.3257438e+00  -9.6174976e-01
  -1.3257438e+00  -9.6174976e-01
  -1.0072544e+00  -1.1081145e+00
  -1.0072544e+00  -1.1081145e+00
  -1.3702213e+00  -8.2691665e-01
  -1.0680079e+00  -7.9940114e-01
  -1.0680079e+00  -7.9940114e-01
  -7.7146092e-01  -1.4497809e+00
  -8.5225011e-01  -9.9567141e-01
  -8.5225011e-01  -9.9567141e-01
  -7.5574226e-01  -1.4641795e+00
  -8.7664157e-01  -1.0065504e+00
  -8.7664157e-01  -1.0065504e+00
  -8.4855883e-01  -1.0240826e+00
  -1.1639369e+00  -1.1244659e+00
  -1.5558366e+00  -7.3133925e-01
  -1.0051641e+00  -1.2873989e+00
  -9.4537705e-01  -9.9529128e-01
  -9.4537705e-01  -9.9529128e-01
  -1.8153998e+00  -6.5079987e-01
  -1.6439539e+00  -9.9955582e-01
  -1.1404888e+00  -9.5854071e-01
  -1.7521300e+00  -8.1955859e-01
  -8.4030983e-01  -1.9793947e+00
  -1.6195645e+00  -9.6145900e-01
  -1.1207392e+00  -1.0813700e+00
  -1.1207392e+00  -1.0813700e+00
  -1.0380548e+00  -8.3307251e-01
  -1.3275132e+00  -9.3745698e-01
  -1.2855253e+00  -8.4385450e-01
  -1.2855253e+00  -8.4385450e-01
  -1.2855253e+00  -8.4385450e-01
  -1.2218831e+00  -1.0059597e+00
  -1.0774861e+00  -9.6759225e-01
  -1.0357159e+00  -1.0778985e+00
  -1.2801577e+00  -9.8542385e-01
  -1.7613511e+00  -8.9020458e-01
  -9.8634785e-01  -1.0968855e+00
  -1.5565283e+00  -7.9441139e-01
  -1.0052967e+00  -1.1874015e+00
  -1.0052967e+00  -1.1874015e+00
  -1.0052967e+00  -1.1874015e+00
  -1.2691234e+00  -1.0392401e+00
  -1.0414039e+00  -1.7817880e+00
  -1.0414039e+00  -1.7817880e+00
  -1.0414039e+00  -1.7817880e+00
  -1.3455761e+00  -9.9348647e-01
  -1.3595420e+00  -9.2303633e-01
  -7.1493067e-01  -1.4642469e+00
  -1.1505385e+00  -8.7863720e-01
  -1.1505385e+00  -8.7863720e-01
  -1.3532991e+00  -6.6346233e-01
  -1.4845480e+00  -9.1904225e-01
  -1.5680160e+00  -6.3700795e-01
  -1.0916382e+00  -1.1140371e+00
  -1.0916382e+00  -1.1140371e+00
  -1.3478164e+00  -1.0925852e+00
  -1.4039679e+00  -1.0054386e+00
  -9.7191920e-01  -1.2020021e+00
  -9.7191920e-01  -1.2020021e+00
  -1.1405664e+00  -9.5117162e-01
  -1.1405664e+00  -9.5117162e-01
  -1.2999631e+00  -1.0127737e+00
  -1.2999631e+00  -1.0127737e+00
  -1.6206343e+00  -1.1095964e+00
  -8.6153618e-01  -1.3156514e+00
  -9.4984358e-01  -1.3395146e+00
  -1.1966373e+00  -8.7603220e-01
  -1.0052652e+00  -1.2692291e+00
  -1.1481601e+00  -7.8798889e-01
  -9.8071465e-01  -1.1994373e+00
  -1.2601361e+00  -1.0216913e+00
  -1.3120175e+00  -1.1058651e+00
  -7.6773288e-01  -1.3188296e+00
  -7.6773288e-01  -1.3188296e+00
  -1.1296473e+00  -1.2010277e+00
  -1.0985777e+00  -1.1690872e+00
  -1.0846760e+00  -1.0286669e+00
  -1.0846760e+00  -1.0286669e+00
  -1.0744702e+00  -9.8590592e-01
  -9.7054160e-01  -1.4891588e+00
  -1.5609313e+00  -9.4868881e-01
  -1.3371340e+00  -6.9467569e-01
  -9.8254471e-01  -1.1977442e+00
  -9.8254471e-01  -1.1977442e+00
  -8.5157583e-01  -1.1361847e+00
  -1.2945628e+00  -6.7119174e-01
  -8.8908160e-01  -1.1064446e+00
  -8.4089918e-01  -1.6369867e+00
  -1.5056451e+00  -1.0863891e+00
  -8.2270102e-01  -1.4835527e+00
  -8.2270102e-01  -1.4835527e+00
  -7.6432800e-01  -1.7107515e+00
  -1.4304629e+00  -8.4584144e-01
  -1.3925572e+00  -9.8101014e-01
  -1.3925572e+00  -9.8101014e-01
  -1.4798046e+00  -9.7664959e-01
  -1.4798046e+00  -9.7664959e-01
  -1.4798046e+00  -9.7664959e-01
  -1.4798046e+00  -9.7664959e-01
  -1.0166877e+00  -1.4939350e+00
  -1.0166877e+00  -1.4939350e+00
  -9.1999697e-01  -9.9616652e-01
  -9.1999697e-01  -9.9616652e-01
  -1.3480686e+00  -8.1198675e-01
  -1.3480686e+00  -8.1198675e-01
  -9.6938767e-01  -1.0376032e+00
  -9.6938767e-01  -1.0376032e+00
  -1.1254560e+00  -1.0656279e+00
  -1.2126426e+00  -1.0140157e+00
  -1.3495062e+00  -1.2261053e+00
  -1.2964207e+00  -7.7701953e-01
  -1.2323501e+00  -7.4497198e-01
  -8.1394750e-01  -1.9673717e+00
  -1.0829871e+00  -1.2925773e+00
  -1.0228992e+00  -1.3619218e+00
  -1.0228992e+00  -1.3619218e+00
  -1.3585818e+00  -1.0218960e+00
  -1.3585818e+00  -1.0218960e+00
  -1.3585818e+00  -1.0218960e+00
  -1.0685204e+00  -1.3817158e+00
  -1.0685204e+00  -1.3817158e+00
  -1.3813930e+00  -7.1361479e-01
  -1.0473009e+00  -1.4104656e+00
  -1.0473009e+00  -1.4104656e+00
  -8.9717492e-01  -1.2944463e+00
  -8.9717492e-01  -1.2944463e+00
  -8.9717492e-01  -1.2944463e+00
  -1.0255082e+00  -1.0793090e+00
  -1.0255082e+00  -1.0793090e+00
  -9.5916144e-01  -1.3034768e+00
  -9.5916144e-01  -1.3034768e+00
  -9.5916144e-01  -1.3034768e+00
  -9.5916144e-01  -1.3034768e+00
  -1.1727468e+00  -8.8707183e-01
  -1.3021040e+00  -9.0307673e-01
  -1.2389711e+00  -1.1315250e+00
  -9.6183111e-01  -1.2437910e+00
  -9.6183111e-01  -1.2437910e+00
  -1.6331923e+00  -8.6887520e-01
  -1.3126359e+00  -1.0438055e+00
  -1.2853016e+00  -1.0019816e+00
  -1.0402568e+00  -1.2665039e+00
  -1.5582616e+00  -7.3241742e-01
  -1.2077416e+00  -8.1882163e-01
  -1.2077416e+00  -8.1882163e-01
  -9.6431353e-01  -1.2563719e+00
  -9.6431353e-01  -1.2563719e+00
  -1.1133556e+00  -1.1279413e+00
  -9.1659235e-01  -1.2958019e+00
  -1.1324754e+00  -9.9101705e-01
  -1.5728752e+00  -8.3991231e-01
  -1.4445797e+00  -9.5237304e-01
  -1.1698119e+00  -8.9005086e-01
  -1.0111438e+00  -1.2762691e+00
  -1.5007168e+00  -9.1096928e-01
  -1.1267424e+00  -1.1885007e+00
  -1.1533591e+00  -9.8208880e-01
  -1.0747300e+00  -1.1290082e+00
  -1.0747300e+00  -1.1290082e+00
  -1.1670897e+00  -9.5374405e-01
  -1.1670897e+00  -9.5374405e-01
  -1.4746732e+00  -7.2798114e-01
  -1.4746732e+00  -7.2798114e-01
  -1.4746732e+00  -7.2798114e-01
  -8.4625288e-01  -1.1288570e+00
  -1.7722878e+00  -6.4973814e-01
  -8.8261242e-01  -1.1966599e+00
  -8.8261242e-01  -1.1966599e+00
  -8.8261242e-01  -1.1966599e+00
  -8.8261242e-01  -1.1966599e+00
  -9.2148625e-01  -1.2424830e+00
  -9.2148625e-01  -1.2424830e+00
  -1.8096883e+00  -7.3137506e-01
  -9.3286104e-01  -9.4356977e-01
  -1.2405840e+00  -1.0357561e+00
  -1.2405840e+00  -1.0357561e+00
  -1.7003697e+00  -8.7450268e-01
  -1.3647861e+00  -1.0928794e+00
  -1.2516672e+00  -9.1408487e-01
  -1.1239527e+00  -9.7341570e-01
  -1.1239527e+00  -9.7341570e-01
  -1.0161879e+00  -9.9652388e-01
  -1.0385191e+00  -1.1452323e+00
  -1.0435729e+00  -1.1582219e+00
  -7.7221639e-01  -1.3552970e+00
  -8.7507414e-01  -1.4418821e+00
  -1.2149054e+00  -1.2360841e+00
  -9.2680250e-01  -9.4382451e-01
  -8.3836372e-01  -1.1176128e+00
  -1.1377991e+00  -9.4084721e-01
  -1.0825300e+00  -1.0011592e+00
  -9.4602244e-01  -1.5425213e+00
  -1.6527050e+00  -1.0404296e+00
  -8.3308948e-01  -1.3214135e+00
  -1.4451186e+00  -9.1911534e-01
  -1.2163877e+00  -1.0562495e+00
  -1.0526088e+00  -8.5695648e-01
  -1.4033902e+00  -1.0317105e+00
  -9.5211903e-01  -1.3422586e+00
  -1.0096395e+00  -1.2438386e+00
  -1.0096395e+00  -1.2438386e+00
  -2.1552259e+00  -7.1617926e-01
  -1.3735425e+00  -5.9702103e-01
  -1.3324257e+00  -1.1628899e+00
  -9.2506292e-01  -1.1076228e+00
  -9.2506292e-01  -1.1076228e+00
  -9.1750717e-01  -1.4024008e+00
  -1.0263169e+00  -9.3216650e-01
  -9.7758713e-01  -1.2987607e+00
  -9.7758713e-01  -1.2987607e+00
  -2.2765471e+00  -6.2336084e-01
  -1.2061564e+00  -8.7361186e-01
  -1.2061564e+00  -8.7361186e-01
  -1.2061564e+00  -8.7361186e-01
  -1.2061564e+00  -8.7361186e-01
  -1.2061564e+00  -8.7361186e-01
  -8.8830820e-01  -1.2674381e+00
  -8.8830820e-01  -1.2674381e+00
  -8.8830820e-01  -1.2674381e+00
  -8.8830820e-01  -1.2674381e+00
  -8.6398099e-01  -1.2457133e+00
  -1.1923206e+00  -8.3172456e-01
  -1.1923206e+00  -8.3172456e-01
  -7.3882401e-01  -1.2098268e+00
  -7.3882401e-01  -1.2098268e+00
  -1.2756028e+00  -9.4695440e-01
  -1.2756028e+00  -9.4695440e-01
  -1.3510744e+00  -8.4797850e-01
  -1.3510744e+00  -8.4797850e-01
  -1.3171778e+00  -7.8672505e-01
  -1.3171778e+00  -7.8672505e-01
  -1.0362000e+00  -1.1929236e+00
  -1.1075425e+00  -1.2321520e+00
  -1.1772505e+00  -1.1653261e+00
  -1.0408821e+00  -1.6395263e+00
  -9.2225412e-01  -1.3861819e+00
  -9.2225412e-01  -1.3861819e+00
  -9.2225412e-01  -1.3861819e+00
  -1.3409684e+00  -7.9045448e-01
  -1.3409684e+00  -7.9045448e-01
  -1.3409684e+00  -7.9045448e-01
  -1.3409684e+00  -7.9045448e-01
  -1.3409684e+00  -7.9045448e-01
  -1.2190328e+00  -1.3666344e+00
  -1.7083813e+00  -5.2692553e-01
  -1.7055133e+00  -1.0509690e+00
  -7.8574790e-01  -1.2032785e+00
  -1.5908595e+00  -7.9017215e-01
  -1.1184588e+00  -1.1349595e+00
  -1.2170036e+00  -8.3318380e-01
  -6.8012572e-01  -1.2567184e+00
  -7.0494397e-01  -1.3786572e+00
  -1.0434558e+00  -1.2467571e+00
  -1.3582977e+00  -9.3207628e-01
  -1.3582977e+00  -9.3207628e-01
  -1.3582977e+00  -9.3207628e-01
  -1.3325443e+00  -1.0113654e+00
  -2.0576593e+00  -7.4101271e-01
  -1.4832998e+00  -7.9742413e-01
  -1.4832998e+00  -7.9742413e-01
  -1.4832998e+00  -7.9742413e-01
  -1.1220962e+00  -1.3754982e+00
  -1.3426399e+00  -7.0581033e-01
  -1.1774653e+00  -1.1660244e+00
  -1.4667483e+00  -9.1895967e-01
  -1.1638323e+00  -1.0998517e+00
  -8.6312907e-01  -1.7424052e+00
  -8.3023917e-01  -1.2905801e+00
  -8.3023917e-01  -1.2905801e+00
  -9.8730181e-01  -1.1833623e+00
  -1.3595988e+00  -1.0609924e+00
  -1.3073233e+00  -9.7411992e-01
  -1.0835120e+00  -1.0687106e+00
  -7.6217291e-01  -1.4291620e+00
  -1.3861500e+00  -9.8627477e-01
  -1.2086581e+00  -1.1849913e+00
  -1.1332282e+00  -9.2171851e-01
  -1.3167923e+00  -8.6651029e-01
  -1.3167923e+00  -8.6651029e-01
  -9.2834660e-01  -6.7139521e-01
  -1.6527844e+00  -8.5287330e-01
  -1.6527844e+00  -8.5287330e-01
  -1.6439209e+00  -8.2078554e-01
  -1.0373824e+00  -1.2505324e+00
  -1.2450821e+00  -9.2198432e-01
  -1.2450821e+00  -9.2198432e-01
  -9.2067398e-01  -1.2396075e+00
  -9.2067398e-01  -1.2396075e+00
  -9.2067398e-01  -1.2396075e+00
  -1.3575536e+00  -9.9550789e-01
  -1.0687236e+00  -1.2761323e+00
  -9.4363941e-01  -1.4264865e+00
  -9.4363941e-01  -1.4264865e+00
  -8.2143579e-01  -1.1691606e+00
  -1.2884305e+00  -6.9432606e-01
  -1.7981546e+00  -5.3856225e-01
  -1.0301749e+00  -1.0568362e+00
  -1.2003609e+00  -7.6664827e-01
  -1.3550670e+00  -8.9338562e-01
  -1.7058446e+00  -8.6381368e-01
  -9.5076731e-01  -1.4758901e+00
  -9.5076731e-01  -1.4758901e+00
  -1.1592973e+00  -7.5689663e-01
  -1.3106210e+00  -1.1104635e+00
  -1.1397059e+00  -1.0733207e+00
  -9.5126036e-01  -1.3914764e+00
  -1.0998836e+00  -8.3812619e-01
  -1.0293143e+00  -1.2404370e+00
  -1.6497418e+00  -7.9460156e-01
  -1.6497418e+00  -7.9460156e-01
  -8.4585854e-01  -1.0703967e+00
  -1.0593997e+00  -1.3856542e+00
  -1.5464164e+00  -1.0221723e+00
  -8.5408785e-01  -1.7000697e+00
  -1.0812240e+00  -1.3537465e+00
  -1.3948111e+00  -9.9036357e-01
  -9.4473613e-01  -9.0169363e-01
  -1.2162636e+00  -9.6057591e-01
  -1.2162636e+00  -9.6057591e-01
  -1.2162636e+00  -9.6057591e-01
  -8.6379825e-01  -1.1766819e+00
  -8.6379825e-01  -1.1766819e+00
  -8.6379825e-01  -1.1766819e+00
  -8.6379825e-01  -1.1766819e+00
  -1.0156263e+00  -1.3682504e+00
  -1.3681253e+00  -9.7336548e-01
  -1.3681253e+00  -9.7336548e-01
  -1.3681253e+00  -9.7336548e-01
  -1.3681253e+00  -9.7336548e-01
  -1.3580427e+00  -8.0774447e-01
  -9.2984768e-01  -1.1470705e+00
  -9.2984768e-01  -1.1470705e+00
  -9.2984768e-01  -1.1470705e+00
  -1.5878138e+00  -9.4347457e-01
  -1.5473296e+00  -7.0780683e-01
  -9.0476791e-01  -1.4265371e+00
  -8.7701888e-01  -1.1759431e+00
  -1.1899518e+00  -1.0663111e+00
  -1.1755255e+00  -9.8388691e-01
  -1.1755255e+00  -9.8388691e-01
  -1.1197459e+00  -9.9370766e-01
  -1.1197459e+00  -9.9370766e-01
  -9.8521242e-01  -1.0631956e+00
  -9.8521242e-01  -1.0631956e+00
  -1.0727956e+00  -9.9329787e-01
  -1.0727956e+00  -9.9329787e-01
  -9.5462439e-01  -1.0166845e+00
  -9.5462439e-01  -1.0166845e+00
  -9.5462439e-01  -1.0166845e+00
  -9.5462439e-01  -1.0166845e+00
  -9.5462439e-01  -1.0166845e+00
  -9.7248426e-01  -1.1663727e+00
  -9.7248426e-01  -1.1663727e+00
  -1.1241110e+00  -1.0511393e+00
  -1.1241110e+00  -1.0511393e+00
  -1.1241110e+00  -1.0511393e+00
  -1.1241110e+00  -1.0511393e+00
  -1.1241110e+00  -1.0511393e+00
  -1.0733974e+00  -8.6710575e-01
  -1.1463934e+00  -1.1079652e+00
  -1.4200724e+00  -8.6252815e-01
  -1.4200724e+00  -8.6252815e-01
  -1.3759240e+00  -5.6543533e-01
  -9.5637860e-01  -9.6585816e-01
  -1.0281958e+00  -1.0177476e+00
  -1.3886216e+00  -9.2213971e-01
  -1.3886216e+00  -9.2213971e-01
  -1.4574567e+00  -7.7419996e-01
  -1.1814016e+00  -1.0085346e+00
  -1.1814016e+00  -1.0085346e+00
  -8.2738229e-01  -1.4740404e+00
  -1.6715564e+00  -6.1345161e-01
  -8.5511346e-01  -8.5258052e-01
  -1.0313455e+00  -1.2448606e+00
  -1.1844719e+00  -1.0230392e+00
  -1.2805408e+00  -1.0391568e+00
  -1.2413974e+00  -1.0391338e+00
  -1.2413974e+00  -1.0391338e+00
  -9.1002249e-01  -1.2135565e+00
  -9.1002249e-01  -1.2135565e+00
  -9.1002249e-01  -1.2135565e+00
  -9.1002249e-01  -1.2135565e+00
  -1.6786622e+00  -7.2795490e-01
  -1.6497261e+00  -6.5555751e-01
  -1.0929837e+00  -1.0458056e+00
  -1.0891016e+00  -1.2203125e+00
  -1.1249242e+00  -1.0019284e+00
  -1.1033046e+00  -8.6886329e-01
  -1.5156653e+00  -7.0721770e-01
  -1.2047593e+00  -8.1654173e-01
  -9.9121364e-01  -1.0113226e+00
  -1.0209812e+00  -9.0386915e-01
  -1.2450782e+00  -9.8507046e-01
  -8.6865551e-01  -1.5787350e+00
  -8.1250699e-01  -1.1901852e+00
  -8.1250699e-01  -1.1901852e+00
  -1.5581208e+00  -8.1039406e-01
  -1.4032823e+00  -7.2917071e-01
  -1.3574451e+00  -8.2912509e-01
  -1.4228941e+00  -8.9795722e-01
  -1.0543990e+00  -7.5792221e-01
  -1.7289585e+00  -8.1821755e-01
  -1.0064218e+00  -9.6789960e-01
  -1.0064218e+00  -9.6789960e-01
  -1.2966170e+00  -9.8414763e-01
  -1.2966170e+00  -9.8414763e-01
  -1.1072411e+00  -1.3245074e+00
  -9.1072253e-01  -1.1053730e+00
  -9.3092441e-01  -1.7511502e+00
  -9.3092441e-01  -1.7511502e+00
  -1.1843647e+00  -9.0164837e-01
  -1.1843647e+00  -9.0164837e-01
  -1.1843647e+00  -9.0164837e-01
  -9.2196142e-01  -9.5734279e-01
  -1.1224638e+00  -1.2555616e+00
  -1.6521656e+00  -9.9912158e-01
  -8.5445408e-01  -1.6653908e+00
  -1.6832716e+00  -8.5761776e-01
  -1.5410574e+00  -6.1799435e-01
  -1.1899151e+00  -8.9097002e-01
  -1.7702925e+00  -7.1923854e-01
  -1.0053991e+00  -1.2793057e+00
  -1.0053991e+00  -1.2793057e+00
  -1.3744520e+00  -9.2361420e-01
  -1.0453242e+00  -1.1505132e+00
  -1.4878344e+00  -9.5639693e-01
  -1.4878344e+00  -9.5639693e-01
  -1.4703287e+00  -7.9856203e-01
  -9.9006926e-01  -1.2297456e+00
  -1.2881788e+00  -9.8010630e-01
  -1.0114565e+00  -1.3179489e+00
  -1.0114565e+00  -1.3179489e+00
  -1.5259701e+00  -1.0263123e+00
  -9.6119824e-01  -1.0287741e+00
  -1.3020682e+00  -9.4507293e-01
  -1.3020682e+00  -9.4507293e-01
  -1.3020682e+00  -9.4507293e-01
  -1.2211542e+00  -1.3208498e+00
  -1.2619056e+00  -7.1855707e-01
  -1.2508545e+00  -7.8878438e-01
  -1.6818378e+00  -6.8827877e-01
  -1.6818378e+00  -6.8827877e-01
  -1.8530108e+00  -6.3066974e-01
  -1.2482140e+00  -9.9577752e-01
  -1.2482140e+00  -9.9577752e-01
  -1.2482140e+00  -9.9577752e-01
  -1.4447665e+00  -9.5712999e-01
  -1.0433649e+00  -1.2509322e+00
  -1.0433649e+00  -1.2509322e+00
  -1.0473427e+00  -9.7789529e-01
  -1.2298475e+00  -1.0220956e+00
  -1.2298475e+00  -1.0220956e+00
  -1.1465884e+00  -1.1852774e+00
  -1.1465884e+00  -1.1852774e+00
  -1.2348279e+00  -1.0774226e+00
  -1.2348279e+00  -1.0774226e+00
  -1.1361878e+00  -1.1373643e+00
  -1.1645545e+00  -7.0384311e-01
  -1.6709189e+00  -7.1574477e-01
  -1.6709189e+00  -7.1574477e-01
  -7.2767637e-01  -1.3188037e+00
  -7.2863903e-01  -1.2697219e+00
  -1.1209113e+00  -1.0554389e+00
  -1.2506811e+00  -7.5101586e-01
  -1.1740225e+00  -1.0071031e+00
  -1.1740225e+00  -1.0071031e+00
  -1.4114786e+00  -7.6105865e-01
  -1.2249453e+00  -8.6416093e-01
  -9.6421090e-01  -9.3199146e-01
  -8.9864943e-01  -1.0973316e+00
  -1.5462491e+00  -8.3963235e-01
  -1.1074694e+00  -9.4618888e-01
  -1.0828086e+00  -7.2579731e-01
  -1.2080475e+00  -9.3415802e-01
  -1.2080475e+00  -9.3415802e-01
  -1.2080475e+00  -9.3415802e-01
  -7.4649088e-01  -1.7411619e+00
  -1.2921425e+00  -8.5609757e-01
  -1.1076511e+00  -8.4700241e-01
  -1.1076511e+00  -8.4700241e-01
  -1.1730614e+00  -8.4565039e-01
  -1.4857073e+00  -9.7061941e-01
  -1.0743782e+00  -1.1210976e+00
  -8.6284420e-01  -9.3599686e-01
  -1.0847522e+00  -1.3582270e+00
  -1.3309873e+00  -7.2865097e-01
  -1.0009174e+00  -8.4043891e-01
  -1.6016491e+00  -8.3581044e-01
  -1.0418395e+00  -1.3124303e+00
  -1.0103411e+00  -1.1139212e+00
  -1.0103411e+00  -1.1139212e+00
  -1.0103411e+00  -1.1139212e+00
  -1.0103411e+00  -1.1139212e+00
  -1.2938710e+00  -9.6834784e-01
  -1.2938710e+00  -9.6834784e-01
  -7.0652183e-01  -1.2652723e+00
  -8.2461116e-01  -1.1144251e+00
  -8.2461116e-01  -1.1144251e+00
  -1.3774789e+00  -8.8983733e-01
  -1.0411521e+00  -9.7152889e-01
  -1.0411521e+00  -9.7152889e-01
  -1.0411521e+00  -9.7152889e-01
  -1.0232090e+00  -1.1990551e+00
  -1.0232090e+00  -1.1990551e+00
  -1.0232090e+00  -1.1990551e+00
  -1.0232090e+00  -1.1990551e+00
  -1.1922059e+00  -1.1716267e+00
  -1.1922059e+00  -1.1716267e+00
  -1.5183790e+00  -1.0640725e+00
  -1.5268772e+00  -8.4084396e-01
  -1.3625994e+00  -8.4557819e-01
  -7.8600696e-01  -1.2502347e+00
  -7.8600696e-01  -1.2502347e+00
  -7.8600696e-01  -1.2502347e+00
  -1.1379460e+00  -1.0473278e+00
  -1.0950583e+00  -9.9952118e-01
  -1.0950583e+00  -9.9952118e-01
  -1.4338131e+00  -6.3297588e-01
  -9.6181291e-01  -1.0883526e+00
  -1.1843934e+00  -9.7863022e-01
  -1.1843934e+00  -9.7863022e-01
  -9.3025625e-01  -9.9641287e-01
  -9.5303320e-01  -1.1380771e+00
  -1.5992459e+00  -7.5197443e-01
  -1.5992459e+00  -7.5197443e-01
  -1.4159695e+00  -9.0423882e-01
  -1.4159695e+00  -9.0423882e-01
  -1.4159695e+00  -9.0423882e-01
  -1.3782207e+00  -1.0671965e+00
  -9.8886408e-01  -8.5455821e-01
  -1.0616388e+00  -8.5653698e-01
  -1.0560673e+00  -1.0380499e+00
  -1.0560673e+00  -1.0380499e+00
  -1.0560673e+00  -1.0380499e+00
  -1.0560673e+00  -1.0380499e+00
  -1.0841161e+00  -9.4090360e-01
  -1.1351713e+00  -9.7826146e-01
  -1.5232668e+00  -9.0544236e-01
  -1.7243612e+00  -9.4900159e-01
  -1.7243612e+00  -9.4900159e-01
  -1.1286051e+00  -7.8693216e-01
  -1.2965869e+00  -8.6706116e-01
  -1.2965869e+00  -8.6706116e-01
  -1.0011451e+00  -1.3046986e+00
  -1.1883522e+00  -7.8372543e-01
  -1.5643974e+00  -8.9636247e-01
  -1.0563621e+00  -9.6615976e-01
  -1.2908679e+00  -8.1368440e-01
  -1.3404867e+00  -6.7179667e-01
  -7.8437854e-01  -1.5253291e+00
  -1.3431827e+00  -9.3498127e-01
  -1.4897454e+00  -8.0678879e-01
  -1.2785392e+00  -1.0635316e+00
  -1.2785392e+00  -1.0635316e+00
  -7.3185729e-01  -1.0137658e+00
  -8.0835663e-01  -1.3847819e+00
  -8.0835663e-01  -1.3847819e+00
  -7.9850316e-01  -1.6089566e+00
  -7.9850316e-01  -1.6089566e+00
  -1.2586631e+00  -1.2383072e+00
  -1.0520303e+00  -1.0377981e+00
  -1.3982780e+00  -8.5922544e-01
  -1.7524861e+00  -6.8078628e-01
  -1.1835077e+00  -8.0572525e-01
  -1.1637857e+00  -1.2702695e+00
  -1.5422698e+00  -8.2515491e-01
  -1.2800362e+00  -1.0406752e+00
  -1.2800362e+00  -1.0406752e+00
  -1.2800362e+00  -1.0406752e+00
  -1.7070082e+00  -5.8108094e-01
  -9.9373711e-01  -1.3842758e+00
  -1.5973097e+00  -7.3245142e-01
  -1.0127132e+00  -9.7719806e-01
  -9.7056718e-01  -1.0974456e+00
  -9.7056718e-01  -1.0974456e+00
  -1.2175761e+00  -9.1897083e-01
  -1.2772621e+00  -9.6066146e-01
  -1.1324039e+00  -1.2475063e+00
  -1.2373008e+00  -8.1133148e-01
  -7.7943695e-01  -1.2616175e+00
  -1.5101363e+00  -8.4204898e-01
  -8.8191268e-01  -1.6404795e+00
  -5.7781502e-01  -1.4679874e+00
  -1.5082377e+00  -9.4773376e-01
  -9.0886274e-01  -1.2014830e+00
  -1.3786412e+00  -6.2737290e-01
  -1.3786412e+00  -6.2737290e-01
  -2.0294768e+00  -6.3200410e-01
  -1.0467319e+00  -1.3009389e+00
  -1.0310634e+00  -9.6719887e-01
  -1.1141066e+00  -9.8968210e-01
  -1.1141066e+00  -9.8968210e-01
  -1.2951869e+00  -9.9674413e-01
  -1.2951869e+00  -9.9674413e-01
  -9.5182819e-01  -1.2315059e+00
  -9.5182819e-01  -1.2315059e+00
  -1.9861624e+00  -6.9039393e-01
  -1.5459421e+00  -6.6476127e-01
  -1.1712567e+00  -8.7277961e-01
  -1.1712567e+00  -8.7277961e-01
  -1.1712567e+00  -8.7277961e-01
  -1.1712567e+00  -8.7277961e-01
  -1.0336917e+00  -1.0624192e+00
  -1.2032416e+00  -9.6123708e-01
  -1.2032416e+00  -9.6123708e-01
  -1.2032416e+00  -9.6123708e-01
  -1.2054492e+00  -9.9437146e-01
  -1.3346612e+00  -7.5368767e-01
  -9.8473006e-01  -1.2629793e+00
  -1.1338139e+00  -8.8885569e-01
  -1.2739171e+00  -1.0233488e+00
  -9.9562980e-01  -9.3006367e-01
  -1.0772381e+00  -8.6781064e-01
  -1.0304180e+00  -1.1418969e+00
  -1.0304180e+00  -1.1418969e+00
  -1.3267634e+00  -8.3177646e-01
  -1.1247918e+00  -1.0383243e+00
  -1.1075866e+00  -1.1601124e+00
  -9.2136293e-01  -1.2945530e+00
  -1.2411007e+00  -1.1252686e+00
  -1.2112023e+00  -9.0952640e-01
  -1.1418637e+00  -1.0933442e+00
  -1.0872220e+00  -9.6414474e-01
  -1.0150112e+00  -1.1216020e+00
  -1.9526377e+00  -8.1699171e-01
  -9.4912066e-01  -9.2288677e-01
  -9.9703113e-01  -1.1785177e+00
  -1.4032649e+00  -8.8346293e-01
  -1.1069785e+00  -1.3305729e+00
  -1.1069785e+00  -1.3305729e+00
  -1.2598614e+00  -9.9704953e-01
  -1.2598614e+00  -9.9704953e-01
  -8.8945892e-01  -1.2081056e+00
  -1.5282526e+00  -7.7514338e-01
  -1.1513643e+00  -1.2693846e+00
  -1.1513643e+00  -1.2693846e+00
  -2.1516117e+00  -6.2926772e-01
  -1.3079168e+00  -1.3675252e+00
  -1.6050074e+00  -8.2553321e-01
  -1.8960076e+00  -7.9818584e-01
  -1.3705486e+00  -9.1602074e-01
  -1.3014875e+00  -1.1313630e+00
  -1.3395284e+00  -9.1261041e-01
  -8.8461999e-01  -1.2885239e+00
  -9.5678211e-01  -1.3572185e+00
  -9.5678211e-01  -1.3572185e+00
  -1.0359821e+00  -1.4214019e+00
  -1.1169196e+00  -9.2350010e-01
  -1.0492900e+00  -1.0086802e+00
  -1.0492900e+00  -1.0086802e+00
  -1.0492900e+00  -1.0086802e+00
  -1.0492900e+00  -1.0086802e+00
  -1.0492900e+00  -1.0086802e+00
  -1.3587102e+00  -8.7669570e-01
  -1.3587102e+00  -8.7669570e-01
  -1.3587102e+00  -8.7669570e-01
  -1.3587102e+00  -8.7669570e-01
  -1.1461615e+00  -9.8637514e-01
  -1.1461615e+00  -9.8637514e-01
  -1.1461615e+00  -9.8637514e-01
  -1.1461615e+00  -9.8637514e-01
  -1.1461615e+00  -9.8637514e-01
  -1.1461615e+00  -9.8637514e-01
  -1.1461615e+00  -9.8637514e-01
  -1.1461615e+00  -9.8637514e-01
  -1.1461615e+00  -9.8637514e-01
  -1.6183374e+00  -6.9076545e-01
  -1.5744746e+00  -8.0828941e-01
  -1.5744746e+00  -8.0828941e-01
  -1.2655467e+00  -1.0564527e+00
  -1.2655467e+00  -1.0564527e+00
  -1.0205261e+00  -7.3106211e-01
  -1.6447617e+00  -7.9175101e-01
  -9.2688583e-01  -1.2322851e+00
  -9.2688583e-01  -1.2322851e+00
  -1.2298436e+00  -1.0234851e+00
  -1.2298436e+00  -1.0234851e+00
  -1.2298436e+00  -1.0234851e+00
  -1.2298436e+00  -1.0234851e+00
  -1.1374464e+00  -1.1950398e+00
  -1.1374464e+00  -1.1950398e+00
  -1.1374464e+00  -1.1950398e+00
  -1.2040483e+00  -9.9052656e-01
  -1.5907427e+00  -9.6691552e-01
  -1.4146977e+00  -6.3792668e-01
  -7.2453102e-01  -1.4163959e+00
  -7.2453102e-01  -1.4163959e+00
  -1.2886205e+00  -7.7746242e-01
  -1.2886205e+00  -7.7746242e-01
  -1.2886205e+00  -7.7746242e-01
  -1.2886205e+00  -7.7746242e-01
  -1.2886205e+00  -7.7746242e-01
  -1.2282132e+00  -8.5225528e-01
  -1.2282132e+00  -8.5225528e-01
  -1.2282132e+00  -8.5225528e-01
  -1.2398388e+00  -7.6680064e-01
  -1.2440637e+00  -8.1719262e-01
  -1.3227324e+00  -9.4700831e-01
  -6.4188707e-01  -1.1091168e+00
  -1.2164410e+00  -9.6800230e-01
  -1.1697984e+00  -7.9978792e-01
  -9.3200416e-01  -9.7344294e-01
  -1.2427185e+00  -8.3158548e-01
  -1.2427185e+00  -8.3158548e-01
  -1.3870951e+00  -8.1400585e-01
  -1.2497787e+00  -6.2268032e-01
  -1.1160129e+00  -6.8217466e-01
  -1.2429986e+00  -9.9287587e-01
  -1.2977818e+00  -8.0926308e-01
  -1.2977818e+00  -8.0926308e-01
  -1.6216502e+00  -7.0482214e-01
  -1.1462296e+00  -8.9501804e-01
  -1.1462296e+00  -8.9501804e-01
  -1.0268492e+00  -8.7396487e-01
  -1.0268492e+00  -8.7396487e-01
  -1.0303347e+00  -8.6579953e-01
  -1.0303347e+00  -8.6579953e-01
  -1.3750345e+00  -8.5754789e-01
  -1.2403077e+00  -9.8090715e-01
  -9.7053842e-01  -8.0942453e-01
  -1.1247726e+00  -9.9577630e-01
  -1.1247726e+00  -9.9577630e-01
  -1.0563586e+00  -8.5490409e-01
  -1.0563586e+00  -8.5490409e-01
  -1.5061862e+00  -7.3075019e-01
  -2.6986949e+00  -5.7723057e-01
  -1.0682454e+00  -9.9585961e-01
  -1.3049990e+00  -8.5874471e-01
  -1.3049990e+00  -8.5874471e-01
  -1.5589438e+00  -6.8939083e-01
  -1.5589438e+00  -6.8939083e-01
  -7.6520772e-01  -1.0604989e+00
  -1.1645112e+00  -1.2320945e+00
  -1.5821404e+00  -7.6092843e-01
  -1.5552903e+00  -9.1869907e-01
  -1.2094187e+00  -9.0468144e-01
  -1.2094187e+00  -9.0468144e-01
  -1.3193597e+00  -9.5799489e-01
  -1.3193597e+00  -9.5799489e-01
  -1.5361358e+00  -7.1217720e-01
  -1.0010704e+00  -1.1063224e+00
  -1.0010704e+00  -1.1063224e+00
  -1.0010704e+00  -1.1063224e+00
  -9.4032491e-01  -9.0150805e-01
  -8.6409089e-01  -1.2209845e+00
  -1.8885021e+00  -7.7166096e-01
  -1.6785139e+00  -7.5262756e-01
  -1.1915105e+00  -1.0031489e+00
  -1.2864112e+00  -9.7350068e-01
  -1.1550308e+00  -8.8170803e-01
  -1.1550308e+00  -8.8170803e-01
  -1.1550308e+00  -8.8170803e-01
