   2.7757675e-01   3.0485256e+01  -1.8995924e+01   5.9071408e+00
   2.7757675e-01   3.0485256e+01  -1.8995924e+01   5.9071408e+00
   2.7757675e-01   3.0485256e+01  -1.8995924e+01   5.9071408e+00
   6.7164167e-01   3.0246788e+01  -1.8998719e+01   6.1738621e+00
   8.0691023e-01   3.0377137e+01  -1.9091090e+01   6.1506970e+00
   8.0691023e-01   3.0377137e+01  -1.9091090e+01   6.1506970e+00
   9.3239373e-01   3.0075095e+01  -1.8926214e+01   6.2581715e+00
   8.2095440e-01   3.0010224e+01  -1.8901912e+01   6.3162918e+00
   7.8333037e-01   2.9781314e+01  -1.9170200e+01   6.4404068e+00
   7.8333037e-01   2.9781314e+01  -1.9170200e+01   6.4404068e+00
   8.9722309e-01   3.0069781e+01  -1.9133322e+01   6.6717116e+00
   1.3556353e+00   3.0047050e+01  -1.9431221e+01   6.4895853e+00
   1.3724105e+00   2.9933189e+01  -1.9236664e+01   6.4921847e+00
   1.3724105e+00   2.9933189e+01  -1.9236664e+01   6.4921847e+00
   1.5741315e+00   3.0010128e+01  -1.9231109e+01   6.4822361e+00
   1.3867586e+00   2.9928928e+01  -1.8977789e+01   6.4231356e+00
   1.3867586e+00   2.9928928e+01  -1.8977789e+01   6.4231356e+00
   1.4152194e+00   2.9663570e+01  -1.8963851e+01   6.5182877e+00
   1.3952726e+00   2.9586962e+01  -1.8776964e+01   6.2975947e+00
   1.3952726e+00   2.9586962e+01  -1.8776964e+01   6.2975947e+00
   1.2546972e+00   2.9542699e+01  -1.8685366e+01   6.3841820e+00
   1.2546972e+00   2.9542699e+01  -1.8685366e+01   6.3841820e+00
   1.2546972e+00   2.9542699e+01  -1.8685366e+01   6.3841820e+00
   1.4704349e+00   2.9340483e+01  -1.8626509e+01   6.6862999e+00
   1.8097046e+00   2.9372275e+01  -1.8320583e+01   6.6752332e+00
   1.8878185e+00   2.9456936e+01  -1.8055488e+01   6.6381724e+00
   1.7758067e+00   2.9596450e+01  -1.8248920e+01   6.5188604e+00
   1.7758067e+00   2.9596450e+01  -1.8248920e+01   6.5188604e+00
   1.8012947e+00   2.9904683e+01  -1.8054238e+01   6.1947556e+00
   1.8012947e+00   2.9904683e+01  -1.8054238e+01   6.1947556e+00
   1.6208657e+00   2.9936254e+01  -1.8093228e+01   6.5176141e+00
   1.5876997e+00   3.0048222e+01  -1.7981390e+01   6.3373123e+00
   1.5175095e+00   3.0158843e+01  -1.7969041e+01   6.6148124e+00
   1.4135376e+00   3.0068541e+01  -1.8366735e+01   6.4932268e+00
   1.7269058e+00   3.0168194e+01  -1.8144740e+01   6.2766090e+00
   1.7269058e+00   3.0168194e+01  -1.8144740e+01   6.2766090e+00
   1.7269058e+00   3.0168194e+01  -1.8144740e+01   6.2766090e+00
   1.7269058e+00   3.0168194e+01  -1.8144740e+01   6.2766090e+00
   1.9910009e+00   3.0291599e+01  -1.7868503e+01   6.3433687e+00
   1.9248401e+00   3.0190646e+01  -1.8191127e+01   6.4420630e+00
   1.9068504e+00   3.0392720e+01  -1.8473419e+01   6.5637606e+00
   1.5714618e+00   3.0563262e+01  -1.8464477e+01   6.3365155e+00
   1.7332874e+00   3.0423309e+01  -1.8324677e+01   6.3000630e+00
   1.7332874e+00   3.0423309e+01  -1.8324677e+01   6.3000630e+00
   1.4710939e+00   3.0653901e+01  -1.8099681e+01   6.1657406e+00
   1.2384052e+00   3.0176579e+01  -1.7723068e+01   6.2703879e+00
   9.9644016e-01   3.0217316e+01  -1.7767933e+01   6.4904656e+00
   7.7611859e-01   3.0135169e+01  -1.7547563e+01   6.6174755e+00
   8.0695131e-01   3.0436310e+01  -1.7549124e+01   6.7042675e+00
   2.8330430e+01   1.8793325e+01  -5.7008561e+00   8.7965549e+00
   2.8330430e+01   1.8793325e+01  -5.7008561e+00   8.7965549e+00
   2.8330430e+01   1.8793325e+01  -5.7008561e+00   8.7965549e+00
   2.8330430e+01   1.8793325e+01  -5.7008561e+00   8.7965549e+00
   2.8330430e+01   1.8793325e+01  -5.7008561e+00   8.7965549e+00
   2.8330430e+01   1.8793325e+01  -5.7008561e+00   8.7965549e+00
   2.9878259e+01   1.9905616e+01  -5.0180779e+00   9.8148789e+00
   3.0022787e+01   2.0002031e+01  -5.0023979e+00   9.9104604e+00
   3.0028368e+01   2.0042390e+01  -5.0090645e+00   9.9883593e+00
   3.0028368e+01   2.0042390e+01  -5.0090645e+00   9.9883593e+00
   3.0043009e+01   2.0035610e+01  -4.9616255e+00   9.9782818e+00
   3.0015467e+01   2.0026970e+01  -4.9444986e+00   1.0007309e+01
   3.0015467e+01   2.0026970e+01  -4.9444986e+00   1.0007309e+01
   3.0015467e+01   2.0026970e+01  -4.9444986e+00   1.0007309e+01
   3.0045857e+01   2.0034010e+01  -4.9563853e+00   1.0026514e+01
   3.0044222e+01   2.0062818e+01  -4.9771214e+00   9.9684504e+00
   2.9989461e+01   2.0001217e+01  -4.9820332e+00   9.9669582e+00
   3.0030235e+01   2.0048271e+01  -5.0118182e+00   1.0033910e+01
   3.0031176e+01   2.0016547e+01  -4.9880404e+00   1.0049334e+01
   3.0015277e+01   2.0010558e+01  -4.9947116e+00   9.9780231e+00
   3.0001324e+01   2.0011392e+01  -4.9782131e+00   9.9717715e+00
   3.0007974e+01   2.0010013e+01  -4.9966805e+00   1.0028015e+01
   3.0019237e+01   2.0018487e+01  -4.9960619e+00   9.9830445e+00
   3.0003803e+01   2.0007843e+01  -5.0194468e+00   9.9994176e+00
   3.0003803e+01   2.0007843e+01  -5.0194468e+00   9.9994176e+00
   2.9992340e+01   2.0006177e+01  -4.9584453e+00   1.0012049e+01
   3.0056032e+01   2.0048424e+01  -4.9960141e+00   1.0021916e+01
   3.0056032e+01   2.0048424e+01  -4.9960141e+00   1.0021916e+01
   3.0030207e+01   2.0035856e+01  -5.0146327e+00   1.0013614e+01
   3.0008119e+01   2.0008094e+01  -4.9346208e+00   9.9889110e+00
   3.0008119e+01   2.0008094e+01  -4.9346208e+00   9.9889110e+00
   3.0008119e+01   2.0008094e+01  -4.9346208e+00   9.9889110e+00
   3.0008119e+01   2.0008094e+01  -4.9346208e+00   9.9889110e+00
   3.0008119e+01   2.0008094e+01  -4.9346208e+00   9.9889110e+00
   3.0008119e+01   2.0008094e+01  -4.9346208e+00   9.9889110e+00
   3.0008119e+01   2.0008094e+01  -4.9346208e+00   9.9889110e+00
   3.0008119e+01   2.0008094e+01  -4.9346208e+00   9.9889110e+00
   3.0008119e+01   2.0008094e+01  -4.9346208e+00   9.9889110e+00
   3.0008119e+01   2.0008094e+01  -4.9346208e+00   9.9889110e+00
   3.0008119e+01   2.0008094e+01  -4.9346208e+00   9.9889110e+00
   3.0008119e+01   2.0008094e+01  -4.9346208e+00   9.9889110e+00
   3.0008119e+01   2.0008094e+01  -4.9346208e+00   9.9889110e+00
   3.0008119e+01   2.0008094e+01  -4.9346208e+00   9.9889110e+00
   3.0008119e+01   2.0008094e+01  -4.9346208e+00   9.9889110e+00
   3.0008119e+01   2.0008094e+01  -4.9346208e+00   9.9889110e+00
   3.0008119e+01   2.0008094e+01  -4.9346208e+00   9.9889110e+00
   3.0008119e+01   2.0008094e+01  -4.9346208e+00   9.9889110e+00
   3.0008119e+01   2.0008094e+01  -4.9346208e+00   9.9889110e+00
   3.0008119e+01   2.0008094e+01  -4.9346208e+00   9.9889110e+00
   3.0008119e+01   2.0008094e+01  -4.9346208e+00   9.9889110e+00
   3.0008119e+01   2.0008094e+01  -4.9346208e+00   9.9889110e+00
