  -1.9776149e+01  -1.0763451e+01   2.8647739e+01   5.8771547e+00
  -2.0186666e+01  -1.0814356e+01   2.8347268e+01   5.8707507e+00
  -2.0186666e+01  -1.0814356e+01   2.8347268e+01   5.8707507e+00
  -2.0053323e+01  -1.0695309e+01   2.8162762e+01   5.5757845e+00
  -2.0053323e+01  -1.0695309e+01   2.8162762e+01   5.5757845e+00
  -2.0065897e+01  -1.1021034e+01   2.8046449e+01   5.5554827e+00
  -2.0065897e+01  -1.1021034e+01   2.8046449e+01   5.5554827e+00
  -1.9998187e+01  -1.1329426e+01   2.8120250e+01   5.8398027e+00
  -1.9772592e+01  -1.1078118e+01   2.7851926e+01   5.6911109e+00
  -1.9944825e+01  -1.1028561e+01   2.7825819e+01   5.3905621e+00
  -1.9712996e+01  -1.1038886e+01   2.7880872e+01   5.8259664e+00
  -1.9586685e+01  -1.0998954e+01   2.7896433e+01   5.7449803e+00
  -1.9586685e+01  -1.0998954e+01   2.7896433e+01   5.7449803e+00
  -1.9452863e+01  -1.1118453e+01   2.8008540e+01   6.0704108e+00
  -1.9518229e+01  -1.0958754e+01   2.8115873e+01   6.0918284e+00
  -1.9267446e+01  -1.1099645e+01   2.8160794e+01   5.7160748e+00
  -1.9308278e+01  -1.0681063e+01   2.8121589e+01   5.4694585e+00
  -1.9292625e+01  -1.0912776e+01   2.8189757e+01   5.5533480e+00
  -1.9555614e+01  -1.0738317e+01   2.8346692e+01   5.2563188e+00
  -1.9644247e+01  -1.0567405e+01   2.8332466e+01   5.4441148e+00
  -1.9586516e+01  -1.0572823e+01   2.7966738e+01   5.2297271e+00
  -1.9458201e+01  -1.0540488e+01   2.8107658e+01   5.4517357e+00
  -1.9209346e+01  -1.0418620e+01   2.8386305e+01   5.6331200e+00
  -1.9138379e+01  -1.0369768e+01   2.8304476e+01   5.5200180e+00
  -1.9062615e+01  -1.0376723e+01   2.8127276e+01   5.6876249e+00
  -1.9062615e+01  -1.0376723e+01   2.8127276e+01   5.6876249e+00
  -1.8840005e+01  -1.0324015e+01   2.8332394e+01   6.0313795e+00
  -1.8812174e+01  -1.0228441e+01   2.8404664e+01   5.8209411e+00
  -1.8519217e+01  -1.0193883e+01   2.8063256e+01   5.6744793e+00
  -1.8317198e+01  -1.0005113e+01   2.8073866e+01   5.9406289e+00
  -1.7800066e+01  -1.0135072e+01   2.8188987e+01   5.8349852e+00
  -1.8102006e+01  -1.0257915e+01   2.7949757e+01   5.9837095e+00
  -1.8265117e+01  -1.0226286e+01   2.7998083e+01   5.8292775e+00
  -1.7785187e+01  -1.0310091e+01   2.7715826e+01   6.0366080e+00
  -1.7785187e+01  -1.0310091e+01   2.7715826e+01   6.0366080e+00
  -1.7634562e+01  -1.0448851e+01   2.7714780e+01   5.9544677e+00
  -1.7453645e+01  -1.0455300e+01   2.7782346e+01   6.2891569e+00
  -1.7455020e+01  -1.0196987e+01   2.7596552e+01   6.1162579e+00
  -1.7455020e+01  -1.0196987e+01   2.7596552e+01   6.1162579e+00
  -1.7276776e+01  -1.0115685e+01   2.7628303e+01   6.0423839e+00
  -1.7138844e+01  -1.0142250e+01   2.7758684e+01   6.3276210e+00
  -1.7138844e+01  -1.0142250e+01   2.7758684e+01   6.3276210e+00
  -1.6845331e+01  -1.0165115e+01   2.7578087e+01   6.5640456e+00
  -1.6845331e+01  -1.0165115e+01   2.7578087e+01   6.5640456e+00
  -1.6845331e+01  -1.0165115e+01   2.7578087e+01   6.5640456e+00
  -1.6804765e+01  -9.8516407e+00   2.7811338e+01   6.5167213e+00
  -1.6804765e+01  -9.8516407e+00   2.7811338e+01   6.5167213e+00
  -1.6804765e+01  -9.8516407e+00   2.7811338e+01   6.5167213e+00
  -1.6769355e+01  -9.8391520e+00   2.7746868e+01   6.5861564e+00
  -2.3934403e+00   1.1432167e+01   8.7948825e+00   2.0001454e+01
  -2.3934403e+00   1.1432167e+01   8.7948825e+00   2.0001454e+01
  -4.8423626e+00   1.0184548e+01   9.9207891e+00   1.9987384e+01
  -4.9382826e+00   1.0016914e+01   9.9859550e+00   1.9986280e+01
  -5.0362963e+00   9.9924926e+00   1.0010792e+01   1.9976552e+01
  -5.0206149e+00   1.0013891e+01   9.9951508e+00   1.9985563e+01
  -5.0206149e+00   1.0013891e+01   9.9951508e+00   1.9985563e+01
  -5.0049015e+00   1.0072473e+01   1.0009459e+01   1.9971159e+01
  -4.9861721e+00   1.0046955e+01   1.0008347e+01   2.0020073e+01
  -5.0207083e+00   1.0045449e+01   1.0005254e+01   1.9996420e+01
  -5.0207083e+00   1.0045449e+01   1.0005254e+01   1.9996420e+01
  -5.0111134e+00   9.9512884e+00   9.9883383e+00   1.9971188e+01
  -5.0111134e+00   9.9512884e+00   9.9883383e+00   1.9971188e+01
  -5.0111134e+00   9.9512884e+00   9.9883383e+00   1.9971188e+01
  -5.0111134e+00   9.9512884e+00   9.9883383e+00   1.9971188e+01
  -5.0051039e+00   1.0007550e+01   1.0006989e+01   1.9966411e+01
  -5.0162655e+00   9.9774662e+00   1.0009040e+01   2.0053259e+01
  -5.0162655e+00   9.9774662e+00   1.0009040e+01   2.0053259e+01
  -5.0162655e+00   9.9774662e+00   1.0009040e+01   2.0053259e+01
  -5.0162655e+00   9.9774662e+00   1.0009040e+01   2.0053259e+01
  -5.0162655e+00   9.9774662e+00   1.0009040e+01   2.0053259e+01
  -5.0162655e+00   9.9774662e+00   1.0009040e+01   2.0053259e+01
  -5.0162655e+00   9.9774662e+00   1.0009040e+01   2.0053259e+01
  -5.0162655e+00   9.9774662e+00   1.0009040e+01   2.0053259e+01
  -5.0162655e+00   9.9774662e+00   1.0009040e+01   2.0053259e+01
  -5.0162655e+00   9.9774662e+00   1.0009040e+01   2.0053259e+01
  -5.0162655e+00   9.9774662e+00   1.0009040e+01   2.0053259e+01
  -5.0162655e+00   9.9774662e+00   1.0009040e+01   2.0053259e+01
  -5.0162655e+00   9.9774662e+00   1.0009040e+01   2.0053259e+01
  -5.0162655e+00   9.9774662e+00   1.0009040e+01   2.0053259e+01
  -5.0162655e+00   9.9774662e+00   1.0009040e+01   2.0053259e+01
  -5.0162655e+00   9.9774662e+00   1.0009040e+01   2.0053259e+01
  -5.0162655e+00   9.9774662e+00   1.0009040e+01   2.0053259e+01
  -5.0162655e+00   9.9774662e+00   1.0009040e+01   2.0053259e+01
  -5.0162655e+00   9.9774662e+00   1.0009040e+01   2.0053259e+01
  -5.0162655e+00   9.9774662e+00   1.0009040e+01   2.0053259e+01
  -5.0162655e+00   9.9774662e+00   1.0009040e+01   2.0053259e+01
  -5.0162655e+00   9.9774662e+00   1.0009040e+01   2.0053259e+01
  -5.0162655e+00   9.9774662e+00   1.0009040e+01   2.0053259e+01
  -5.0162655e+00   9.9774662e+00   1.0009040e+01   2.0053259e+01
  -5.0162655e+00   9.9774662e+00   1.0009040e+01   2.0053259e+01
  -5.0162655e+00   9.9774662e+00   1.0009040e+01   2.0053259e+01
  -5.0162655e+00   9.9774662e+00   1.0009040e+01   2.0053259e+01
  -5.0162655e+00   9.9774662e+00   1.0009040e+01   2.0053259e+01
  -5.0162655e+00   9.9774662e+00   1.0009040e+01   2.0053259e+01
  -5.0162655e+00   9.9774662e+00   1.0009040e+01   2.0053259e+01
  -5.0162655e+00   9.9774662e+00   1.0009040e+01   2.0053259e+01
  -5.0162655e+00   9.9774662e+00   1.0009040e+01   2.0053259e+01
  -5.0162655e+00   9.9774662e+00   1.0009040e+01   2.0053259e+01
  -5.0162655e+00   9.9774662e+00   1.0009040e+01   2.0053259e+01
  -5.0162655e+00   9.9774662e+00   1.0009040e+01   2.0053259e+01
