   2.6063234e+01   8.1864840e+00   3.0817458e+00   5.0249449e-01
   2.6063234e+01   8.1864840e+00   3.0817458e+00   5.0249449e-01
   2.6063234e+01   8.1864840e+00   3.0817458e+00   5.0249449e-01
   2.5638317e+01   8.3256741e+00   3.0590004e+00   5.5328597e-01
   2.5638317e+01   8.3256741e+00   3.0590004e+00   5.5328597e-01
   2.5609850e+01   8.1895294e+00   3.1473346e+00   6.6624541e-01
   2.5361285e+01   8.1949707e+00   3.2533777e+00   8.8093296e-01
   2.4974696e+01   8.3674599e+00   3.5594568e+00   1.2360707e+00
   2.4974696e+01   8.3674599e+00   3.5594568e+00   1.2360707e+00
   2.4974696e+01   8.3674599e+00   3.5594568e+00   1.2360707e+00
   2.4749256e+01   8.4518688e+00   3.7152791e+00   1.1981566e+00
   2.4452304e+01   8.7074246e+00   3.7218065e+00   1.3688501e+00
   2.4015537e+01   9.0881772e+00   3.5977122e+00   1.3333824e+00
   2.4015537e+01   9.0881772e+00   3.5977122e+00   1.3333824e+00
   2.4072646e+01   9.0244850e+00   3.3793987e+00   1.1985792e+00
   2.4072646e+01   9.0244850e+00   3.3793987e+00   1.1985792e+00
   2.4072646e+01   9.0244850e+00   3.3793987e+00   1.1985792e+00
   2.4072646e+01   9.0244850e+00   3.3793987e+00   1.1985792e+00
   2.4072646e+01   9.0244850e+00   3.3793987e+00   1.1985792e+00
   2.3941475e+01   9.1263599e+00   3.7528020e+00   1.3050178e+00
   2.4038439e+01   8.7333264e+00   3.5698262e+00   1.7340369e+00
   2.4038439e+01   8.7333264e+00   3.5698262e+00   1.7340369e+00
   2.4038439e+01   8.7333264e+00   3.5698262e+00   1.7340369e+00
   2.4041083e+01   9.1410714e+00   3.4246020e+00   1.7800400e+00
   2.4156902e+01   9.2680624e+00   3.2895900e+00   1.9475549e+00
   2.4156902e+01   9.2680624e+00   3.2895900e+00   1.9475549e+00
   2.4136852e+01   9.1354648e+00   3.3660008e+00   1.7257800e+00
   2.4136852e+01   9.1354648e+00   3.3660008e+00   1.7257800e+00
   2.4158982e+01   9.3464875e+00   3.3795226e+00   1.6224635e+00
   2.3950288e+01   9.2502172e+00   3.2774330e+00   1.4976308e+00
   2.3778055e+01   9.4394040e+00   3.1408788e+00   1.4884731e+00
   2.3778055e+01   9.4394040e+00   3.1408788e+00   1.4884731e+00
   2.3778055e+01   9.4394040e+00   3.1408788e+00   1.4884731e+00
   2.3717016e+01   9.4213145e+00   2.9883764e+00   1.3669255e+00
   2.3717016e+01   9.4213145e+00   2.9883764e+00   1.3669255e+00
   2.4205932e+01   9.3261211e+00   3.0415546e+00   1.5430239e+00
   2.4267570e+01   9.3324359e+00   2.9520177e+00   1.6384800e+00
   2.3876942e+01   8.9573297e+00   2.9777092e+00   1.5967490e+00
   2.3969686e+01   9.1981100e+00   2.9822787e+00   2.0818375e+00
   2.3969686e+01   9.1981100e+00   2.9822787e+00   2.0818375e+00
   2.3785556e+01   9.1347979e+00   3.1366321e+00   2.2344556e+00
   2.3785556e+01   9.1347979e+00   3.1366321e+00   2.2344556e+00
   2.3785556e+01   9.1347979e+00   3.1366321e+00   2.2344556e+00
   2.3902277e+01   9.2129648e+00   3.1417805e+00   2.2534339e+00
   2.3861461e+01   9.0302592e+00   3.0939335e+00   2.5017919e+00
   2.3864312e+01   9.1399884e+00   3.1657325e+00   2.5704213e+00
   2.4132333e+01   9.1238732e+00   3.2730059e+00   2.3579329e+00
   2.4217768e+01   8.9283572e+00   3.3513971e+00   2.0118616e+00
   2.4026149e+01   8.9355993e+00   3.5392611e+00   2.0419918e+00
   8.7582194e+00   1.9363600e+01  -5.3070140e+00   8.6178569e+00
   8.7582194e+00   1.9363600e+01  -5.3070140e+00   8.6178569e+00
   8.7582194e+00   1.9363600e+01  -5.3070140e+00   8.6178569e+00
   8.7582194e+00   1.9363600e+01  -5.3070140e+00   8.6178569e+00
   9.9846936e+00   1.9915404e+01  -5.0408752e+00   9.8114070e+00
   9.9553318e+00   2.0031027e+01  -5.0380752e+00   9.9058620e+00
   9.9590011e+00   1.9995488e+01  -5.0286280e+00   9.9418610e+00
   9.9590011e+00   1.9995488e+01  -5.0286280e+00   9.9418610e+00
   9.9590011e+00   1.9995488e+01  -5.0286280e+00   9.9418610e+00
   9.9951811e+00   1.9940830e+01  -5.0324842e+00   1.0002633e+01
   9.9979487e+00   2.0015887e+01  -5.0502333e+00   9.9911471e+00
   9.9613652e+00   2.0031646e+01  -5.0197302e+00   9.9178630e+00
   9.9866995e+00   2.0034186e+01  -5.0348250e+00   1.0004572e+01
   9.9883291e+00   1.9945483e+01  -5.0344185e+00   1.0014274e+01
   9.9712056e+00   1.9970586e+01  -5.0047250e+00   9.9911320e+00
   1.0005011e+01   1.9998037e+01  -5.0372060e+00   9.9767936e+00
   1.0025580e+01   2.0008408e+01  -5.0002056e+00   1.0004882e+01
   1.0011663e+01   1.9988437e+01  -5.0237414e+00   9.9973146e+00
   9.9358635e+00   2.0000778e+01  -4.9967251e+00   9.9546500e+00
   9.9358635e+00   2.0000778e+01  -4.9967251e+00   9.9546500e+00
   9.9629231e+00   1.9996950e+01  -5.0524011e+00   9.9898211e+00
   9.9629231e+00   1.9996950e+01  -5.0524011e+00   9.9898211e+00
   1.0004300e+01   1.9984483e+01  -4.9869838e+00   1.0019097e+01
   1.0002476e+01   1.9994754e+01  -5.0529785e+00   1.0003452e+01
   1.0002476e+01   1.9994754e+01  -5.0529785e+00   1.0003452e+01
   1.0030355e+01   1.9972337e+01  -5.0248796e+00   9.9829352e+00
   9.9650363e+00   2.0007634e+01  -5.0035113e+00   1.0016863e+01
   9.9990535e+00   1.9969393e+01  -5.0317013e+00   1.0008404e+01
   9.9835791e+00   1.9977270e+01  -4.9850099e+00   1.0011939e+01
   9.9835791e+00   1.9977270e+01  -4.9850099e+00   1.0011939e+01
   9.9835791e+00   1.9977270e+01  -4.9850099e+00   1.0011939e+01
   9.9835791e+00   1.9977270e+01  -4.9850099e+00   1.0011939e+01
   9.9835791e+00   1.9977270e+01  -4.9850099e+00   1.0011939e+01
   9.9835791e+00   1.9977270e+01  -4.9850099e+00   1.0011939e+01
   9.9835791e+00   1.9977270e+01  -4.9850099e+00   1.0011939e+01
   9.9835791e+00   1.9977270e+01  -4.9850099e+00   1.0011939e+01
   9.9835791e+00   1.9977270e+01  -4.9850099e+00   1.0011939e+01
   9.9835791e+00   1.9977270e+01  -4.9850099e+00   1.0011939e+01
   9.9835791e+00   1.9977270e+01  -4.9850099e+00   1.0011939e+01
   9.9835791e+00   1.9977270e+01  -4.9850099e+00   1.0011939e+01
   9.9835791e+00   1.9977270e+01  -4.9850099e+00   1.0011939e+01
   9.9835791e+00   1.9977270e+01  -4.9850099e+00   1.0011939e+01
   9.9835791e+00   1.9977270e+01  -4.9850099e+00   1.0011939e+01
   9.9835791e+00   1.9977270e+01  -4.9850099e+00   1.0011939e+01
   9.9835791e+00   1.9977270e+01  -4.9850099e+00   1.0011939e+01
   9.9835791e+00   1.9977270e+01  -4.9850099e+00   1.0011939e+01
   9.9835791e+00   1.9977270e+01  -4.9850099e+00   1.0011939e+01
   9.9835791e+00   1.9977270e+01  -4.9850099e+00   1.0011939e+01
   9.9835791e+00   1.9977270e+01  -4.9850099e+00   1.0011939e+01
   9.9835791e+00   1.9977270e+01  -4.9850099e+00   1.0011939e+01
   9.9835791e+00   1.9977270e+01  -4.9850099e+00   1.0011939e+01
