   4.6251670e+01   2.1916939e+01   1.2140846e+01   6.3255644e+00
   4.6045159e+01   2.2090382e+01   1.1952517e+01   6.4678847e+00
   4.6045159e+01   2.2090382e+01   1.1952517e+01   6.4678847e+00
   4.6045159e+01   2.2090382e+01   1.1952517e+01   6.4678847e+00
   4.6255524e+01   2.1991488e+01   1.2139495e+01   6.2754534e+00
   4.6231427e+01   2.1993584e+01   1.2146051e+01   6.4479453e+00
   4.6231427e+01   2.1993584e+01   1.2146051e+01   6.4479453e+00
   4.6230489e+01   2.1742339e+01   1.2075917e+01   6.0144155e+00
   4.5675219e+01   2.1507664e+01   1.2353850e+01   5.9550201e+00
   4.5675219e+01   2.1507664e+01   1.2353850e+01   5.9550201e+00
   4.5686645e+01   2.1390551e+01   1.2335040e+01   5.9372402e+00
   4.5686645e+01   2.1390551e+01   1.2335040e+01   5.9372402e+00
   4.5686645e+01   2.1390551e+01   1.2335040e+01   5.9372402e+00
   4.5686645e+01   2.1390551e+01   1.2335040e+01   5.9372402e+00
   4.5686645e+01   2.1390551e+01   1.2335040e+01   5.9372402e+00
   4.5792343e+01   2.1737853e+01   1.2341414e+01   5.9595057e+00
   4.5746500e+01   2.1806561e+01   1.2225438e+01   5.9318227e+00
   4.5746500e+01   2.1806561e+01   1.2225438e+01   5.9318227e+00
   4.5598796e+01   2.1520398e+01   1.2288076e+01   6.0170286e+00
   4.5789803e+01   2.1158083e+01   1.2483492e+01   5.6680435e+00
   4.5789803e+01   2.1158083e+01   1.2483492e+01   5.6680435e+00
   4.5789803e+01   2.1158083e+01   1.2483492e+01   5.6680435e+00
   4.5788803e+01   2.1000199e+01   1.2318060e+01   5.4966939e+00
   4.6084564e+01   2.1138886e+01   1.2559866e+01   5.6587023e+00
   4.6084564e+01   2.1138886e+01   1.2559866e+01   5.6587023e+00
   4.6133538e+01   2.0775802e+01   1.2398520e+01   5.8701540e+00
   4.6118550e+01   2.0691254e+01   1.2474754e+01   5.3831151e+00
   4.6118550e+01   2.0691254e+01   1.2474754e+01   5.3831151e+00
   4.6424630e+01   2.0482184e+01   1.2376135e+01   5.7505881e+00
   4.6232545e+01   2.0388004e+01   1.2270370e+01   5.9064857e+00
   4.6269677e+01   2.0666773e+01   1.2414573e+01   6.0220285e+00
   4.6260181e+01   2.0395226e+01   1.2388811e+01   5.9292694e+00
   4.6505343e+01   2.0344776e+01   1.2186590e+01   5.6504052e+00
   4.6519792e+01   2.0140748e+01   1.2044696e+01   5.5760097e+00
   4.6519792e+01   2.0140748e+01   1.2044696e+01   5.5760097e+00
   4.6281566e+01   2.0255862e+01   1.1864785e+01   5.5196204e+00
   4.6474240e+01   2.0107835e+01   1.1813770e+01   5.5389572e+00
   4.6288626e+01   2.0224922e+01   1.1637042e+01   5.5352270e+00
   4.6288626e+01   2.0224922e+01   1.1637042e+01   5.5352270e+00
   4.6113907e+01   2.0239729e+01   1.1833205e+01   5.5562581e+00
   4.6113907e+01   2.0239729e+01   1.1833205e+01   5.5562581e+00
   4.6113907e+01   2.0239729e+01   1.1833205e+01   5.5562581e+00
   4.5912096e+01   2.0253472e+01   1.1829842e+01   5.4687894e+00
   4.5976803e+01   2.0314635e+01   1.1679341e+01   5.2728223e+00
   4.5545211e+01   2.0222807e+01   1.1468310e+01   5.2719252e+00
   4.5739869e+01   2.0269872e+01   1.1411184e+01   5.3825386e+00
   4.5739869e+01   2.0269872e+01   1.1411184e+01   5.3825386e+00
   4.5756730e+01   2.0718195e+01   1.1418449e+01   5.3526220e+00
   4.5756730e+01   2.0718195e+01   1.1418449e+01   5.3526220e+00
   3.0372876e+01   2.0183529e+01  -4.2395521e+00   1.0252171e+01
   2.9990566e+01   2.0005016e+01  -5.0326966e+00   9.9800743e+00
   2.9990566e+01   2.0005016e+01  -5.0326966e+00   9.9800743e+00
   3.0026824e+01   2.0042118e+01  -5.0095560e+00   9.9507179e+00
   2.9965131e+01   2.0003563e+01  -5.0005906e+00   9.9931970e+00
   2.9965131e+01   2.0003563e+01  -5.0005906e+00   9.9931970e+00
   2.9965131e+01   2.0003563e+01  -5.0005906e+00   9.9931970e+00
   3.0041044e+01   2.0047474e+01  -4.9835906e+00   9.9612123e+00
   2.9985206e+01   2.0004094e+01  -4.9892176e+00   1.0004615e+01
   3.0000100e+01   2.0022053e+01  -4.9948020e+00   9.9978502e+00
   3.0022798e+01   2.0024849e+01  -5.0109328e+00   9.9518930e+00
   2.9947948e+01   1.9944003e+01  -4.9601896e+00   1.0000304e+01
   3.0011578e+01   2.0023843e+01  -4.9953174e+00   9.9811271e+00
   2.9979862e+01   1.9986416e+01  -4.9678505e+00   1.0033252e+01
   2.9962889e+01   1.9983388e+01  -4.9693888e+00   9.9887573e+00
   2.9974670e+01   1.9988974e+01  -4.9975229e+00   9.9872698e+00
   3.0023000e+01   2.0041593e+01  -5.0247278e+00   9.9550009e+00
   3.0011777e+01   2.0020451e+01  -4.9974142e+00   9.9898414e+00
   2.9973370e+01   1.9993092e+01  -4.9606322e+00   9.9983875e+00
   2.9999691e+01   2.0034574e+01  -4.9830974e+00   9.9663092e+00
   2.9998393e+01   1.9992121e+01  -4.9475199e+00   1.0045561e+01
   2.9998393e+01   1.9992121e+01  -4.9475199e+00   1.0045561e+01
   2.9998393e+01   1.9992121e+01  -4.9475199e+00   1.0045561e+01
   2.9996695e+01   2.0003667e+01  -4.9854753e+00   9.9738209e+00
   2.9977688e+01   2.0000187e+01  -5.0027045e+00   9.9812691e+00
   3.0040407e+01   2.0024177e+01  -4.9914023e+00   9.9895990e+00
   3.0031067e+01   2.0053460e+01  -4.9733806e+00   9.9734384e+00
   2.9927322e+01   1.9948494e+01  -5.0007694e+00   1.0007414e+01
   2.9983911e+01   1.9972721e+01  -4.9975690e+00   1.0041462e+01
   2.9983911e+01   1.9972721e+01  -4.9975690e+00   1.0041462e+01
   2.9983911e+01   1.9972721e+01  -4.9975690e+00   1.0041462e+01
   2.9983911e+01   1.9972721e+01  -4.9975690e+00   1.0041462e+01
   2.9983911e+01   1.9972721e+01  -4.9975690e+00   1.0041462e+01
   2.9983911e+01   1.9972721e+01  -4.9975690e+00   1.0041462e+01
   2.9983911e+01   1.9972721e+01  -4.9975690e+00   1.0041462e+01
   2.9977891e+01   1.9984851e+01  -5.0348000e+00   1.0005747e+01
   2.9977891e+01   1.9984851e+01  -5.0348000e+00   1.0005747e+01
   2.9977891e+01   1.9984851e+01  -5.0348000e+00   1.0005747e+01
   2.9977891e+01   1.9984851e+01  -5.0348000e+00   1.0005747e+01
   2.9977891e+01   1.9984851e+01  -5.0348000e+00   1.0005747e+01
   2.9977891e+01   1.9984851e+01  -5.0348000e+00   1.0005747e+01
   2.9977891e+01   1.9984851e+01  -5.0348000e+00   1.0005747e+01
   2.9977891e+01   1.9984851e+01  -5.0348000e+00   1.0005747e+01
   2.9977891e+01   1.9984851e+01  -5.0348000e+00   1.0005747e+01
   2.9993590e+01   2.0008542e+01  -5.0041756e+00   9.9821699e+00
   2.9993590e+01   2.0008542e+01  -5.0041756e+00   9.9821699e+00
   2.9993590e+01   2.0008542e+01  -5.0041756e+00   9.9821699e+00
   2.9993590e+01   2.0008542e+01  -5.0041756e+00   9.9821699e+00
   2.9993590e+01   2.0008542e+01  -5.0041756e+00   9.9821699e+00
   2.9993590e+01   2.0008542e+01  -5.0041756e+00   9.9821699e+00
   2.9993590e+01   2.0008542e+01  -5.0041756e+00   9.9821699e+00
