   2.0551887e+01  -2.7470298e+01  -2.6747714e+01   6.0169987e+00
   2.0551887e+01  -2.7470298e+01  -2.6747714e+01   6.0169987e+00
   2.0551887e+01  -2.7470298e+01  -2.6747714e+01   6.0169987e+00
   2.0981159e+01  -2.7490505e+01  -2.6627760e+01   6.0524634e+00
   2.0864261e+01  -2.7628674e+01  -2.6653840e+01   5.8159415e+00
   2.0650787e+01  -2.7362706e+01  -2.6553749e+01   5.8395963e+00
   2.0937364e+01  -2.7593163e+01  -2.6361697e+01   5.7357615e+00
   2.0810037e+01  -2.7461897e+01  -2.6543227e+01   5.7154877e+00
   2.0810037e+01  -2.7461897e+01  -2.6543227e+01   5.7154877e+00
   2.0810037e+01  -2.7461897e+01  -2.6543227e+01   5.7154877e+00
   2.0698063e+01  -2.7381534e+01  -2.6288003e+01   5.5919518e+00
   2.0614486e+01  -2.7165353e+01  -2.6144483e+01   5.3019166e+00
   2.0614486e+01  -2.7165353e+01  -2.6144483e+01   5.3019166e+00
   2.0614486e+01  -2.7165353e+01  -2.6144483e+01   5.3019166e+00
   2.0647610e+01  -2.6999436e+01  -2.6252795e+01   5.6142950e+00
   2.0647610e+01  -2.6999436e+01  -2.6252795e+01   5.6142950e+00
   2.0647610e+01  -2.6999436e+01  -2.6252795e+01   5.6142950e+00
   2.0496050e+01  -2.7285031e+01  -2.6123811e+01   5.4110618e+00
   2.0326029e+01  -2.7345014e+01  -2.6200621e+01   5.5144209e+00
   2.0326029e+01  -2.7345014e+01  -2.6200621e+01   5.5144209e+00
   2.0473534e+01  -2.6905889e+01  -2.5997514e+01   5.5353703e+00
   2.0473534e+01  -2.6905889e+01  -2.5997514e+01   5.5353703e+00
   2.0473534e+01  -2.6905889e+01  -2.5997514e+01   5.5353703e+00
   2.0825325e+01  -2.6964851e+01  -2.5912285e+01   5.7079772e+00
   2.0825325e+01  -2.6964851e+01  -2.5912285e+01   5.7079772e+00
   2.0815091e+01  -2.7078619e+01  -2.5798207e+01   5.6470369e+00
   2.0749855e+01  -2.6662436e+01  -2.5853614e+01   5.3968076e+00
   2.0854288e+01  -2.6252379e+01  -2.6033131e+01   5.5816609e+00
   2.0820198e+01  -2.6314503e+01  -2.6016377e+01   5.6595725e+00
   2.0820198e+01  -2.6314503e+01  -2.6016377e+01   5.6595725e+00
   2.0613568e+01  -2.6515494e+01  -2.5937650e+01   5.7307923e+00
   2.0636129e+01  -2.6644923e+01  -2.5637678e+01   5.5825741e+00
   2.0417915e+01  -2.6695766e+01  -2.5701477e+01   5.4134865e+00
   2.0288488e+01  -2.6646715e+01  -2.5581136e+01   5.2692243e+00
   2.0174672e+01  -2.6619344e+01  -2.5342924e+01   5.5078403e+00
   2.0174672e+01  -2.6619344e+01  -2.5342924e+01   5.5078403e+00
   2.0028798e+01  -2.6423668e+01  -2.5173772e+01   5.8505517e+00
   1.9941905e+01  -2.6163044e+01  -2.5069088e+01   5.7238203e+00
   1.9941905e+01  -2.6163044e+01  -2.5069088e+01   5.7238203e+00
   1.9713405e+01  -2.5917872e+01  -2.5187147e+01   5.6344914e+00
   1.9713405e+01  -2.5917872e+01  -2.5187147e+01   5.6344914e+00
   1.9886991e+01  -2.5914159e+01  -2.5343627e+01   5.7651191e+00
   1.9818430e+01  -2.5805312e+01  -2.5464563e+01   5.7185608e+00
   1.9547967e+01  -2.5687707e+01  -2.5520157e+01   5.9138627e+00
   1.9547967e+01  -2.5687707e+01  -2.5520157e+01   5.9138627e+00
   1.9175988e+01  -2.5501577e+01  -2.5100354e+01   5.9473163e+00
   1.9085544e+01  -2.5678843e+01  -2.4916850e+01   6.2333824e+00
   1.9435585e+01  -2.5293172e+01  -2.4788520e+01   5.7301256e+00
   1.9098669e+01  -2.5084050e+01  -2.4720653e+01   5.5602759e+00
   8.6794876e+00   8.8729909e+00  -5.8461812e+00   1.9633046e+01
   8.6794876e+00   8.8729909e+00  -5.8461812e+00   1.9633046e+01
   1.0072303e+01   1.0062095e+01  -5.0165479e+00   2.0014192e+01
   1.0072303e+01   1.0062095e+01  -5.0165479e+00   2.0014192e+01
   9.9868664e+00   9.9882856e+00  -4.9386145e+00   2.0037589e+01
   9.9847488e+00   9.9878964e+00  -4.8953872e+00   2.0007735e+01
   1.0028833e+01   9.9916855e+00  -4.9558905e+00   2.0073614e+01
   1.0017535e+01   9.9959482e+00  -4.9357411e+00   2.0047322e+01
   1.0017535e+01   9.9959482e+00  -4.9357411e+00   2.0047322e+01
   1.0017535e+01   9.9959482e+00  -4.9357411e+00   2.0047322e+01
   1.0017535e+01   9.9959482e+00  -4.9357411e+00   2.0047322e+01
   1.0017535e+01   9.9959482e+00  -4.9357411e+00   2.0047322e+01
   1.0063288e+01   1.0016226e+01  -4.9784437e+00   2.0012509e+01
   1.0063288e+01   1.0016226e+01  -4.9784437e+00   2.0012509e+01
   1.0063288e+01   1.0016226e+01  -4.9784437e+00   2.0012509e+01
   9.9703631e+00   1.0040989e+01  -4.9757170e+00   2.0011917e+01
   9.9246268e+00   1.0019132e+01  -4.9921914e+00   2.0008087e+01
   9.9246268e+00   1.0019132e+01  -4.9921914e+00   2.0008087e+01
   9.9246268e+00   1.0019132e+01  -4.9921914e+00   2.0008087e+01
   9.9876381e+00   1.0000022e+01  -4.9341840e+00   2.0021642e+01
   9.9876381e+00   1.0000022e+01  -4.9341840e+00   2.0021642e+01
   9.9876381e+00   1.0000022e+01  -4.9341840e+00   2.0021642e+01
   1.0007044e+01   9.9941205e+00  -4.9368150e+00   1.9992326e+01
   1.0045929e+01   9.9581907e+00  -4.9774420e+00   2.0029640e+01
   1.0020878e+01   9.9874758e+00  -5.0392530e+00   2.0010509e+01
   1.0020878e+01   9.9874758e+00  -5.0392530e+00   2.0010509e+01
   1.0020878e+01   9.9874758e+00  -5.0392530e+00   2.0010509e+01
   1.0020878e+01   9.9874758e+00  -5.0392530e+00   2.0010509e+01
   1.0020878e+01   9.9874758e+00  -5.0392530e+00   2.0010509e+01
   1.0020878e+01   9.9874758e+00  -5.0392530e+00   2.0010509e+01
   1.0020878e+01   9.9874758e+00  -5.0392530e+00   2.0010509e+01
   1.0020878e+01   9.9874758e+00  -5.0392530e+00   2.0010509e+01
   1.0020878e+01   9.9874758e+00  -5.0392530e+00   2.0010509e+01
   1.0020878e+01   9.9874758e+00  -5.0392530e+00   2.0010509e+01
   1.0020878e+01   9.9874758e+00  -5.0392530e+00   2.0010509e+01
   1.0020878e+01   9.9874758e+00  -5.0392530e+00   2.0010509e+01
   1.0020878e+01   9.9874758e+00  -5.0392530e+00   2.0010509e+01
   1.0020878e+01   9.9874758e+00  -5.0392530e+00   2.0010509e+01
   1.0020878e+01   9.9874758e+00  -5.0392530e+00   2.0010509e+01
   1.0020878e+01   9.9874758e+00  -5.0392530e+00   2.0010509e+01
   1.0020878e+01   9.9874758e+00  -5.0392530e+00   2.0010509e+01
   1.0020878e+01   9.9874758e+00  -5.0392530e+00   2.0010509e+01
   1.0020878e+01   9.9874758e+00  -5.0392530e+00   2.0010509e+01
   1.0020878e+01   9.9874758e+00  -5.0392530e+00   2.0010509e+01
   1.0020878e+01   9.9874758e+00  -5.0392530e+00   2.0010509e+01
   1.0020878e+01   9.9874758e+00  -5.0392530e+00   2.0010509e+01
   1.0020878e+01   9.9874758e+00  -5.0392530e+00   2.0010509e+01
   1.0020878e+01   9.9874758e+00  -5.0392530e+00   2.0010509e+01
   1.0020878e+01   9.9874758e+00  -5.0392530e+00   2.0010509e+01
   1.0020878e+01   9.9874758e+00  -5.0392530e+00   2.0010509e+01
   1.0020878e+01   9.9874758e+00  -5.0392530e+00   2.0010509e+01
