  -5.9740377e+00  -2.2082423e+01  -2.8726911e+01   4.3750324e+01
  -5.7605671e+00  -2.2206004e+01  -2.8492456e+01   4.3795008e+01
  -5.7605671e+00  -2.2206004e+01  -2.8492456e+01   4.3795008e+01
  -5.7605671e+00  -2.2206004e+01  -2.8492456e+01   4.3795008e+01
  -5.7212699e+00  -2.2435183e+01  -2.8308449e+01   4.3616824e+01
  -5.7212699e+00  -2.2435183e+01  -2.8308449e+01   4.3616824e+01
  -5.3480254e+00  -2.2418210e+01  -2.8187963e+01   4.3691629e+01
  -5.2973956e+00  -2.2288231e+01  -2.8078119e+01   4.3681751e+01
  -5.3916530e+00  -2.2432974e+01  -2.7822739e+01   4.3553441e+01
  -5.1087683e+00  -2.2315213e+01  -2.7804054e+01   4.3485527e+01
  -5.1878560e+00  -2.2281322e+01  -2.7870417e+01   4.3308979e+01
  -4.9687731e+00  -2.2094634e+01  -2.7825197e+01   4.3224702e+01
  -4.9687731e+00  -2.2094634e+01  -2.7825197e+01   4.3224702e+01
  -5.0852083e+00  -2.2019068e+01  -2.8113555e+01   4.3176543e+01
  -4.8146550e+00  -2.1976729e+01  -2.8245549e+01   4.3207790e+01
  -4.5991916e+00  -2.1618483e+01  -2.8128621e+01   4.3657109e+01
  -4.4718030e+00  -2.1826242e+01  -2.8056173e+01   4.3305183e+01
  -4.2932484e+00  -2.1861944e+01  -2.8209348e+01   4.3287579e+01
  -4.2617905e+00  -2.1773658e+01  -2.8097112e+01   4.3169519e+01
  -4.4101560e+00  -2.1711009e+01  -2.8017047e+01   4.3038286e+01
  -4.5272495e+00  -2.2012380e+01  -2.8040061e+01   4.2682936e+01
  -4.6403188e+00  -2.1911304e+01  -2.7833139e+01   4.3039211e+01
  -4.6403188e+00  -2.1911304e+01  -2.7833139e+01   4.3039211e+01
  -4.6403188e+00  -2.1911304e+01  -2.7833139e+01   4.3039211e+01
  -4.6291830e+00  -2.1840487e+01  -2.8109452e+01   4.3361489e+01
  -4.6291830e+00  -2.1840487e+01  -2.8109452e+01   4.3361489e+01
  -4.6294325e+00  -2.1707547e+01  -2.7876109e+01   4.3217721e+01
  -4.4964571e+00  -2.1832940e+01  -2.7375846e+01   4.2878550e+01
  -4.7129329e+00  -2.1632011e+01  -2.7191581e+01   4.2692134e+01
  -4.7129329e+00  -2.1632011e+01  -2.7191581e+01   4.2692134e+01
  -4.5131865e+00  -2.1539589e+01  -2.7095103e+01   4.2376878e+01
  -4.5131865e+00  -2.1539589e+01  -2.7095103e+01   4.2376878e+01
  -4.5131865e+00  -2.1539589e+01  -2.7095103e+01   4.2376878e+01
  -4.5131865e+00  -2.1539589e+01  -2.7095103e+01   4.2376878e+01
  -4.5131865e+00  -2.1539589e+01  -2.7095103e+01   4.2376878e+01
  -4.8235464e+00  -2.1581747e+01  -2.7026321e+01   4.2354199e+01
  -4.9566619e+00  -2.1697924e+01  -2.6544299e+01   4.2338511e+01
  -4.9510436e+00  -2.1877175e+01  -2.6782768e+01   4.2627454e+01
  -4.7600304e+00  -2.1982704e+01  -2.6686952e+01   4.2466202e+01
  -4.7600304e+00  -2.1982704e+01  -2.6686952e+01   4.2466202e+01
  -4.3105244e+00  -2.2029038e+01  -2.6349246e+01   4.2658685e+01
  -4.3105244e+00  -2.2029038e+01  -2.6349246e+01   4.2658685e+01
  -4.3105244e+00  -2.2029038e+01  -2.6349246e+01   4.2658685e+01
  -4.3105244e+00  -2.2029038e+01  -2.6349246e+01   4.2658685e+01
  -4.0938628e+00  -2.1870133e+01  -2.6039497e+01   4.2090751e+01
  -4.2967433e+00  -2.1524526e+01  -2.5947789e+01   4.2155247e+01
  -4.5007402e+00  -2.1205030e+01  -2.5690819e+01   4.2221011e+01
  -4.5518552e+00  -2.1081528e+01  -2.5676781e+01   4.2297776e+01
  -4.3113648e+00  -2.0866230e+01  -2.5489940e+01   4.1942736e+01
   9.3342127e+00   1.0900326e+01  -5.6066649e+00   2.0572741e+01
   9.3342127e+00   1.0900326e+01  -5.6066649e+00   2.0572741e+01
   9.3342127e+00   1.0900326e+01  -5.6066649e+00   2.0572741e+01
   1.0607031e+01   9.5557232e+00  -5.7185264e+00   2.0468262e+01
   1.0607031e+01   9.5557232e+00  -5.7185264e+00   2.0468262e+01
   1.0247993e+01   9.8098724e+00  -5.2619278e+00   2.0097096e+01
   1.0247993e+01   9.8098724e+00  -5.2619278e+00   2.0097096e+01
   1.0247993e+01   9.8098724e+00  -5.2619278e+00   2.0097096e+01
   1.0427198e+01   9.7150050e+00  -5.4790261e+00   2.0249127e+01
   1.0427198e+01   9.7150050e+00  -5.4790261e+00   2.0249127e+01
   1.0427198e+01   9.7150050e+00  -5.4790261e+00   2.0249127e+01
   1.0427198e+01   9.7150050e+00  -5.4790261e+00   2.0249127e+01
   1.0427198e+01   9.7150050e+00  -5.4790261e+00   2.0249127e+01
   1.0427198e+01   9.7150050e+00  -5.4790261e+00   2.0249127e+01
   1.0427198e+01   9.7150050e+00  -5.4790261e+00   2.0249127e+01
   1.0427198e+01   9.7150050e+00  -5.4790261e+00   2.0249127e+01
   1.0427198e+01   9.7150050e+00  -5.4790261e+00   2.0249127e+01
   1.0427198e+01   9.7150050e+00  -5.4790261e+00   2.0249127e+01
   1.0427198e+01   9.7150050e+00  -5.4790261e+00   2.0249127e+01
   1.0427198e+01   9.7150050e+00  -5.4790261e+00   2.0249127e+01
   1.0427198e+01   9.7150050e+00  -5.4790261e+00   2.0249127e+01
   1.0427198e+01   9.7150050e+00  -5.4790261e+00   2.0249127e+01
   1.0427198e+01   9.7150050e+00  -5.4790261e+00   2.0249127e+01
   1.0427198e+01   9.7150050e+00  -5.4790261e+00   2.0249127e+01
   1.0427198e+01   9.7150050e+00  -5.4790261e+00   2.0249127e+01
   1.0023077e+01   9.9259811e+00  -4.9328930e+00   2.0117709e+01
   1.0023077e+01   9.9259811e+00  -4.9328930e+00   2.0117709e+01
   1.0023077e+01   9.9259811e+00  -4.9328930e+00   2.0117709e+01
   1.0023077e+01   9.9259811e+00  -4.9328930e+00   2.0117709e+01
   1.0023077e+01   9.9259811e+00  -4.9328930e+00   2.0117709e+01
   1.0023077e+01   9.9259811e+00  -4.9328930e+00   2.0117709e+01
   1.0023077e+01   9.9259811e+00  -4.9328930e+00   2.0117709e+01
   1.0023077e+01   9.9259811e+00  -4.9328930e+00   2.0117709e+01
   1.0023077e+01   9.9259811e+00  -4.9328930e+00   2.0117709e+01
   1.0023077e+01   9.9259811e+00  -4.9328930e+00   2.0117709e+01
   1.0023077e+01   9.9259811e+00  -4.9328930e+00   2.0117709e+01
   1.0023077e+01   9.9259811e+00  -4.9328930e+00   2.0117709e+01
   1.0023077e+01   9.9259811e+00  -4.9328930e+00   2.0117709e+01
   1.0023077e+01   9.9259811e+00  -4.9328930e+00   2.0117709e+01
   1.0023077e+01   9.9259811e+00  -4.9328930e+00   2.0117709e+01
   1.0023077e+01   9.9259811e+00  -4.9328930e+00   2.0117709e+01
   1.0023077e+01   9.9259811e+00  -4.9328930e+00   2.0117709e+01
   1.0023077e+01   9.9259811e+00  -4.9328930e+00   2.0117709e+01
   1.0023077e+01   9.9259811e+00  -4.9328930e+00   2.0117709e+01
   1.0023077e+01   9.9259811e+00  -4.9328930e+00   2.0117709e+01
   1.0023077e+01   9.9259811e+00  -4.9328930e+00   2.0117709e+01
   1.0023077e+01   9.9259811e+00  -4.9328930e+00   2.0117709e+01
   1.0023077e+01   9.9259811e+00  -4.9328930e+00   2.0117709e+01
   1.0023077e+01   9.9259811e+00  -4.9328930e+00   2.0117709e+01
   1.0023077e+01   9.9259811e+00  -4.9328930e+00   2.0117709e+01
   1.0023077e+01   9.9259811e+00  -4.9328930e+00   2.0117709e+01
