   3.5920959e+01   2.1124457e+01   2.6266869e+00   8.2596525e+00
   3.5784780e+01   2.1020889e+01   2.7670321e+00   8.1772054e+00
   3.5793178e+01   2.1148976e+01   2.6511600e+00   8.3341164e+00
   3.5450348e+01   2.0908750e+01   2.7833596e+00   8.2862283e+00
   3.5450348e+01   2.0908750e+01   2.7833596e+00   8.2862283e+00
   3.5339325e+01   2.1252720e+01   2.7069090e+00   8.5585084e+00
   3.5534970e+01   2.1401179e+01   2.6855109e+00   8.6925889e+00
   3.5639599e+01   2.1567905e+01   2.1335132e+00   8.5689449e+00
   3.5344235e+01   2.1357105e+01   2.0475006e+00   8.5462162e+00
   3.5163809e+01   2.1081788e+01   1.9362964e+00   8.5253238e+00
   3.5163809e+01   2.1081788e+01   1.9362964e+00   8.5253238e+00
   3.5298330e+01   2.1263446e+01   1.9525919e+00   8.6535431e+00
   3.5313025e+01   2.1173151e+01   1.7610555e+00   8.8651887e+00
   3.5313025e+01   2.1173151e+01   1.7610555e+00   8.8651887e+00
   3.5376087e+01   2.0871334e+01   1.7512473e+00   8.9227872e+00
   3.5132449e+01   2.0898966e+01   1.4319323e+00   8.8948062e+00
   3.5132449e+01   2.0898966e+01   1.4319323e+00   8.8948062e+00
   3.5213528e+01   2.0715182e+01   1.6497502e+00   9.0962964e+00
   3.5114727e+01   2.0615038e+01   1.4299661e+00   9.3359908e+00
   3.5114727e+01   2.0615038e+01   1.4299661e+00   9.3359908e+00
   3.5374388e+01   2.0880258e+01   1.7241436e+00   9.3322509e+00
   3.5139781e+01   2.0974898e+01   1.4804630e+00   9.5296125e+00
   3.5313918e+01   2.0787105e+01   1.4181043e+00   9.4708563e+00
   3.5313918e+01   2.0787105e+01   1.4181043e+00   9.4708563e+00
   3.5187396e+01   2.0803229e+01   1.3500427e+00   9.0738479e+00
   3.5316019e+01   2.0921877e+01   1.2316921e+00   9.2658213e+00
   3.5390265e+01   2.1106294e+01   1.1702861e+00   9.2194693e+00
   3.5492232e+01   2.1027372e+01   1.0406154e+00   9.3039363e+00
   3.5540322e+01   2.1059969e+01   8.9276995e-01   9.0202979e+00
   3.5540322e+01   2.1059969e+01   8.9276995e-01   9.0202979e+00
   3.5430458e+01   2.0981346e+01   9.2088690e-01   9.3209833e+00
   3.5430458e+01   2.0981346e+01   9.2088690e-01   9.3209833e+00
   3.5430458e+01   2.0981346e+01   9.2088690e-01   9.3209833e+00
   3.5512436e+01   2.0573024e+01   9.6253839e-01   9.5190313e+00
   3.5623368e+01   2.0415495e+01   8.2012984e-01   9.5231915e+00
   3.5686785e+01   2.0126371e+01   7.3596150e-01   9.6117050e+00
   3.5686785e+01   2.0126371e+01   7.3596150e-01   9.6117050e+00
   3.5783933e+01   2.0056962e+01   7.1631510e-01   9.9639572e+00
   3.5783933e+01   2.0056962e+01   7.1631510e-01   9.9639572e+00
   3.5672541e+01   2.0135745e+01   4.3455763e-01   9.8425358e+00
   3.5866851e+01   2.0263674e+01   1.2910274e-01   9.7722452e+00
   3.5968731e+01   2.0376885e+01   3.8071333e-02   9.7935333e+00
   3.5969639e+01   2.0315150e+01   1.9634993e-01   9.5792010e+00
   3.5969639e+01   2.0315150e+01   1.9634993e-01   9.5792010e+00
   3.5969639e+01   2.0315150e+01   1.9634993e-01   9.5792010e+00
   3.5969639e+01   2.0315150e+01   1.9634993e-01   9.5792010e+00
   3.5969639e+01   2.0315150e+01   1.9634993e-01   9.5792010e+00
   3.5969639e+01   2.0315150e+01   1.9634993e-01   9.5792010e+00
   3.6267364e+01   2.0302286e+01   8.8484678e-03   9.5237442e+00
   3.6267364e+01   2.0302286e+01   8.8484678e-03   9.5237442e+00
   3.0869964e+01   2.1187494e+01  -4.3402348e+00   9.4110360e+00
   3.0869964e+01   2.1187494e+01  -4.3402348e+00   9.4110360e+00
   3.0869964e+01   2.1187494e+01  -4.3402348e+00   9.4110360e+00
   3.0010985e+01   2.0104479e+01  -5.0122149e+00   9.9653432e+00
   3.0010985e+01   2.0104479e+01  -5.0122149e+00   9.9653432e+00
   2.9975456e+01   2.0030712e+01  -5.0101611e+00   9.9244122e+00
   2.9990248e+01   2.0045421e+01  -5.0243233e+00   9.9629851e+00
   2.9990248e+01   2.0045421e+01  -5.0243233e+00   9.9629851e+00
   2.9990248e+01   2.0045421e+01  -5.0243233e+00   9.9629851e+00
   2.9990248e+01   2.0045421e+01  -5.0243233e+00   9.9629851e+00
   2.9990248e+01   2.0045421e+01  -5.0243233e+00   9.9629851e+00
   2.9990248e+01   2.0045421e+01  -5.0243233e+00   9.9629851e+00
   3.0013792e+01   2.0057138e+01  -5.0309376e+00   1.0020667e+01
   2.9969519e+01   2.0000359e+01  -5.0125484e+00   1.0024068e+01
   2.9969519e+01   2.0000359e+01  -5.0125484e+00   1.0024068e+01
   2.9979461e+01   1.9987091e+01  -5.0104505e+00   9.9812184e+00
   2.9970403e+01   1.9968838e+01  -5.0008585e+00   9.9632994e+00
   3.0019385e+01   2.0025255e+01  -5.0133989e+00   1.0035346e+01
   2.9983358e+01   2.0012544e+01  -4.9905580e+00   9.9896099e+00
   2.9973048e+01   1.9989972e+01  -5.0071161e+00   1.0002825e+01
   2.9990319e+01   2.0026531e+01  -4.9705761e+00   1.0003248e+01
   2.9953105e+01   1.9965149e+01  -4.9972429e+00   1.0010288e+01
   3.0021709e+01   2.0029646e+01  -5.0487785e+00   9.9863233e+00
   2.9946441e+01   1.9949077e+01  -4.9876560e+00   1.0006267e+01
   2.9959052e+01   1.9980683e+01  -5.0200052e+00   9.9790592e+00
   2.9937007e+01   1.9926701e+01  -5.0032577e+00   9.9966481e+00
   2.9958196e+01   2.0019032e+01  -5.0103607e+00   1.0031896e+01
   2.9938975e+01   1.9954969e+01  -4.9989850e+00   1.0001083e+01
   2.9968244e+01   1.9977277e+01  -4.9940319e+00   9.9986013e+00
   2.9968244e+01   1.9977277e+01  -4.9940319e+00   9.9986013e+00
   2.9968244e+01   1.9977277e+01  -4.9940319e+00   9.9986013e+00
   2.9968244e+01   1.9977277e+01  -4.9940319e+00   9.9986013e+00
   2.9968244e+01   1.9977277e+01  -4.9940319e+00   9.9986013e+00
   2.9968244e+01   1.9977277e+01  -4.9940319e+00   9.9986013e+00
   2.9968244e+01   1.9977277e+01  -4.9940319e+00   9.9986013e+00
   2.9968244e+01   1.9977277e+01  -4.9940319e+00   9.9986013e+00
   2.9968244e+01   1.9977277e+01  -4.9940319e+00   9.9986013e+00
   2.9968244e+01   1.9977277e+01  -4.9940319e+00   9.9986013e+00
   2.9968244e+01   1.9977277e+01  -4.9940319e+00   9.9986013e+00
   2.9968244e+01   1.9977277e+01  -4.9940319e+00   9.9986013e+00
   2.9968244e+01   1.9977277e+01  -4.9940319e+00   9.9986013e+00
   2.9968244e+01   1.9977277e+01  -4.9940319e+00   9.9986013e+00
   2.9968244e+01   1.9977277e+01  -4.9940319e+00   9.9986013e+00
   2.9968244e+01   1.9977277e+01  -4.9940319e+00   9.9986013e+00
   2.9968244e+01   1.9977277e+01  -4.9940319e+00   9.9986013e+00
   2.9968244e+01   1.9977277e+01  -4.9940319e+00   9.9986013e+00
   2.9968244e+01   1.9977277e+01  -4.9940319e+00   9.9986013e+00
   2.9968244e+01   1.9977277e+01  -4.9940319e+00   9.9986013e+00
   2.9968244e+01   1.9977277e+01  -4.9940319e+00   9.9986013e+00
   2.9968244e+01   1.9977277e+01  -4.9940319e+00   9.9986013e+00
