   3.8588624e+01   2.4379654e+01   3.7999918e+01   3.1821462e+01
   3.8588624e+01   2.4379654e+01   3.7999918e+01   3.1821462e+01
   3.8588624e+01   2.4379654e+01   3.7999918e+01   3.1821462e+01
   3.8696090e+01   2.4695402e+01   3.7852283e+01   3.1976509e+01
   3.8259539e+01   2.4534573e+01   3.7798697e+01   3.2197802e+01
   3.8263542e+01   2.4473059e+01   3.7888519e+01   3.2233554e+01
   3.8263542e+01   2.4473059e+01   3.7888519e+01   3.2233554e+01
   3.8176265e+01   2.4382740e+01   3.7995876e+01   3.2269693e+01
   3.8063571e+01   2.4502178e+01   3.7936105e+01   3.2272633e+01
   3.8110004e+01   2.4529601e+01   3.8031250e+01   3.2183594e+01
   3.8110004e+01   2.4529601e+01   3.8031250e+01   3.2183594e+01
   3.8110004e+01   2.4529601e+01   3.8031250e+01   3.2183594e+01
   3.8258538e+01   2.4219609e+01   3.7464266e+01   3.2261141e+01
   3.8245647e+01   2.4197441e+01   3.7710845e+01   3.2082828e+01
   3.8327002e+01   2.3996963e+01   3.7524586e+01   3.1999178e+01
   3.8443312e+01   2.3650912e+01   3.7394397e+01   3.1802836e+01
   3.8265461e+01   2.3845371e+01   3.7155825e+01   3.1864881e+01
   3.7903908e+01   2.3946184e+01   3.6942114e+01   3.1628151e+01
   3.7620439e+01   2.4144357e+01   3.7136658e+01   3.1661694e+01
   3.7808244e+01   2.4358829e+01   3.7120791e+01   3.1880144e+01
   3.7808244e+01   2.4358829e+01   3.7120791e+01   3.1880144e+01
   3.7808244e+01   2.4358829e+01   3.7120791e+01   3.1880144e+01
   3.7808244e+01   2.4358829e+01   3.7120791e+01   3.1880144e+01
   3.7722491e+01   2.4249281e+01   3.7065292e+01   3.1581395e+01
   3.7821865e+01   2.4019515e+01   3.7062096e+01   3.1183990e+01
   3.7991652e+01   2.3957535e+01   3.7264174e+01   3.1146596e+01
   3.7991652e+01   2.3957535e+01   3.7264174e+01   3.1146596e+01
   3.7991652e+01   2.3957535e+01   3.7264174e+01   3.1146596e+01
   3.7991652e+01   2.3957535e+01   3.7264174e+01   3.1146596e+01
   3.7991652e+01   2.3957535e+01   3.7264174e+01   3.1146596e+01
   3.7824769e+01   2.4004298e+01   3.7247587e+01   3.0945722e+01
   3.7725384e+01   2.4149085e+01   3.7106242e+01   3.0855001e+01
   3.7848921e+01   2.4355210e+01   3.7382571e+01   3.0714585e+01
   3.7848921e+01   2.4355210e+01   3.7382571e+01   3.0714585e+01
   3.7923764e+01   2.4366555e+01   3.7391510e+01   3.0544187e+01
   3.7923764e+01   2.4366555e+01   3.7391510e+01   3.0544187e+01
   3.7666554e+01   2.4503463e+01   3.7105732e+01   3.0613508e+01
   3.7805907e+01   2.4615784e+01   3.7401861e+01   3.0553288e+01
   3.7720539e+01   2.4200281e+01   3.7175592e+01   3.0998908e+01
   3.7720539e+01   2.4200281e+01   3.7175592e+01   3.0998908e+01
   3.8007455e+01   2.4231932e+01   3.7126447e+01   3.0605636e+01
   3.8121303e+01   2.4121532e+01   3.7110949e+01   3.0504910e+01
   3.8323609e+01   2.4387812e+01   3.7202979e+01   3.0542975e+01
   3.8323609e+01   2.4387812e+01   3.7202979e+01   3.0542975e+01
   3.8367207e+01   2.4209040e+01   3.7060359e+01   3.0705826e+01
   3.8342914e+01   2.3797306e+01   3.6950648e+01   3.1199025e+01
   3.8342914e+01   2.3797306e+01   3.6950648e+01   3.1199025e+01
   3.8072330e+01   2.3718388e+01   3.6808974e+01   3.1207791e+01
   3.8072330e+01   2.3718388e+01   3.6808974e+01   3.1207791e+01
   9.4948098e+00  -7.2338276e+00  -5.8951442e+00   6.0832453e+00
   1.2133934e+01  -4.8856993e+00  -4.3226224e+00   4.7102024e+00
   1.1433754e+01  -6.2671109e+00  -4.4986868e+00   7.8490122e+00
   1.0084368e+01  -5.2971423e+00  -2.3150401e+00   1.1367922e+01
   6.6697126e+00  -3.7833331e+00   1.2441350e-01   1.6896240e+01
   6.6697126e+00  -3.7833331e+00   1.2441350e-01   1.6896240e+01
   4.8938722e+00  -1.7602075e+00   9.2651556e-01   1.9302864e+01
   5.2466044e+00  -1.2340984e+00   8.7813452e-02   2.0800030e+01
   7.4805857e+00   1.0567000e+00  -1.2542025e+00   2.1309070e+01
   8.8803746e+00   5.7999648e+00  -3.6359472e+00   2.1103399e+01
   9.4669677e+00   8.7022934e+00  -4.2757251e+00   2.0425851e+01
   9.4669677e+00   8.7022934e+00  -4.2757251e+00   2.0425851e+01
   9.4669677e+00   8.7022934e+00  -4.2757251e+00   2.0425851e+01
   9.6348120e+00   9.3637019e+00  -4.5269954e+00   2.0861506e+01
   9.6348120e+00   9.3637019e+00  -4.5269954e+00   2.0861506e+01
   9.6348120e+00   9.3637019e+00  -4.5269954e+00   2.0861506e+01
   9.6348120e+00   9.3637019e+00  -4.5269954e+00   2.0861506e+01
   9.6348120e+00   9.3637019e+00  -4.5269954e+00   2.0861506e+01
   9.9764912e+00   9.7949802e+00  -4.9533389e+00   2.0554913e+01
   9.5232469e+00   9.8620147e+00  -4.4730544e+00   2.1054137e+01
   9.5232469e+00   9.8620147e+00  -4.4730544e+00   2.1054137e+01
   9.5232469e+00   9.8620147e+00  -4.4730544e+00   2.1054137e+01
   9.5232469e+00   9.8620147e+00  -4.4730544e+00   2.1054137e+01
   9.5232469e+00   9.8620147e+00  -4.4730544e+00   2.1054137e+01
   9.5232469e+00   9.8620147e+00  -4.4730544e+00   2.1054137e+01
   9.5232469e+00   9.8620147e+00  -4.4730544e+00   2.1054137e+01
   9.5232469e+00   9.8620147e+00  -4.4730544e+00   2.1054137e+01
   9.5232469e+00   9.8620147e+00  -4.4730544e+00   2.1054137e+01
   9.5232469e+00   9.8620147e+00  -4.4730544e+00   2.1054137e+01
   9.5232469e+00   9.8620147e+00  -4.4730544e+00   2.1054137e+01
   9.5232469e+00   9.8620147e+00  -4.4730544e+00   2.1054137e+01
   9.5232469e+00   9.8620147e+00  -4.4730544e+00   2.1054137e+01
   9.5232469e+00   9.8620147e+00  -4.4730544e+00   2.1054137e+01
   9.5232469e+00   9.8620147e+00  -4.4730544e+00   2.1054137e+01
   9.5232469e+00   9.8620147e+00  -4.4730544e+00   2.1054137e+01
   9.5232469e+00   9.8620147e+00  -4.4730544e+00   2.1054137e+01
   9.5232469e+00   9.8620147e+00  -4.4730544e+00   2.1054137e+01
   9.5232469e+00   9.8620147e+00  -4.4730544e+00   2.1054137e+01
   9.5232469e+00   9.8620147e+00  -4.4730544e+00   2.1054137e+01
   1.0163110e+01   1.3097894e+01  -4.3426753e+00   2.2775574e+01
   1.0163110e+01   1.3097894e+01  -4.3426753e+00   2.2775574e+01
   1.0163110e+01   1.3097894e+01  -4.3426753e+00   2.2775574e+01
   1.0163110e+01   1.3097894e+01  -4.3426753e+00   2.2775574e+01
   1.0163110e+01   1.3097894e+01  -4.3426753e+00   2.2775574e+01
   1.0163110e+01   1.3097894e+01  -4.3426753e+00   2.2775574e+01
   1.0163110e+01   1.3097894e+01  -4.3426753e+00   2.2775574e+01
   1.0163110e+01   1.3097894e+01  -4.3426753e+00   2.2775574e+01
   1.0163110e+01   1.3097894e+01  -4.3426753e+00   2.2775574e+01
   1.0163110e+01   1.3097894e+01  -4.3426753e+00   2.2775574e+01
   1.0163110e+01   1.3097894e+01  -4.3426753e+00   2.2775574e+01
   1.0163110e+01   1.3097894e+01  -4.3426753e+00   2.2775574e+01
