   3.1357708e+01  -2.4859949e+01  -1.5468690e+01   3.5807339e+00
   3.1154109e+01  -2.4861598e+01  -1.4990019e+01   3.4140251e+00
   3.1069559e+01  -2.4788721e+01  -1.4871989e+01   3.6039604e+00
   3.0708627e+01  -2.4585006e+01  -1.4657552e+01   3.8452470e+00
   3.0708627e+01  -2.4585006e+01  -1.4657552e+01   3.8452470e+00
   3.0919200e+01  -2.4376182e+01  -1.4859873e+01   3.8888663e+00
   3.0919200e+01  -2.4376182e+01  -1.4859873e+01   3.8888663e+00
   3.0769700e+01  -2.4596017e+01  -1.4782703e+01   3.9284497e+00
   3.0584576e+01  -2.4556669e+01  -1.4610166e+01   3.8071056e+00
   3.0804730e+01  -2.4373205e+01  -1.4541377e+01   3.8234872e+00
   3.0804730e+01  -2.4373205e+01  -1.4541377e+01   3.8234872e+00
   3.0881293e+01  -2.4341943e+01  -1.4604855e+01   3.8629599e+00
   3.0814422e+01  -2.4489992e+01  -1.4762077e+01   3.5012028e+00
   3.0490347e+01  -2.4228486e+01  -1.4805821e+01   3.3759007e+00
   3.0447331e+01  -2.4331133e+01  -1.4822216e+01   3.4158070e+00
   3.0358897e+01  -2.4492563e+01  -1.4916659e+01   3.1927718e+00
   3.0151359e+01  -2.4618219e+01  -1.4974167e+01   3.2645881e+00
   3.0151359e+01  -2.4618219e+01  -1.4974167e+01   3.2645881e+00
   2.9642924e+01  -2.4634604e+01  -1.4921930e+01   3.3454968e+00
   2.9497095e+01  -2.4713922e+01  -1.4897858e+01   3.5564370e+00
   2.9203734e+01  -2.4829024e+01  -1.5115503e+01   3.5002166e+00
   2.9463481e+01  -2.4879559e+01  -1.5343722e+01   3.6216777e+00
   2.9340841e+01  -2.4891648e+01  -1.5262841e+01   3.7390062e+00
   2.9214729e+01  -2.4741152e+01  -1.5362424e+01   3.8277441e+00
   2.9214729e+01  -2.4741152e+01  -1.5362424e+01   3.8277441e+00
   2.9214729e+01  -2.4741152e+01  -1.5362424e+01   3.8277441e+00
   2.9051488e+01  -2.4432760e+01  -1.5360931e+01   3.7923154e+00
   2.9051488e+01  -2.4432760e+01  -1.5360931e+01   3.7923154e+00
   2.9051488e+01  -2.4432760e+01  -1.5360931e+01   3.7923154e+00
   2.9110857e+01  -2.4253528e+01  -1.4852979e+01   3.9461948e+00
   2.9110857e+01  -2.4253528e+01  -1.4852979e+01   3.9461948e+00
   2.9318285e+01  -2.4180351e+01  -1.4842987e+01   3.8550735e+00
   2.9397094e+01  -2.4332284e+01  -1.4795875e+01   4.1927698e+00
   2.9309025e+01  -2.4154033e+01  -1.4966291e+01   4.0634392e+00
   2.9568788e+01  -2.3871566e+01  -1.4641251e+01   4.2742078e+00
   2.9616190e+01  -2.3906837e+01  -1.4723368e+01   4.7372718e+00
   2.9208831e+01  -2.4019740e+01  -1.4781688e+01   5.2049802e+00
   2.9359139e+01  -2.4128810e+01  -1.4730580e+01   5.4992156e+00
   2.9597457e+01  -2.4016036e+01  -1.4716899e+01   5.2448256e+00
   2.9597457e+01  -2.4016036e+01  -1.4716899e+01   5.2448256e+00
   2.9613402e+01  -2.4173646e+01  -1.4855402e+01   5.0937949e+00
   2.9613402e+01  -2.4173646e+01  -1.4855402e+01   5.0937949e+00
   2.9613402e+01  -2.4173646e+01  -1.4855402e+01   5.0937949e+00
   2.9613402e+01  -2.4173646e+01  -1.4855402e+01   5.0937949e+00
   2.9681107e+01  -2.4191280e+01  -1.4531148e+01   5.1464870e+00
   2.9448879e+01  -2.4589418e+01  -1.4340984e+01   5.2779447e+00
   2.9498752e+01  -2.4636577e+01  -1.4579439e+01   4.9503273e+00
   2.9498752e+01  -2.4636577e+01  -1.4579439e+01   4.9503273e+00
   2.9498752e+01  -2.4636577e+01  -1.4579439e+01   4.9503273e+00
   1.0299077e+01   1.0979125e+01  -5.6025761e+00   2.1020569e+01
   1.0691478e+01   9.5621882e+00  -5.7039188e+00   2.0279692e+01
   1.0691478e+01   9.5621882e+00  -5.7039188e+00   2.0279692e+01
   1.0691478e+01   9.5621882e+00  -5.7039188e+00   2.0279692e+01
   1.0691478e+01   9.5621882e+00  -5.7039188e+00   2.0279692e+01
   1.0691478e+01   9.5621882e+00  -5.7039188e+00   2.0279692e+01
   1.0691478e+01   9.5621882e+00  -5.7039188e+00   2.0279692e+01
   1.0691478e+01   9.5621882e+00  -5.7039188e+00   2.0279692e+01
   1.0691478e+01   9.5621882e+00  -5.7039188e+00   2.0279692e+01
   1.0691478e+01   9.5621882e+00  -5.7039188e+00   2.0279692e+01
   1.0691478e+01   9.5621882e+00  -5.7039188e+00   2.0279692e+01
   1.0828275e+01   9.4418983e+00  -5.6281034e+00   2.0491728e+01
   1.0828275e+01   9.4418983e+00  -5.6281034e+00   2.0491728e+01
   1.0683458e+01   9.5357876e+00  -5.4823884e+00   2.0356976e+01
   1.0608804e+01   9.5344313e+00  -5.4914767e+00   2.0392907e+01
   1.0661996e+01   9.5096520e+00  -5.5964286e+00   2.0435896e+01
   1.0661996e+01   9.5096520e+00  -5.5964286e+00   2.0435896e+01
   1.0928718e+01   9.3657962e+00  -5.7121240e+00   2.0630440e+01
   1.0928718e+01   9.3657962e+00  -5.7121240e+00   2.0630440e+01
   1.0928718e+01   9.3657962e+00  -5.7121240e+00   2.0630440e+01
   1.0710116e+01   9.5297063e+00  -5.6164716e+00   2.0424616e+01
   1.0719148e+01   9.4564649e+00  -5.6799609e+00   2.0516336e+01
   1.0797507e+01   9.4616944e+00  -5.6718723e+00   2.0519559e+01
   1.0797507e+01   9.4616944e+00  -5.6718723e+00   2.0519559e+01
   1.0797507e+01   9.4616944e+00  -5.6718723e+00   2.0519559e+01
   1.0846669e+01   9.4587365e+00  -5.6864818e+00   2.0527826e+01
   1.0723958e+01   9.4682832e+00  -5.5601925e+00   2.0474532e+01
   1.0832669e+01   9.4024771e+00  -5.7020745e+00   2.0586094e+01
   1.0832669e+01   9.4024771e+00  -5.7020745e+00   2.0586094e+01
   1.0832669e+01   9.4024771e+00  -5.7020745e+00   2.0586094e+01
   1.0832669e+01   9.4024771e+00  -5.7020745e+00   2.0586094e+01
   1.0832669e+01   9.4024771e+00  -5.7020745e+00   2.0586094e+01
   1.0832669e+01   9.4024771e+00  -5.7020745e+00   2.0586094e+01
   1.0832669e+01   9.4024771e+00  -5.7020745e+00   2.0586094e+01
   1.0832669e+01   9.4024771e+00  -5.7020745e+00   2.0586094e+01
   1.0832669e+01   9.4024771e+00  -5.7020745e+00   2.0586094e+01
   1.0832669e+01   9.4024771e+00  -5.7020745e+00   2.0586094e+01
   1.0832669e+01   9.4024771e+00  -5.7020745e+00   2.0586094e+01
   1.0832669e+01   9.4024771e+00  -5.7020745e+00   2.0586094e+01
   1.0832669e+01   9.4024771e+00  -5.7020745e+00   2.0586094e+01
   1.0832669e+01   9.4024771e+00  -5.7020745e+00   2.0586094e+01
   1.0832669e+01   9.4024771e+00  -5.7020745e+00   2.0586094e+01
   1.0832669e+01   9.4024771e+00  -5.7020745e+00   2.0586094e+01
   1.0832669e+01   9.4024771e+00  -5.7020745e+00   2.0586094e+01
   1.0832669e+01   9.4024771e+00  -5.7020745e+00   2.0586094e+01
   1.0832669e+01   9.4024771e+00  -5.7020745e+00   2.0586094e+01
   1.0832669e+01   9.4024771e+00  -5.7020745e+00   2.0586094e+01
   1.0832669e+01   9.4024771e+00  -5.7020745e+00   2.0586094e+01
   1.0832669e+01   9.4024771e+00  -5.7020745e+00   2.0586094e+01
   1.0832669e+01   9.4024771e+00  -5.7020745e+00   2.0586094e+01
   1.0832669e+01   9.4024771e+00  -5.7020745e+00   2.0586094e+01
