   2.4468856e+01  -9.2113911e+00   3.0080387e+01  -2.3351433e+01
   2.4666318e+01  -9.0323341e+00   3.0330487e+01  -2.2908493e+01
   2.4332856e+01  -8.9798493e+00   3.0349496e+01  -2.2871849e+01
   2.4247838e+01  -9.0051964e+00   3.0817891e+01  -2.2660665e+01
   2.4247838e+01  -9.0051964e+00   3.0817891e+01  -2.2660665e+01
   2.4247838e+01  -9.0051964e+00   3.0817891e+01  -2.2660665e+01
   2.4247838e+01  -9.0051964e+00   3.0817891e+01  -2.2660665e+01
   2.4247838e+01  -9.0051964e+00   3.0817891e+01  -2.2660665e+01
   2.4247838e+01  -9.0051964e+00   3.0817891e+01  -2.2660665e+01
   2.4024042e+01  -8.7967244e+00   3.1069530e+01  -2.2497096e+01
   2.4024042e+01  -8.7967244e+00   3.1069530e+01  -2.2497096e+01
   2.3685722e+01  -8.8863766e+00   3.1046952e+01  -2.2346601e+01
   2.3685722e+01  -8.8863766e+00   3.1046952e+01  -2.2346601e+01
   2.3584729e+01  -8.8768922e+00   3.1029591e+01  -2.2206072e+01
   2.3620631e+01  -8.6084631e+00   3.1098537e+01  -2.2125486e+01
   2.3620631e+01  -8.6084631e+00   3.1098537e+01  -2.2125486e+01
   2.3607591e+01  -8.5356378e+00   3.1309612e+01  -2.2218272e+01
   2.3419591e+01  -8.3645331e+00   3.0893406e+01  -2.1842615e+01
   2.3320410e+01  -8.3681064e+00   3.0875569e+01  -2.2114752e+01
   2.3363974e+01  -8.4146715e+00   3.1013022e+01  -2.1893132e+01
   2.3363974e+01  -8.4146715e+00   3.1013022e+01  -2.1893132e+01
   2.3560702e+01  -8.6161746e+00   3.1053146e+01  -2.1624059e+01
   2.3835430e+01  -8.3395316e+00   3.0993909e+01  -2.1245828e+01
   2.3664915e+01  -8.0805490e+00   3.0744883e+01  -2.1414708e+01
   2.3672706e+01  -7.8519147e+00   3.0729684e+01  -2.1554919e+01
   2.3280801e+01  -7.7069328e+00   3.0527990e+01  -2.1373834e+01
   2.2987862e+01  -7.8168018e+00   3.0631058e+01  -2.0919080e+01
   2.2987862e+01  -7.8168018e+00   3.0631058e+01  -2.0919080e+01
   2.2987862e+01  -7.8168018e+00   3.0631058e+01  -2.0919080e+01
   2.2987862e+01  -7.8168018e+00   3.0631058e+01  -2.0919080e+01
   2.3115308e+01  -7.7174853e+00   3.0362930e+01  -2.0720606e+01
   2.3120404e+01  -7.6674770e+00   3.0337478e+01  -2.0584530e+01
   2.3149326e+01  -7.3682149e+00   3.0153343e+01  -2.0302138e+01
   2.3228705e+01  -7.5735632e+00   3.0019627e+01  -1.9952650e+01
   2.2835207e+01  -7.9568662e+00   2.9784831e+01  -1.9725767e+01
   2.2538468e+01  -7.9499751e+00   2.9866257e+01  -1.9475440e+01
   2.2538468e+01  -7.9499751e+00   2.9866257e+01  -1.9475440e+01
   2.2349937e+01  -7.7187880e+00   2.9948353e+01  -1.9168841e+01
   2.2383010e+01  -7.4320716e+00   2.9940010e+01  -1.9027229e+01
   2.2383010e+01  -7.4320716e+00   2.9940010e+01  -1.9027229e+01
   2.2383010e+01  -7.4320716e+00   2.9940010e+01  -1.9027229e+01
   2.2499959e+01  -7.7101890e+00   2.9938628e+01  -1.8592899e+01
   2.2454167e+01  -7.8204357e+00   2.9869407e+01  -1.8823306e+01
   2.2454167e+01  -7.8204357e+00   2.9869407e+01  -1.8823306e+01
   2.2031677e+01  -7.8132852e+00   2.9781221e+01  -1.8630166e+01
   2.2031677e+01  -7.8132852e+00   2.9781221e+01  -1.8630166e+01
   2.2031677e+01  -7.8132852e+00   2.9781221e+01  -1.8630166e+01
   2.2031677e+01  -7.8132852e+00   2.9781221e+01  -1.8630166e+01
   2.1966553e+01  -7.6959878e+00   2.9581704e+01  -1.8454333e+01
  -4.8522871e+00   1.4132676e+01   2.3477872e+01   2.1064578e+00
  -5.4819418e+00   1.8121582e+01   2.7825141e+01   7.5656136e+00
  -5.4819418e+00   1.8121582e+01   2.7825141e+01   7.5656136e+00
  -5.0244875e+00   1.9952518e+01   2.9896456e+01   1.0022756e+01
  -5.0244875e+00   1.9952518e+01   2.9896456e+01   1.0022756e+01
  -4.9938675e+00   2.0031378e+01   2.9999755e+01   1.0031693e+01
  -4.9938675e+00   2.0031378e+01   2.9999755e+01   1.0031693e+01
  -5.0326353e+00   1.9984159e+01   2.9965539e+01   1.0003185e+01
  -4.9581197e+00   1.9972995e+01   2.9959683e+01   9.8978333e+00
  -4.9873854e+00   1.9948669e+01   2.9930943e+01   9.9072442e+00
  -4.9873854e+00   1.9948669e+01   2.9930943e+01   9.9072442e+00
  -4.9719900e+00   2.0011471e+01   2.9971060e+01   9.9770564e+00
  -4.9981557e+00   1.9961461e+01   2.9954237e+01   9.9570406e+00
  -4.9722672e+00   1.9998852e+01   2.9986584e+01   9.9964992e+00
  -4.9896229e+00   1.9953644e+01   2.9941347e+01   9.9734111e+00
  -4.9943759e+00   2.0009487e+01   2.9997651e+01   1.0053535e+01
  -5.0042729e+00   1.9967967e+01   2.9967795e+01   9.9300298e+00
  -4.9996008e+00   2.0036523e+01   2.9983908e+01   1.0018774e+01
  -5.0027768e+00   2.0023138e+01   3.0026407e+01   1.0028653e+01
  -5.0027768e+00   2.0023138e+01   3.0026407e+01   1.0028653e+01
  -5.0027768e+00   2.0023138e+01   3.0026407e+01   1.0028653e+01
  -4.9688431e+00   2.0036346e+01   3.0040268e+01   1.0022656e+01
  -4.9891825e+00   1.9999437e+01   2.9972224e+01   1.0069632e+01
  -4.9891825e+00   1.9999437e+01   2.9972224e+01   1.0069632e+01
  -4.9891825e+00   1.9999437e+01   2.9972224e+01   1.0069632e+01
  -4.9891825e+00   1.9999437e+01   2.9972224e+01   1.0069632e+01
  -4.9784947e+00   2.0002953e+01   3.0022945e+01   1.0007339e+01
  -4.9747616e+00   1.9986929e+01   2.9964045e+01   1.0011392e+01
  -4.9825172e+00   2.0018716e+01   3.0036049e+01   9.9965943e+00
  -4.9935633e+00   2.0028692e+01   3.0000447e+01   1.0024829e+01
  -4.9935633e+00   2.0028692e+01   3.0000447e+01   1.0024829e+01
  -4.9935633e+00   2.0028692e+01   3.0000447e+01   1.0024829e+01
  -4.9935633e+00   2.0028692e+01   3.0000447e+01   1.0024829e+01
  -4.9935633e+00   2.0028692e+01   3.0000447e+01   1.0024829e+01
  -4.9935633e+00   2.0028692e+01   3.0000447e+01   1.0024829e+01
  -4.9935633e+00   2.0028692e+01   3.0000447e+01   1.0024829e+01
  -4.9935633e+00   2.0028692e+01   3.0000447e+01   1.0024829e+01
  -4.9935633e+00   2.0028692e+01   3.0000447e+01   1.0024829e+01
  -4.9935633e+00   2.0028692e+01   3.0000447e+01   1.0024829e+01
  -4.9935633e+00   2.0028692e+01   3.0000447e+01   1.0024829e+01
  -4.9935633e+00   2.0028692e+01   3.0000447e+01   1.0024829e+01
  -4.9935633e+00   2.0028692e+01   3.0000447e+01   1.0024829e+01
  -4.9935633e+00   2.0028692e+01   3.0000447e+01   1.0024829e+01
  -4.9935633e+00   2.0028692e+01   3.0000447e+01   1.0024829e+01
  -4.9935633e+00   2.0028692e+01   3.0000447e+01   1.0024829e+01
  -4.9935633e+00   2.0028692e+01   3.0000447e+01   1.0024829e+01
  -4.9935633e+00   2.0028692e+01   3.0000447e+01   1.0024829e+01
  -4.9935633e+00   2.0028692e+01   3.0000447e+01   1.0024829e+01
  -4.9935633e+00   2.0028692e+01   3.0000447e+01   1.0024829e+01
  -4.9935633e+00   2.0028692e+01   3.0000447e+01   1.0024829e+01
  -4.9935633e+00   2.0028692e+01   3.0000447e+01   1.0024829e+01
