   6.3910236e+00   1.8496447e+01   1.0599579e+01   3.0599891e+01
   6.3326452e+00   1.8387669e+01   1.0608503e+01   3.0131159e+01
   6.1964161e+00   1.8387440e+01   1.0768704e+01   3.0399449e+01
   6.1878239e+00   1.8445165e+01   1.0819979e+01   3.0400067e+01
   6.1878239e+00   1.8445165e+01   1.0819979e+01   3.0400067e+01
   6.5148109e+00   1.8309205e+01   1.1044399e+01   3.0672142e+01
   6.5148109e+00   1.8309205e+01   1.1044399e+01   3.0672142e+01
   6.5148109e+00   1.8309205e+01   1.1044399e+01   3.0672142e+01
   6.4711938e+00   1.8259512e+01   1.0835465e+01   3.0525856e+01
   6.1483815e+00   1.8133926e+01   1.0941277e+01   3.0768673e+01
   5.9574185e+00   1.8291318e+01   1.0893799e+01   3.0683973e+01
   5.8864747e+00   1.8122622e+01   1.1011282e+01   3.0435718e+01
   6.0345340e+00   1.7774545e+01   1.1060562e+01   3.0645866e+01
   6.0345340e+00   1.7774545e+01   1.1060562e+01   3.0645866e+01
   6.2883810e+00   1.7474421e+01   1.1229045e+01   3.0840555e+01
   6.1030857e+00   1.7544603e+01   1.1354557e+01   3.0888957e+01
   5.9915352e+00   1.7700013e+01   1.1328635e+01   3.0666195e+01
   5.9915352e+00   1.7700013e+01   1.1328635e+01   3.0666195e+01
   5.9915352e+00   1.7700013e+01   1.1328635e+01   3.0666195e+01
   5.6879733e+00   1.7974797e+01   1.1179396e+01   3.0944668e+01
   6.1881309e+00   1.8226637e+01   1.1423898e+01   3.0973899e+01
   6.1881309e+00   1.8226637e+01   1.1423898e+01   3.0973899e+01
   5.8094662e+00   1.8356461e+01   1.1815672e+01   3.0926738e+01
   5.8094662e+00   1.8356461e+01   1.1815672e+01   3.0926738e+01
   5.8094662e+00   1.8356461e+01   1.1815672e+01   3.0926738e+01
   5.5233145e+00   1.8235441e+01   1.1764555e+01   3.0947123e+01
   5.5233145e+00   1.8235441e+01   1.1764555e+01   3.0947123e+01
   5.6578432e+00   1.8165667e+01   1.1597635e+01   3.0799390e+01
   5.6578432e+00   1.8165667e+01   1.1597635e+01   3.0799390e+01
   5.6864055e+00   1.8379842e+01   1.1918971e+01   3.0389513e+01
   5.8696196e+00   1.8530991e+01   1.2005555e+01   3.0434315e+01
   5.8696196e+00   1.8530991e+01   1.2005555e+01   3.0434315e+01
   6.0923958e+00   1.8458148e+01   1.2137216e+01   3.0490970e+01
   6.0866968e+00   1.8540759e+01   1.2339096e+01   3.0431180e+01
   6.0184180e+00   1.8294891e+01   1.2172820e+01   3.0406101e+01
   6.0184180e+00   1.8294891e+01   1.2172820e+01   3.0406101e+01
   6.0184180e+00   1.8294891e+01   1.2172820e+01   3.0406101e+01
   6.1318040e+00   1.8322898e+01   1.2343189e+01   2.9930965e+01
   6.4137422e+00   1.8086929e+01   1.2593375e+01   2.9996428e+01
   6.5002896e+00   1.8091947e+01   1.2466752e+01   3.0276918e+01
   6.0925820e+00   1.8008091e+01   1.2653465e+01   3.0224874e+01
   5.9465503e+00   1.8004172e+01   1.2706166e+01   3.0706057e+01
   5.9506222e+00   1.7839431e+01   1.2771148e+01   3.0934315e+01
   5.7106338e+00   1.7764371e+01   1.2585109e+01   3.0926431e+01
   5.7598896e+00   1.7549886e+01   1.2528468e+01   3.0594562e+01
   5.6193454e+00   1.7633603e+01   1.2841727e+01   3.0521964e+01
   5.6193454e+00   1.7633603e+01   1.2841727e+01   3.0521964e+01
   5.6480378e+00   1.7703035e+01   1.2799969e+01   3.0666318e+01
   5.6480378e+00   1.7703035e+01   1.2799969e+01   3.0666318e+01
  -4.4604712e+00   9.6307991e+00   2.9989280e+01   1.9813164e+01
  -5.0169642e+00   9.9494938e+00   2.9925097e+01   1.9928864e+01
  -4.9903959e+00   9.9601244e+00   2.9970996e+01   1.9964604e+01
  -5.0176417e+00   9.9379577e+00   3.0008573e+01   1.9967580e+01
  -5.0176417e+00   9.9379577e+00   3.0008573e+01   1.9967580e+01
  -5.0176417e+00   9.9379577e+00   3.0008573e+01   1.9967580e+01
  -5.0176417e+00   9.9379577e+00   3.0008573e+01   1.9967580e+01
  -5.0126531e+00   9.9849925e+00   2.9999576e+01   2.0021429e+01
  -5.0126531e+00   9.9849925e+00   2.9999576e+01   2.0021429e+01
  -5.0215611e+00   1.0009134e+01   2.9957882e+01   2.0008960e+01
  -5.0215611e+00   1.0009134e+01   2.9957882e+01   2.0008960e+01
  -5.0694528e+00   1.0005329e+01   2.9971430e+01   1.9984427e+01
  -5.0357912e+00   9.9899143e+00   3.0009544e+01   1.9981401e+01
  -5.0357912e+00   9.9899143e+00   3.0009544e+01   1.9981401e+01
  -5.0357912e+00   9.9899143e+00   3.0009544e+01   1.9981401e+01
  -5.0357912e+00   9.9899143e+00   3.0009544e+01   1.9981401e+01
  -5.0648705e+00   9.9870046e+00   2.9987865e+01   2.0023972e+01
  -5.0840859e+00   9.9534181e+00   2.9976694e+01   1.9964498e+01
  -5.0263654e+00   9.9937312e+00   3.0011932e+01   2.0040584e+01
  -5.0263654e+00   9.9937312e+00   3.0011932e+01   2.0040584e+01
  -4.9929596e+00   1.0038832e+01   3.0003215e+01   2.0005289e+01
  -4.9963803e+00   9.9962871e+00   3.0033654e+01   2.0005804e+01
  -5.0019288e+00   9.9775210e+00   2.9993942e+01   2.0007922e+01
  -5.0141709e+00   9.9906339e+00   3.0048315e+01   1.9991431e+01
  -5.0141709e+00   9.9906339e+00   3.0048315e+01   1.9991431e+01
  -5.0144607e+00   9.9545905e+00   3.0009952e+01   2.0046793e+01
  -5.0234696e+00   1.0020974e+01   2.9961801e+01   1.9949767e+01
  -5.0167644e+00   9.9962872e+00   3.0001832e+01   1.9973917e+01
  -4.9919954e+00   9.9973478e+00   3.0035921e+01   2.0013758e+01
  -4.9919954e+00   9.9973478e+00   3.0035921e+01   2.0013758e+01
  -5.1016960e+00   1.0061203e+01   2.9981728e+01   2.0009449e+01
  -5.1016960e+00   1.0061203e+01   2.9981728e+01   2.0009449e+01
  -5.1016960e+00   1.0061203e+01   2.9981728e+01   2.0009449e+01
  -5.1016960e+00   1.0061203e+01   2.9981728e+01   2.0009449e+01
  -5.1016960e+00   1.0061203e+01   2.9981728e+01   2.0009449e+01
  -5.1016960e+00   1.0061203e+01   2.9981728e+01   2.0009449e+01
  -4.9956924e+00   1.0045367e+01   2.9978817e+01   1.9982532e+01
  -4.9956924e+00   1.0045367e+01   2.9978817e+01   1.9982532e+01
  -4.9956924e+00   1.0045367e+01   2.9978817e+01   1.9982532e+01
  -4.9956924e+00   1.0045367e+01   2.9978817e+01   1.9982532e+01
  -4.9956924e+00   1.0045367e+01   2.9978817e+01   1.9982532e+01
  -4.9956924e+00   1.0045367e+01   2.9978817e+01   1.9982532e+01
  -4.9956924e+00   1.0045367e+01   2.9978817e+01   1.9982532e+01
  -4.9956924e+00   1.0045367e+01   2.9978817e+01   1.9982532e+01
  -4.8720029e+00   9.9763970e+00   2.9979332e+01   1.9966149e+01
  -4.8720029e+00   9.9763970e+00   2.9979332e+01   1.9966149e+01
  -4.8720029e+00   9.9763970e+00   2.9979332e+01   1.9966149e+01
  -5.0364411e+00   1.0041449e+01   2.9991951e+01   2.0022387e+01
  -5.0139345e+00   1.0027362e+01   2.9941245e+01   1.9968067e+01
  -5.0139345e+00   1.0027362e+01   2.9941245e+01   1.9968067e+01
  -5.0139345e+00   1.0027362e+01   2.9941245e+01   1.9968067e+01
