  -1.7806852e+01   2.4116936e+01   6.2930112e+00   1.0226355e+01
  -1.7756933e+01   2.3786718e+01   6.4221027e+00   1.0230033e+01
  -1.7571135e+01   2.3553135e+01   6.7632676e+00   1.0364556e+01
  -1.7158192e+01   2.3755010e+01   6.6080101e+00   1.0481859e+01
  -1.7000263e+01   2.4086895e+01   6.7639298e+00   1.0523423e+01
  -1.7024246e+01   2.3708705e+01   6.7524071e+00   1.0219066e+01
  -1.6848968e+01   2.3459410e+01   6.7450496e+00   9.7608250e+00
  -1.7051488e+01   2.3688220e+01   6.6594750e+00   9.5884812e+00
  -1.7094611e+01   2.3778030e+01   6.6620300e+00   9.4572332e+00
  -1.6844262e+01   2.3995910e+01   6.6943593e+00   9.1797205e+00
  -1.6960582e+01   2.4175229e+01   6.5683109e+00   9.7309324e+00
  -1.6960582e+01   2.4175229e+01   6.5683109e+00   9.7309324e+00
  -1.6960582e+01   2.4175229e+01   6.5683109e+00   9.7309324e+00
  -1.7046207e+01   2.3868867e+01   6.4960339e+00   9.5576133e+00
  -1.6800125e+01   2.4412998e+01   6.2369838e+00   9.5483469e+00
  -1.6873065e+01   2.4321811e+01   6.3916754e+00   9.4624604e+00
  -1.6873065e+01   2.4321811e+01   6.3916754e+00   9.4624604e+00
  -1.6838523e+01   2.4563595e+01   6.7429638e+00   9.4276631e+00
  -1.6872780e+01   2.4769932e+01   6.6984950e+00   9.5222501e+00
  -1.6853722e+01   2.4663167e+01   7.0795173e+00   9.8979973e+00
  -1.7051083e+01   2.4420966e+01   6.9624909e+00   1.0356864e+01
  -1.7051083e+01   2.4420966e+01   6.9624909e+00   1.0356864e+01
  -1.6863861e+01   2.4332822e+01   6.9440742e+00   1.0490517e+01
  -1.7010337e+01   2.4096688e+01   7.1205963e+00   1.0459942e+01
  -1.7010337e+01   2.4096688e+01   7.1205963e+00   1.0459942e+01
  -1.7010337e+01   2.4096688e+01   7.1205963e+00   1.0459942e+01
  -1.7010337e+01   2.4096688e+01   7.1205963e+00   1.0459942e+01
  -1.7010337e+01   2.4096688e+01   7.1205963e+00   1.0459942e+01
  -1.6804794e+01   2.3883188e+01   6.7880240e+00   1.0765143e+01
  -1.6680607e+01   2.4309619e+01   6.8483913e+00   1.0902641e+01
  -1.6448042e+01   2.4527539e+01   6.7859684e+00   1.0802508e+01
  -1.6448042e+01   2.4527539e+01   6.7859684e+00   1.0802508e+01
  -1.6236201e+01   2.4880791e+01   7.0807308e+00   1.0641334e+01
  -1.6149288e+01   2.4677015e+01   6.7675293e+00   1.0414706e+01
  -1.6149288e+01   2.4677015e+01   6.7675293e+00   1.0414706e+01
  -1.5990286e+01   2.4724550e+01   6.8330738e+00   1.0334436e+01
  -1.6126566e+01   2.4369166e+01   6.6303337e+00   1.0307273e+01
  -1.6140196e+01   2.4312105e+01   7.0289937e+00   9.7939178e+00
  -1.6086359e+01   2.4386192e+01   6.9546976e+00   9.6429002e+00
  -1.5814906e+01   2.4127286e+01   6.8158266e+00   9.8815570e+00
  -1.5595242e+01   2.3947958e+01   7.0121740e+00   9.9514826e+00
  -1.5595242e+01   2.3947958e+01   7.0121740e+00   9.9514826e+00
  -1.5595242e+01   2.3947958e+01   7.0121740e+00   9.9514826e+00
  -1.5344163e+01   2.3851094e+01   7.5389916e+00   9.9525932e+00
  -1.5344163e+01   2.3851094e+01   7.5389916e+00   9.9525932e+00
  -1.5291172e+01   2.3565445e+01   7.7404950e+00   9.8310980e+00
  -1.5526753e+01   2.3543632e+01   8.0187110e+00   9.8557646e+00
  -1.5730442e+01   2.3584709e+01   8.2063992e+00   9.5663371e+00
  -1.5730442e+01   2.3584709e+01   8.2063992e+00   9.5663371e+00
  -4.5060161e+00   2.0429536e+01   3.0093222e+01   1.0089948e+01
  -5.0452572e+00   1.9944742e+01   2.9960581e+01   9.9956033e+00
  -4.9539306e+00   2.0044096e+01   3.0016505e+01   9.9873558e+00
  -4.9518428e+00   2.0013981e+01   3.0019503e+01   1.0016340e+01
  -5.0129090e+00   1.9958437e+01   2.9947944e+01   9.9990705e+00
  -4.9975494e+00   1.9947945e+01   2.9982897e+01   1.0007436e+01
  -4.9975494e+00   1.9947945e+01   2.9982897e+01   1.0007436e+01
  -5.0207470e+00   1.9965261e+01   2.9998237e+01   1.0018827e+01
  -5.0207470e+00   1.9965261e+01   2.9998237e+01   1.0018827e+01
  -5.0207470e+00   1.9965261e+01   2.9998237e+01   1.0018827e+01
  -5.0207470e+00   1.9965261e+01   2.9998237e+01   1.0018827e+01
  -5.0207470e+00   1.9965261e+01   2.9998237e+01   1.0018827e+01
  -4.9947630e+00   1.9981112e+01   2.9980160e+01   1.0003359e+01
  -4.9943500e+00   1.9990544e+01   3.0026035e+01   1.0012588e+01
  -4.9925259e+00   1.9998560e+01   3.0018428e+01   1.0016472e+01
  -5.0006875e+00   1.9941061e+01   2.9968799e+01   9.9633010e+00
  -5.0068049e+00   1.9965951e+01   2.9992694e+01   9.9753047e+00
  -5.0135279e+00   1.9929802e+01   2.9944035e+01   1.0006740e+01
  -4.9848036e+00   1.9980098e+01   2.9985812e+01   1.0010016e+01
  -4.9848036e+00   1.9980098e+01   2.9985812e+01   1.0010016e+01
  -4.9848036e+00   1.9980098e+01   2.9985812e+01   1.0010016e+01
  -5.0026692e+00   2.0000737e+01   3.0006602e+01   9.9967534e+00
  -5.0203248e+00   1.9944801e+01   2.9955786e+01   9.9680327e+00
  -4.9724007e+00   1.9985077e+01   2.9970923e+01   9.9480083e+00
  -4.9921982e+00   2.0040874e+01   3.0047241e+01   1.0022859e+01
  -4.9515006e+00   1.9956886e+01   2.9988915e+01   9.9633655e+00
  -4.9825174e+00   1.9999102e+01   3.0009083e+01   1.0021323e+01
  -4.9825174e+00   1.9999102e+01   3.0009083e+01   1.0021323e+01
  -4.9825174e+00   1.9999102e+01   3.0009083e+01   1.0021323e+01
  -4.9996817e+00   2.0016458e+01   2.9988259e+01   9.9690597e+00
  -4.9996817e+00   2.0016458e+01   2.9988259e+01   9.9690597e+00
  -4.9996817e+00   2.0016458e+01   2.9988259e+01   9.9690597e+00
  -5.0598148e+00   2.0009959e+01   3.0001495e+01   9.9684328e+00
  -5.0598148e+00   2.0009959e+01   3.0001495e+01   9.9684328e+00
  -5.1210729e+00   1.9967786e+01   2.9977745e+01   9.9453246e+00
  -5.1210729e+00   1.9967786e+01   2.9977745e+01   9.9453246e+00
  -5.1210729e+00   1.9967786e+01   2.9977745e+01   9.9453246e+00
  -5.1210729e+00   1.9967786e+01   2.9977745e+01   9.9453246e+00
  -5.1210729e+00   1.9967786e+01   2.9977745e+01   9.9453246e+00
  -5.1210729e+00   1.9967786e+01   2.9977745e+01   9.9453246e+00
  -5.1210729e+00   1.9967786e+01   2.9977745e+01   9.9453246e+00
  -5.1210729e+00   1.9967786e+01   2.9977745e+01   9.9453246e+00
  -5.1210729e+00   1.9967786e+01   2.9977745e+01   9.9453246e+00
  -5.1210729e+00   1.9967786e+01   2.9977745e+01   9.9453246e+00
  -5.1210729e+00   1.9967786e+01   2.9977745e+01   9.9453246e+00
  -5.1210729e+00   1.9967786e+01   2.9977745e+01   9.9453246e+00
  -5.1210729e+00   1.9967786e+01   2.9977745e+01   9.9453246e+00
  -5.0723040e+00   2.0013743e+01   3.0019644e+01   9.9623278e+00
  -4.9429332e+00   2.0124417e+01   3.0065419e+01   1.0015202e+01
  -4.9429332e+00   2.0124417e+01   3.0065419e+01   1.0015202e+01
  -4.9429332e+00   2.0124417e+01   3.0065419e+01   1.0015202e+01
