   4.6505249e+01   7.2509851e+00   4.4213160e+01  -2.8041467e+01
   4.6303310e+01   7.2412062e+00   4.4366934e+01  -2.8497042e+01
   4.6445221e+01   7.5863255e+00   4.4098535e+01  -2.8077662e+01
   4.6445221e+01   7.5863255e+00   4.4098535e+01  -2.8077662e+01
   4.6445221e+01   7.5863255e+00   4.4098535e+01  -2.8077662e+01
   4.6360054e+01   7.4747949e+00   4.3955936e+01  -2.7718110e+01
   4.6565598e+01   7.2612951e+00   4.3623364e+01  -2.7412908e+01
   4.6689784e+01   7.6877261e+00   4.3683731e+01  -2.7275411e+01
   4.6689784e+01   7.6877261e+00   4.3683731e+01  -2.7275411e+01
   4.6689784e+01   7.6877261e+00   4.3683731e+01  -2.7275411e+01
   4.6689784e+01   7.6877261e+00   4.3683731e+01  -2.7275411e+01
   4.6848786e+01   7.7352610e+00   4.3749276e+01  -2.7355681e+01
   4.6712506e+01   7.3798770e+00   4.3546536e+01  -2.7382844e+01
   4.6712506e+01   7.3798770e+00   4.3546536e+01  -2.7382844e+01
   4.6932169e+01   7.2005489e+00   4.3742883e+01  -2.7312918e+01
   4.6517121e+01   7.3183387e+00   4.3896468e+01  -2.7044395e+01
   4.6697180e+01   7.1200180e+00   4.4079648e+01  -2.6930950e+01
   4.6975623e+01   7.0535523e+00   4.4022567e+01  -2.6777575e+01
   4.6913929e+01   7.2772297e+00   4.4083302e+01  -2.6735187e+01
   4.6631971e+01   7.1349344e+00   4.4009237e+01  -2.6534529e+01
   4.6631971e+01   7.1349344e+00   4.4009237e+01  -2.6534529e+01
   4.6562607e+01   7.1265909e+00   4.3980209e+01  -2.6272200e+01
   4.6438089e+01   7.3195789e+00   4.4027276e+01  -2.6283475e+01
   4.6438089e+01   7.3195789e+00   4.4027276e+01  -2.6283475e+01
   4.6438089e+01   7.3195789e+00   4.4027276e+01  -2.6283475e+01
   4.6741009e+01   7.3587660e+00   4.3910380e+01  -2.6148784e+01
   4.6785192e+01   7.3222391e+00   4.3919132e+01  -2.6242375e+01
   4.6764475e+01   7.3265377e+00   4.4183825e+01  -2.5993710e+01
   4.6561625e+01   7.7095987e+00   4.4422132e+01  -2.5990238e+01
   4.6561625e+01   7.7095987e+00   4.4422132e+01  -2.5990238e+01
   4.6561625e+01   7.7095987e+00   4.4422132e+01  -2.5990238e+01
   4.6561625e+01   7.7095987e+00   4.4422132e+01  -2.5990238e+01
   4.6634128e+01   7.7748977e+00   4.4186191e+01  -2.5999866e+01
   4.6430942e+01   7.8088023e+00   4.4270405e+01  -2.6001952e+01
   4.6518061e+01   8.2147036e+00   4.4337713e+01  -2.6237735e+01
   4.6518061e+01   8.2147036e+00   4.4337713e+01  -2.6237735e+01
   4.6518061e+01   8.2147036e+00   4.4337713e+01  -2.6237735e+01
   4.6518061e+01   8.2147036e+00   4.4337713e+01  -2.6237735e+01
   4.6518061e+01   8.2147036e+00   4.4337713e+01  -2.6237735e+01
   4.6633332e+01   7.9079660e+00   4.4444533e+01  -2.6355589e+01
   4.6633332e+01   7.9079660e+00   4.4444533e+01  -2.6355589e+01
   4.6633332e+01   7.9079660e+00   4.4444533e+01  -2.6355589e+01
   4.6633332e+01   7.9079660e+00   4.4444533e+01  -2.6355589e+01
   4.6496330e+01   7.5347530e+00   4.4125607e+01  -2.6400680e+01
   4.6496330e+01   7.5347530e+00   4.4125607e+01  -2.6400680e+01
   4.6496330e+01   7.5347530e+00   4.4125607e+01  -2.6400680e+01
   4.6496330e+01   7.5347530e+00   4.4125607e+01  -2.6400680e+01
   4.6680741e+01   7.1225994e+00   4.3924569e+01  -2.6591943e+01
   4.6680741e+01   7.1225994e+00   4.3924569e+01  -2.6591943e+01
   1.1422083e+01   1.6589688e+01  -5.1632023e+00   1.3329117e+01
   1.1422083e+01   1.6589688e+01  -5.1632023e+00   1.3329117e+01
   1.1422083e+01   1.6589688e+01  -5.1632023e+00   1.3329117e+01
   1.0169485e+01   1.6920245e+01  -5.0868244e+00   1.2984498e+01
   1.0178223e+01   1.7159700e+01  -5.1359047e+00   1.2891991e+01
   1.0178223e+01   1.7159700e+01  -5.1359047e+00   1.2891991e+01
   1.0178223e+01   1.7159700e+01  -5.1359047e+00   1.2891991e+01
   1.0304957e+01   1.7481273e+01  -5.0216942e+00   1.2631309e+01
   1.0304957e+01   1.7481273e+01  -5.0216942e+00   1.2631309e+01
   1.0304957e+01   1.7481273e+01  -5.0216942e+00   1.2631309e+01
   1.0304957e+01   1.7481273e+01  -5.0216942e+00   1.2631309e+01
   1.0304957e+01   1.7481273e+01  -5.0216942e+00   1.2631309e+01
   1.0304957e+01   1.7481273e+01  -5.0216942e+00   1.2631309e+01
   1.0304957e+01   1.7481273e+01  -5.0216942e+00   1.2631309e+01
   1.0304957e+01   1.7481273e+01  -5.0216942e+00   1.2631309e+01
   1.0304957e+01   1.7481273e+01  -5.0216942e+00   1.2631309e+01
   1.0304957e+01   1.7481273e+01  -5.0216942e+00   1.2631309e+01
   1.0304957e+01   1.7481273e+01  -5.0216942e+00   1.2631309e+01
   1.0304957e+01   1.7481273e+01  -5.0216942e+00   1.2631309e+01
   1.0182764e+01   1.7504736e+01  -5.1134899e+00   1.2540908e+01
   1.0182764e+01   1.7504736e+01  -5.1134899e+00   1.2540908e+01
   1.0152897e+01   1.7767724e+01  -4.9936741e+00   1.2375201e+01
   1.0152897e+01   1.7767724e+01  -4.9936741e+00   1.2375201e+01
   1.0152897e+01   1.7767724e+01  -4.9936741e+00   1.2375201e+01
   1.0357837e+01   1.7666791e+01  -5.2681087e+00   1.2401621e+01
   1.0357837e+01   1.7666791e+01  -5.2681087e+00   1.2401621e+01
   1.0357837e+01   1.7666791e+01  -5.2681087e+00   1.2401621e+01
   1.0357837e+01   1.7666791e+01  -5.2681087e+00   1.2401621e+01
   1.0357837e+01   1.7666791e+01  -5.2681087e+00   1.2401621e+01
   1.0357837e+01   1.7666791e+01  -5.2681087e+00   1.2401621e+01
   1.0357837e+01   1.7666791e+01  -5.2681087e+00   1.2401621e+01
   1.0288069e+01   1.8188634e+01  -5.3446099e+00   1.1922095e+01
   1.0288069e+01   1.8188634e+01  -5.3446099e+00   1.1922095e+01
   1.0815738e+01   1.8005838e+01  -5.3272327e+00   1.2122380e+01
   1.0346026e+01   1.8272585e+01  -5.3526154e+00   1.1923092e+01
   1.0346026e+01   1.8272585e+01  -5.3526154e+00   1.1923092e+01
   1.0618561e+01   1.8129129e+01  -5.3350447e+00   1.2021606e+01
   1.0770225e+01   1.8210369e+01  -5.2499881e+00   1.2023418e+01
   1.0770225e+01   1.8210369e+01  -5.2499881e+00   1.2023418e+01
   1.0770225e+01   1.8210369e+01  -5.2499881e+00   1.2023418e+01
   1.0770225e+01   1.8210369e+01  -5.2499881e+00   1.2023418e+01
   1.0770225e+01   1.8210369e+01  -5.2499881e+00   1.2023418e+01
   1.0770225e+01   1.8210369e+01  -5.2499881e+00   1.2023418e+01
   1.0770225e+01   1.8210369e+01  -5.2499881e+00   1.2023418e+01
   1.0766744e+01   1.7530294e+01  -5.1186911e+00   1.2645366e+01
   1.0341238e+01   1.8561638e+01  -5.3893360e+00   1.1683738e+01
   1.0507548e+01   1.7885293e+01  -5.4457918e+00   1.2244819e+01
   1.0507548e+01   1.7885293e+01  -5.4457918e+00   1.2244819e+01
   1.0507548e+01   1.7885293e+01  -5.4457918e+00   1.2244819e+01
   1.0507548e+01   1.7885293e+01  -5.4457918e+00   1.2244819e+01
   1.0507548e+01   1.7885293e+01  -5.4457918e+00   1.2244819e+01
