  -4.1937278e+00   1.5497966e+01  -5.0996094e+00  -5.0729225e+00
  -3.9953091e+00   1.5193053e+01  -5.1131355e+00  -5.1397232e+00
  -3.6906313e+00   1.5202545e+01  -4.9741684e+00  -4.9880464e+00
  -3.6906313e+00   1.5202545e+01  -4.9741684e+00  -4.9880464e+00
  -3.6906313e+00   1.5202545e+01  -4.9741684e+00  -4.9880464e+00
  -3.8567904e+00   1.5321299e+01  -4.6279027e+00  -5.0305988e+00
  -3.8567904e+00   1.5321299e+01  -4.6279027e+00  -5.0305988e+00
  -4.1602300e+00   1.5503526e+01  -4.6167934e+00  -4.8096876e+00
  -4.2856531e+00   1.5345999e+01  -4.2788579e+00  -4.9533836e+00
  -4.2856531e+00   1.5345999e+01  -4.2788579e+00  -4.9533836e+00
  -4.2856531e+00   1.5345999e+01  -4.2788579e+00  -4.9533836e+00
  -4.2478996e+00   1.5566647e+01  -4.0945477e+00  -4.8916325e+00
  -4.3165939e+00   1.5602093e+01  -4.0167639e+00  -4.6950823e+00
  -4.3165939e+00   1.5602093e+01  -4.0167639e+00  -4.6950823e+00
  -4.2441393e+00   1.5765155e+01  -4.0199931e+00  -4.8793503e+00
  -4.1124200e+00   1.5573685e+01  -4.0795653e+00  -4.7817341e+00
  -4.0851636e+00   1.5807432e+01  -4.4416384e+00  -4.9839510e+00
  -4.4248115e+00   1.5775303e+01  -4.6535568e+00  -5.0725178e+00
  -4.4347157e+00   1.6190360e+01  -4.5964000e+00  -5.0253165e+00
  -4.4347157e+00   1.6190360e+01  -4.5964000e+00  -5.0253165e+00
  -4.4347157e+00   1.6190360e+01  -4.5964000e+00  -5.0253165e+00
  -4.6691371e+00   1.6025273e+01  -4.6887197e+00  -5.2629210e+00
  -4.6691371e+00   1.6025273e+01  -4.6887197e+00  -5.2629210e+00
  -4.5812792e+00   1.6088426e+01  -4.4888633e+00  -5.7606454e+00
  -4.7135614e+00   1.6194204e+01  -4.2757085e+00  -5.6879645e+00
  -4.7213580e+00   1.6076274e+01  -4.0193504e+00  -5.3743366e+00
  -4.4729455e+00   1.6311626e+01  -4.0159460e+00  -5.3196212e+00
  -4.5651106e+00   1.6684968e+01  -4.0231344e+00  -5.4039623e+00
  -4.6671213e+00   1.6675949e+01  -3.8377029e+00  -5.8110694e+00
  -4.4885912e+00   1.6925940e+01  -3.3087315e+00  -5.8583431e+00
  -4.4885912e+00   1.6925940e+01  -3.3087315e+00  -5.8583431e+00
  -4.2832908e+00   1.6772347e+01  -3.4468412e+00  -5.8897735e+00
  -4.2832908e+00   1.6772347e+01  -3.4468412e+00  -5.8897735e+00
  -3.8464011e+00   1.6563604e+01  -3.5733581e+00  -5.8463494e+00
  -3.8909357e+00   1.6726077e+01  -3.7610312e+00  -5.7323632e+00
  -3.7224504e+00   1.6601762e+01  -3.8849741e+00  -5.7381419e+00
  -3.7999402e+00   1.6480413e+01  -4.1592418e+00  -5.6226945e+00
  -3.6246111e+00   1.6449998e+01  -4.2126875e+00  -5.6819256e+00
  -3.6246111e+00   1.6449998e+01  -4.2126875e+00  -5.6819256e+00
  -3.6858845e+00   1.6646185e+01  -4.1158003e+00  -5.3735812e+00
  -3.6858845e+00   1.6646185e+01  -4.1158003e+00  -5.3735812e+00
  -3.6858845e+00   1.6646185e+01  -4.1158003e+00  -5.3735812e+00
  -3.8941367e+00   1.6500898e+01  -4.3843010e+00  -5.4418442e+00
  -4.2959472e+00   1.6410954e+01  -4.4374234e+00  -5.5185603e+00
  -4.0420665e+00   1.6404944e+01  -4.2996662e+00  -5.6307663e+00
  -3.9619772e+00   1.6361202e+01  -4.0531966e+00  -5.7354993e+00
  -3.9619772e+00   1.6361202e+01  -4.0531966e+00  -5.7354993e+00
  -4.1676664e+00   1.6330887e+01  -4.2881535e+00  -5.2361184e+00
  -4.1676664e+00   1.6330887e+01  -4.2881535e+00  -5.2361184e+00
  -4.1676664e+00   1.6330887e+01  -4.2881535e+00  -5.2361184e+00
   1.2453000e+00   3.1081177e+01   4.6744082e+00  -9.1633783e-01
   1.2453000e+00   3.1081177e+01   4.6744082e+00  -9.1633783e-01
   1.2453000e+00   3.1081177e+01   4.6744082e+00  -9.1633783e-01
   1.2453000e+00   3.1081177e+01   4.6744082e+00  -9.1633783e-01
   1.2453000e+00   3.1081177e+01   4.6744082e+00  -9.1633783e-01
   1.2453000e+00   3.1081177e+01   4.6744082e+00  -9.1633783e-01
   1.2453000e+00   3.1081177e+01   4.6744082e+00  -9.1633783e-01
  -3.1870105e+00   3.4360593e+01   1.0200017e+01  -3.4530268e+00
  -3.0128711e+00   3.3204023e+01   8.8942144e+00  -3.4422149e+00
  -3.0128711e+00   3.3204023e+01   8.8942144e+00  -3.4422149e+00
  -3.0128711e+00   3.3204023e+01   8.8942144e+00  -3.4422149e+00
  -3.0128711e+00   3.3204023e+01   8.8942144e+00  -3.4422149e+00
  -2.7892140e+00   3.3226973e+01   8.8388875e+00  -3.4858460e+00
  -2.7892140e+00   3.3226973e+01   8.8388875e+00  -3.4858460e+00
  -2.8183351e+00   3.3285317e+01   8.7428503e+00  -3.6001734e+00
  -2.9811381e+00   3.3293110e+01   8.8999984e+00  -3.5788114e+00
  -2.8084500e+00   3.3232395e+01   8.5766796e+00  -3.5575834e+00
  -2.8084500e+00   3.3232395e+01   8.5766796e+00  -3.5575834e+00
  -2.8084500e+00   3.3232395e+01   8.5766796e+00  -3.5575834e+00
  -2.8623769e+00   3.3218957e+01   8.6177420e+00  -3.5578637e+00
  -2.8623769e+00   3.3218957e+01   8.6177420e+00  -3.5578637e+00
  -2.8623769e+00   3.3218957e+01   8.6177420e+00  -3.5578637e+00
  -2.8623769e+00   3.3218957e+01   8.6177420e+00  -3.5578637e+00
  -2.8623769e+00   3.3218957e+01   8.6177420e+00  -3.5578637e+00
  -2.8623769e+00   3.3218957e+01   8.6177420e+00  -3.5578637e+00
  -2.8623769e+00   3.3218957e+01   8.6177420e+00  -3.5578637e+00
  -2.8623769e+00   3.3218957e+01   8.6177420e+00  -3.5578637e+00
  -2.8623769e+00   3.3218957e+01   8.6177420e+00  -3.5578637e+00
  -2.8623769e+00   3.3218957e+01   8.6177420e+00  -3.5578637e+00
  -2.8623769e+00   3.3218957e+01   8.6177420e+00  -3.5578637e+00
  -2.0798878e+00   3.2812892e+01   7.6259232e+00  -3.3491305e+00
  -2.0798878e+00   3.2812892e+01   7.6259232e+00  -3.3491305e+00
  -2.0798878e+00   3.2812892e+01   7.6259232e+00  -3.3491305e+00
  -2.0798878e+00   3.2812892e+01   7.6259232e+00  -3.3491305e+00
  -2.0798878e+00   3.2812892e+01   7.6259232e+00  -3.3491305e+00
  -8.7244160e-01   2.8718055e+01   3.8655594e+00  -2.5443534e+00
  -8.7244160e-01   2.8718055e+01   3.8655594e+00  -2.5443534e+00
  -8.7244160e-01   2.8718055e+01   3.8655594e+00  -2.5443534e+00
  -8.7244160e-01   2.8718055e+01   3.8655594e+00  -2.5443534e+00
  -8.7244160e-01   2.8718055e+01   3.8655594e+00  -2.5443534e+00
  -8.7244160e-01   2.8718055e+01   3.8655594e+00  -2.5443534e+00
  -8.7244160e-01   2.8718055e+01   3.8655594e+00  -2.5443534e+00
  -8.7244160e-01   2.8718055e+01   3.8655594e+00  -2.5443534e+00
  -8.7244160e-01   2.8718055e+01   3.8655594e+00  -2.5443534e+00
  -8.7244160e-01   2.8718055e+01   3.8655594e+00  -2.5443534e+00
  -8.7244160e-01   2.8718055e+01   3.8655594e+00  -2.5443534e+00
  -8.7244160e-01   2.8718055e+01   3.8655594e+00  -2.5443534e+00
  -8.7244160e-01   2.8718055e+01   3.8655594e+00  -2.5443534e+00
  -8.7244160e-01   2.8718055e+01   3.8655594e+00  -2.5443534e+00
  -8.7244160e-01   2.8718055e+01   3.8655594e+00  -2.5443534e+00
