  -2.1043984e+00  -1.5164245e+01  -1.0073170e+01   3.5375627e+01
  -2.1043984e+00  -1.5164245e+01  -1.0073170e+01   3.5375627e+01
  -1.9238724e+00  -1.5290662e+01  -1.0235813e+01   3.5206809e+01
  -1.7173637e+00  -1.5314789e+01  -1.0359194e+01   3.5193906e+01
  -1.7965944e+00  -1.5191545e+01  -1.0853649e+01   3.5460238e+01
  -1.7965944e+00  -1.5191545e+01  -1.0853649e+01   3.5460238e+01
  -1.7965944e+00  -1.5191545e+01  -1.0853649e+01   3.5460238e+01
  -1.6706651e+00  -1.5130854e+01  -1.0606293e+01   3.5625458e+01
  -1.4372738e+00  -1.4746992e+01  -1.1054007e+01   3.5322285e+01
  -1.4372738e+00  -1.4746992e+01  -1.1054007e+01   3.5322285e+01
  -1.4622479e+00  -1.4879728e+01  -1.1396337e+01   3.5222408e+01
  -1.4622479e+00  -1.4879728e+01  -1.1396337e+01   3.5222408e+01
  -1.5217849e+00  -1.5122415e+01  -1.1463695e+01   3.5146503e+01
  -1.5217849e+00  -1.5122415e+01  -1.1463695e+01   3.5146503e+01
  -1.2064463e+00  -1.5354562e+01  -1.1434308e+01   3.4993344e+01
  -1.2064463e+00  -1.5354562e+01  -1.1434308e+01   3.4993344e+01
  -1.2064463e+00  -1.5354562e+01  -1.1434308e+01   3.4993344e+01
  -1.2064463e+00  -1.5354562e+01  -1.1434308e+01   3.4993344e+01
  -1.2064463e+00  -1.5354562e+01  -1.1434308e+01   3.4993344e+01
  -1.3206655e+00  -1.5503378e+01  -1.1558268e+01   3.5186883e+01
  -1.4518053e+00  -1.5368172e+01  -1.1233918e+01   3.5024811e+01
  -1.4518053e+00  -1.5368172e+01  -1.1233918e+01   3.5024811e+01
  -1.4518053e+00  -1.5368172e+01  -1.1233918e+01   3.5024811e+01
  -1.4518053e+00  -1.5368172e+01  -1.1233918e+01   3.5024811e+01
  -1.4518053e+00  -1.5368172e+01  -1.1233918e+01   3.5024811e+01
  -1.7674345e+00  -1.5491610e+01  -1.1088225e+01   3.4694104e+01
  -1.7674345e+00  -1.5491610e+01  -1.1088225e+01   3.4694104e+01
  -1.7674345e+00  -1.5491610e+01  -1.1088225e+01   3.4694104e+01
  -1.7186038e+00  -1.5712609e+01  -1.1366951e+01   3.4983811e+01
  -1.8146500e+00  -1.5694406e+01  -1.0881819e+01   3.4814967e+01
  -1.8372290e+00  -1.5595851e+01  -1.0950430e+01   3.4660818e+01
  -1.8339810e+00  -1.5910003e+01  -1.0704889e+01   3.4873832e+01
  -1.8339810e+00  -1.5910003e+01  -1.0704889e+01   3.4873832e+01
  -1.8339810e+00  -1.5910003e+01  -1.0704889e+01   3.4873832e+01
  -1.6434329e+00  -1.6169247e+01  -1.0515215e+01   3.4756671e+01
  -1.3324997e+00  -1.6275743e+01  -1.0402088e+01   3.4685826e+01
  -1.3501264e+00  -1.6256508e+01  -1.0306445e+01   3.4237926e+01
  -1.3501264e+00  -1.6256508e+01  -1.0306445e+01   3.4237926e+01
  -9.8791712e-01  -1.6347830e+01  -1.0351515e+01   3.4376586e+01
  -9.9889448e-01  -1.6267752e+01  -9.9721312e+00   3.4420144e+01
  -1.0332322e+00  -1.6202732e+01  -9.9234760e+00   3.4301689e+01
  -8.9491099e-01  -1.6031844e+01  -9.7108266e+00   3.4397921e+01
  -8.6666255e-01  -1.5829622e+01  -9.8004771e+00   3.4531063e+01
  -1.0795062e+00  -1.5725095e+01  -1.0264411e+01   3.4497749e+01
  -1.0795062e+00  -1.5725095e+01  -1.0264411e+01   3.4497749e+01
  -8.8983062e-01  -1.5567923e+01  -1.0274547e+01   3.4334210e+01
  -8.8983062e-01  -1.5567923e+01  -1.0274547e+01   3.4334210e+01
  -8.8983062e-01  -1.5567923e+01  -1.0274547e+01   3.4334210e+01
  -9.8806815e-01  -1.5633730e+01  -1.0024593e+01   3.4506756e+01
   3.0089109e+01   9.5218950e+00  -5.2493838e+00   1.9334684e+01
   2.9940541e+01   9.8761952e+00  -5.0432985e+00   2.0005591e+01
   2.9961484e+01   9.9514527e+00  -4.9884522e+00   1.9975619e+01
   3.0013883e+01   9.9418850e+00  -5.0124314e+00   2.0019256e+01
   3.0029869e+01   9.9704824e+00  -4.9979149e+00   2.0029130e+01
   3.0025857e+01   1.0000689e+01  -5.0058960e+00   2.0026851e+01
   3.0025857e+01   1.0000689e+01  -5.0058960e+00   2.0026851e+01
   3.0025857e+01   1.0000689e+01  -5.0058960e+00   2.0026851e+01
   3.0025857e+01   1.0000689e+01  -5.0058960e+00   2.0026851e+01
   2.9979033e+01   9.9930913e+00  -4.9883406e+00   1.9971963e+01
   2.9992381e+01   1.0014583e+01  -5.0328132e+00   2.0008851e+01
   3.0022497e+01   1.0011987e+01  -4.9804343e+00   1.9982092e+01
   3.0002110e+01   9.9790904e+00  -5.0304133e+00   2.0014180e+01
   3.0002110e+01   9.9790904e+00  -5.0304133e+00   2.0014180e+01
   3.0038441e+01   1.0022595e+01  -4.9993951e+00   2.0044523e+01
   2.9993443e+01   9.9716286e+00  -5.0448851e+00   2.0011318e+01
   3.0000460e+01   1.0035687e+01  -4.9847596e+00   2.0015330e+01
   3.0005947e+01   9.9857653e+00  -5.0248470e+00   1.9991845e+01
   3.0005947e+01   9.9857653e+00  -5.0248470e+00   1.9991845e+01
   3.0017721e+01   1.0031446e+01  -5.0048951e+00   2.0027184e+01
   3.0029555e+01   1.0003016e+01  -4.9709746e+00   2.0015120e+01
   3.0029555e+01   1.0003016e+01  -4.9709746e+00   2.0015120e+01
   3.0010482e+01   9.9958178e+00  -5.0026699e+00   1.9986369e+01
   3.0005422e+01   9.9901474e+00  -5.0104373e+00   2.0012790e+01
   3.0018916e+01   1.0039454e+01  -4.9894612e+00   2.0001456e+01
   3.0018916e+01   1.0039454e+01  -4.9894612e+00   2.0001456e+01
   3.0018916e+01   1.0039454e+01  -4.9894612e+00   2.0001456e+01
   3.0027368e+01   9.9993600e+00  -5.0232371e+00   2.0017766e+01
   3.0027368e+01   9.9993600e+00  -5.0232371e+00   2.0017766e+01
   3.0044552e+01   1.0000351e+01  -5.0220798e+00   2.0008547e+01
   3.0044552e+01   1.0000351e+01  -5.0220798e+00   2.0008547e+01
   3.0044552e+01   1.0000351e+01  -5.0220798e+00   2.0008547e+01
   3.0044552e+01   1.0000351e+01  -5.0220798e+00   2.0008547e+01
   3.0044552e+01   1.0000351e+01  -5.0220798e+00   2.0008547e+01
   3.0044552e+01   1.0000351e+01  -5.0220798e+00   2.0008547e+01
   3.0044552e+01   1.0000351e+01  -5.0220798e+00   2.0008547e+01
   3.0018487e+01   9.9647959e+00  -5.0439754e+00   1.9999476e+01
   3.0018487e+01   9.9647959e+00  -5.0439754e+00   1.9999476e+01
   3.0018487e+01   9.9647959e+00  -5.0439754e+00   1.9999476e+01
   3.0049863e+01   9.9804812e+00  -5.0568343e+00   1.9975665e+01
   3.0049863e+01   9.9804812e+00  -5.0568343e+00   1.9975665e+01
   3.0049863e+01   9.9804812e+00  -5.0568343e+00   1.9975665e+01
   3.0049863e+01   9.9804812e+00  -5.0568343e+00   1.9975665e+01
   3.0049863e+01   9.9804812e+00  -5.0568343e+00   1.9975665e+01
   3.0024093e+01   9.9826505e+00  -5.0713299e+00   2.0002218e+01
   3.0024093e+01   9.9826505e+00  -5.0713299e+00   2.0002218e+01
   3.0024093e+01   9.9826505e+00  -5.0713299e+00   2.0002218e+01
   3.0015424e+01   9.9633396e+00  -5.0863285e+00   2.0015396e+01
   2.9974351e+01   1.0030073e+01  -5.0033377e+00   2.0085467e+01
   2.9974351e+01   1.0030073e+01  -5.0033377e+00   2.0085467e+01
   2.9981442e+01   1.0039966e+01  -5.0008979e+00   2.0058956e+01
