  -1.8906075e+01  -1.9829450e+00   2.8842268e+01   3.8305375e+01
  -1.9169774e+01  -1.2564656e+00   2.8892447e+01   3.8392203e+01
  -1.9235224e+01  -1.4636822e+00   2.8879481e+01   3.8565497e+01
  -1.9633293e+01  -1.1537356e+00   2.8665151e+01   3.8645283e+01
  -1.9607256e+01  -9.1185239e-01   2.8264139e+01   3.8830423e+01
  -1.9366588e+01  -9.4637402e-01   2.8246170e+01   3.8632105e+01
  -1.8978394e+01  -1.1188611e+00   2.8454377e+01   3.8179355e+01
  -1.8978394e+01  -1.1188611e+00   2.8454377e+01   3.8179355e+01
  -1.8978394e+01  -1.1188611e+00   2.8454377e+01   3.8179355e+01
  -1.8978394e+01  -1.1188611e+00   2.8454377e+01   3.8179355e+01
  -1.8978394e+01  -1.1188611e+00   2.8454377e+01   3.8179355e+01
  -1.8978394e+01  -1.1188611e+00   2.8454377e+01   3.8179355e+01
  -1.8960374e+01  -1.3833311e+00   2.8657982e+01   3.8176099e+01
  -1.8468397e+01  -1.3199567e+00   2.8891399e+01   3.8340657e+01
  -1.8468397e+01  -1.3199567e+00   2.8891399e+01   3.8340657e+01
  -1.8468397e+01  -1.3199567e+00   2.8891399e+01   3.8340657e+01
  -1.8525464e+01  -1.2739229e+00   2.8954884e+01   3.8303034e+01
  -1.8525464e+01  -1.2739229e+00   2.8954884e+01   3.8303034e+01
  -1.8525464e+01  -1.2739229e+00   2.8954884e+01   3.8303034e+01
  -1.8525464e+01  -1.2739229e+00   2.8954884e+01   3.8303034e+01
  -1.8525464e+01  -1.2739229e+00   2.8954884e+01   3.8303034e+01
  -1.8299924e+01  -1.1994934e+00   2.9237168e+01   3.8199850e+01
  -1.8471863e+01  -1.4004283e+00   2.9165927e+01   3.7768808e+01
  -1.8471863e+01  -1.4004283e+00   2.9165927e+01   3.7768808e+01
  -1.8463949e+01  -1.3724834e+00   2.9396097e+01   3.8058002e+01
  -1.8315851e+01  -1.2123482e+00   2.8777848e+01   3.8183733e+01
  -1.8246193e+01  -1.1653253e+00   2.8899812e+01   3.8140489e+01
  -1.8184231e+01  -9.3650525e-01   2.8690581e+01   3.8093259e+01
  -1.7881487e+01  -8.5828453e-01   2.8696108e+01   3.7982755e+01
  -1.7256361e+01  -6.8571847e-01   2.8406024e+01   3.7850469e+01
  -1.7256361e+01  -6.8571847e-01   2.8406024e+01   3.7850469e+01
  -1.7111884e+01  -6.3996308e-01   2.8254118e+01   3.8084774e+01
  -1.7134366e+01  -6.7265579e-01   2.8159849e+01   3.8406068e+01
  -1.7134366e+01  -6.7265579e-01   2.8159849e+01   3.8406068e+01
  -1.6783112e+01  -8.6396868e-01   2.8210899e+01   3.8407765e+01
  -1.6760237e+01  -6.7166191e-01   2.8093638e+01   3.8147678e+01
  -1.6914987e+01  -2.5301819e-01   2.7886994e+01   3.8064215e+01
  -1.6914987e+01  -2.5301819e-01   2.7886994e+01   3.8064215e+01
  -1.6946812e+01  -3.3386439e-01   2.8047291e+01   3.7946711e+01
  -1.6911844e+01  -4.4351200e-01   2.8403415e+01   3.7990470e+01
  -1.6738240e+01  -4.6007025e-01   2.8300667e+01   3.7701621e+01
  -1.6681739e+01  -2.1233102e-01   2.8081954e+01   3.7662185e+01
  -1.6681739e+01  -2.1233102e-01   2.8081954e+01   3.7662185e+01
  -1.6681739e+01  -2.1233102e-01   2.8081954e+01   3.7662185e+01
  -1.6755405e+01  -4.4364564e-01   2.7831921e+01   3.7720752e+01
  -1.7092566e+01  -6.0585739e-01   2.7782450e+01   3.7572404e+01
  -1.6668433e+01  -3.0051966e-01   2.7480666e+01   3.7567114e+01
  -1.6660623e+01  -9.5146513e-02   2.7548682e+01   3.7369339e+01
  -1.6660623e+01  -9.5146513e-02   2.7548682e+01   3.7369339e+01
  -4.7151847e+00   9.5672598e+00   9.9850326e+00   2.0149091e+01
  -5.0211564e+00   9.9194784e+00   1.0008894e+01   2.0084259e+01
  -4.9651602e+00   9.9606451e+00   1.0037132e+01   2.0038236e+01
  -5.0154652e+00   1.0012447e+01   1.0002353e+01   1.9980716e+01
  -5.0154652e+00   1.0012447e+01   1.0002353e+01   1.9980716e+01
  -5.0154652e+00   1.0012447e+01   1.0002353e+01   1.9980716e+01
  -5.0104864e+00   1.0007179e+01   9.9749027e+00   2.0009880e+01
  -5.0104864e+00   1.0007179e+01   9.9749027e+00   2.0009880e+01
  -5.0104864e+00   1.0007179e+01   9.9749027e+00   2.0009880e+01
  -5.0336473e+00   1.0018125e+01   1.0016037e+01   1.9992522e+01
  -4.9975368e+00   9.9813508e+00   9.9859829e+00   1.9997069e+01
  -4.9709196e+00   9.9856652e+00   1.0004191e+01   1.9981547e+01
  -4.9938263e+00   1.0004269e+01   1.0000956e+01   1.9981510e+01
  -4.9897182e+00   9.9680421e+00   1.0030942e+01   2.0010917e+01
  -4.9897182e+00   9.9680421e+00   1.0030942e+01   2.0010917e+01
  -4.9897182e+00   9.9680421e+00   1.0030942e+01   2.0010917e+01
  -4.9906955e+00   9.9871117e+00   1.0025177e+01   2.0019264e+01
  -4.9943858e+00   1.0003447e+01   9.9882145e+00   2.0007112e+01
  -4.9943858e+00   1.0003447e+01   9.9882145e+00   2.0007112e+01
  -5.0419944e+00   1.0013836e+01   1.0018309e+01   2.0002210e+01
  -5.0419944e+00   1.0013836e+01   1.0018309e+01   2.0002210e+01
  -5.0011370e+00   9.9897814e+00   9.9998353e+00   1.9974982e+01
  -5.0252778e+00   9.9618807e+00   1.0038675e+01   1.9993469e+01
  -5.0252778e+00   9.9618807e+00   1.0038675e+01   1.9993469e+01
  -5.0252778e+00   9.9618807e+00   1.0038675e+01   1.9993469e+01
  -5.0252778e+00   9.9618807e+00   1.0038675e+01   1.9993469e+01
  -5.0252778e+00   9.9618807e+00   1.0038675e+01   1.9993469e+01
  -5.0252778e+00   9.9618807e+00   1.0038675e+01   1.9993469e+01
  -4.9738207e+00   1.0032998e+01   9.9770412e+00   2.0023460e+01
  -4.9738207e+00   1.0032998e+01   9.9770412e+00   2.0023460e+01
  -4.9405548e+00   1.0014960e+01   9.9801687e+00   2.0022425e+01
  -4.9501440e+00   1.0029220e+01   9.9518140e+00   2.0003429e+01
  -4.8931472e+00   9.9244086e+00   1.0008001e+01   2.0055714e+01
  -4.8931472e+00   9.9244086e+00   1.0008001e+01   2.0055714e+01
  -4.8931472e+00   9.9244086e+00   1.0008001e+01   2.0055714e+01
  -4.8931472e+00   9.9244086e+00   1.0008001e+01   2.0055714e+01
  -4.8931472e+00   9.9244086e+00   1.0008001e+01   2.0055714e+01
  -4.8931472e+00   9.9244086e+00   1.0008001e+01   2.0055714e+01
  -4.8931472e+00   9.9244086e+00   1.0008001e+01   2.0055714e+01
  -4.8931472e+00   9.9244086e+00   1.0008001e+01   2.0055714e+01
  -4.8931472e+00   9.9244086e+00   1.0008001e+01   2.0055714e+01
  -4.8931472e+00   9.9244086e+00   1.0008001e+01   2.0055714e+01
  -4.8931472e+00   9.9244086e+00   1.0008001e+01   2.0055714e+01
  -4.9515481e+00   1.0060082e+01   1.0017437e+01   2.0004628e+01
  -4.9497422e+00   1.0080483e+01   1.0042572e+01   1.9972054e+01
  -4.9497422e+00   1.0080483e+01   1.0042572e+01   1.9972054e+01
  -4.9593224e+00   1.0025728e+01   1.0037862e+01   1.9983762e+01
  -5.0041800e+00   1.0027075e+01   1.0065119e+01   1.9958417e+01
  -5.0652161e+00   1.0024970e+01   1.0060568e+01   1.9931889e+01
  -5.1540800e+00   1.0081203e+01   1.0081686e+01   1.9916545e+01
  -5.0427021e+00   1.0061786e+01   1.0059233e+01   1.9934448e+01
