   3.8063726e+01   2.7605636e+01   4.5230416e+01   1.5054174e+01
   3.8057389e+01   2.7589854e+01   4.5341653e+01   1.5006326e+01
   3.8057389e+01   2.7589854e+01   4.5341653e+01   1.5006326e+01
   3.8287529e+01   2.7563633e+01   4.5336520e+01   1.4937889e+01
   3.7900828e+01   2.7570789e+01   4.5359882e+01   1.5208995e+01
   3.7900828e+01   2.7570789e+01   4.5359882e+01   1.5208995e+01
   3.7984023e+01   2.7313440e+01   4.5029699e+01   1.5010052e+01
   3.7984023e+01   2.7313440e+01   4.5029699e+01   1.5010052e+01
   3.7984023e+01   2.7313440e+01   4.5029699e+01   1.5010052e+01
   3.7871926e+01   2.6942452e+01   4.5206943e+01   1.4800270e+01
   3.7933955e+01   2.6938749e+01   4.5076457e+01   1.5123751e+01
   3.7964568e+01   2.6815540e+01   4.5272720e+01   1.5471422e+01
   3.7964568e+01   2.6815540e+01   4.5272720e+01   1.5471422e+01
   3.8108890e+01   2.6320263e+01   4.5403237e+01   1.5436150e+01
   3.8108890e+01   2.6320263e+01   4.5403237e+01   1.5436150e+01
   3.8108890e+01   2.6320263e+01   4.5403237e+01   1.5436150e+01
   3.7947259e+01   2.6168483e+01   4.5592843e+01   1.5270962e+01
   3.7947259e+01   2.6168483e+01   4.5592843e+01   1.5270962e+01
   3.7947259e+01   2.6168483e+01   4.5592843e+01   1.5270962e+01
   3.8072874e+01   2.6073330e+01   4.5420698e+01   1.5226733e+01
   3.7946907e+01   2.6023821e+01   4.5178561e+01   1.4986379e+01
   3.7946907e+01   2.6023821e+01   4.5178561e+01   1.4986379e+01
   3.7946907e+01   2.6023821e+01   4.5178561e+01   1.4986379e+01
   3.7625602e+01   2.5958849e+01   4.5034002e+01   1.4622200e+01
   3.7677026e+01   2.5695248e+01   4.5076645e+01   1.4650284e+01
   3.7712284e+01   2.5799746e+01   4.4767166e+01   1.4659108e+01
   3.7712284e+01   2.5799746e+01   4.4767166e+01   1.4659108e+01
   3.7712284e+01   2.5799746e+01   4.4767166e+01   1.4659108e+01
   3.7712284e+01   2.5799746e+01   4.4767166e+01   1.4659108e+01
   3.7549142e+01   2.5402231e+01   4.5196445e+01   1.4791377e+01
   3.7549142e+01   2.5402231e+01   4.5196445e+01   1.4791377e+01
   3.7549142e+01   2.5402231e+01   4.5196445e+01   1.4791377e+01
   3.7244955e+01   2.5477719e+01   4.5430111e+01   1.4767673e+01
   3.7274105e+01   2.5337497e+01   4.5835840e+01   1.4879915e+01
   3.7274105e+01   2.5337497e+01   4.5835840e+01   1.4879915e+01
   3.7080514e+01   2.5161771e+01   4.5916950e+01   1.4636116e+01
   3.7080514e+01   2.5161771e+01   4.5916950e+01   1.4636116e+01
   3.6967791e+01   2.5034924e+01   4.6152807e+01   1.4712944e+01
   3.6967791e+01   2.5034924e+01   4.6152807e+01   1.4712944e+01
   3.6967791e+01   2.5034924e+01   4.6152807e+01   1.4712944e+01
   3.6967791e+01   2.5034924e+01   4.6152807e+01   1.4712944e+01
   3.6910883e+01   2.5083930e+01   4.6117455e+01   1.4960882e+01
   3.6910883e+01   2.5083930e+01   4.6117455e+01   1.4960882e+01
   3.6910883e+01   2.5083930e+01   4.6117455e+01   1.4960882e+01
   3.6910883e+01   2.5083930e+01   4.6117455e+01   1.4960882e+01
   3.6902967e+01   2.4991075e+01   4.6070640e+01   1.4875537e+01
   3.6756817e+01   2.5121723e+01   4.6140512e+01   1.4810578e+01
   3.6756817e+01   2.5121723e+01   4.6140512e+01   1.4810578e+01
   3.6517642e+01   2.5241600e+01   4.5799446e+01   1.4812567e+01
  -2.1285078e+00   1.8944807e+01   2.7652976e+01   6.5847909e+00
  -4.8756680e+00   1.9994671e+01   2.9425773e+01   9.2615645e+00
  -5.0109045e+00   2.0105614e+01   3.0088947e+01   1.0069933e+01
  -4.9997080e+00   2.0055687e+01   3.0049609e+01   1.0017942e+01
  -5.0244742e+00   2.0026018e+01   2.9999671e+01   1.0024946e+01
  -5.0580792e+00   2.0024003e+01   3.0008837e+01   9.9650746e+00
  -4.9988003e+00   2.0021647e+01   3.0038768e+01   1.0057540e+01
  -4.9988003e+00   2.0021647e+01   3.0038768e+01   1.0057540e+01
  -5.0365010e+00   1.9987903e+01   2.9995745e+01   1.0068712e+01
  -4.9495770e+00   1.9986823e+01   3.0039780e+01   1.0078768e+01
  -4.9987448e+00   2.0034236e+01   3.0063612e+01   1.0048640e+01
  -4.9987448e+00   2.0034236e+01   3.0063612e+01   1.0048640e+01
  -4.9948386e+00   1.9994142e+01   2.9995806e+01   9.9481121e+00
  -5.0076971e+00   2.0027036e+01   3.0037494e+01   1.0020528e+01
  -5.0132208e+00   1.9980108e+01   3.0011059e+01   1.0026335e+01
  -5.0172916e+00   1.9965600e+01   2.9987134e+01   1.0006692e+01
  -5.0172916e+00   1.9965600e+01   2.9987134e+01   1.0006692e+01
  -5.0172916e+00   1.9965600e+01   2.9987134e+01   1.0006692e+01
  -5.0259641e+00   1.9989357e+01   2.9976741e+01   9.9141096e+00
  -4.9756985e+00   1.9998702e+01   3.0062071e+01   1.0026741e+01
  -4.9946679e+00   1.9990631e+01   3.0023223e+01   1.0020573e+01
  -4.9636860e+00   1.9986898e+01   3.0017946e+01   1.0047136e+01
  -4.9631374e+00   2.0006221e+01   3.0050193e+01   1.0016701e+01
  -4.9631374e+00   2.0006221e+01   3.0050193e+01   1.0016701e+01
  -5.0201704e+00   1.9997373e+01   3.0012042e+01   9.9850775e+00
  -4.9875924e+00   1.9966275e+01   3.0007775e+01   1.0036327e+01
  -4.9875924e+00   1.9966275e+01   3.0007775e+01   1.0036327e+01
  -5.0343612e+00   1.9946594e+01   2.9932077e+01   9.9609988e+00
  -5.0343612e+00   1.9946594e+01   2.9932077e+01   9.9609988e+00
  -5.0130903e+00   1.9997074e+01   3.0003107e+01   1.0008422e+01
  -5.0130903e+00   1.9997074e+01   3.0003107e+01   1.0008422e+01
  -5.0130903e+00   1.9997074e+01   3.0003107e+01   1.0008422e+01
  -5.0130903e+00   1.9997074e+01   3.0003107e+01   1.0008422e+01
  -5.0130903e+00   1.9997074e+01   3.0003107e+01   1.0008422e+01
  -5.0130903e+00   1.9997074e+01   3.0003107e+01   1.0008422e+01
  -5.0130903e+00   1.9997074e+01   3.0003107e+01   1.0008422e+01
  -5.0130903e+00   1.9997074e+01   3.0003107e+01   1.0008422e+01
  -5.0130903e+00   1.9997074e+01   3.0003107e+01   1.0008422e+01
  -5.0130903e+00   1.9997074e+01   3.0003107e+01   1.0008422e+01
  -5.0130903e+00   1.9997074e+01   3.0003107e+01   1.0008422e+01
  -5.0130903e+00   1.9997074e+01   3.0003107e+01   1.0008422e+01
  -5.0130903e+00   1.9997074e+01   3.0003107e+01   1.0008422e+01
  -5.0130903e+00   1.9997074e+01   3.0003107e+01   1.0008422e+01
  -5.0130903e+00   1.9997074e+01   3.0003107e+01   1.0008422e+01
  -5.0130903e+00   1.9997074e+01   3.0003107e+01   1.0008422e+01
  -5.0130903e+00   1.9997074e+01   3.0003107e+01   1.0008422e+01
  -5.0130903e+00   1.9997074e+01   3.0003107e+01   1.0008422e+01
  -5.0130903e+00   1.9997074e+01   3.0003107e+01   1.0008422e+01
  -5.0130903e+00   1.9997074e+01   3.0003107e+01   1.0008422e+01
  -5.0130903e+00   1.9997074e+01   3.0003107e+01   1.0008422e+01
  -5.0130903e+00   1.9997074e+01   3.0003107e+01   1.0008422e+01
