   4.5021452e+01   4.8993596e+00   3.4807815e+00   4.4736645e+01
   4.5021452e+01   4.8993596e+00   3.4807815e+00   4.4736645e+01
   4.5021452e+01   4.8993596e+00   3.4807815e+00   4.4736645e+01
   4.5021452e+01   4.8993596e+00   3.4807815e+00   4.4736645e+01
   4.5021452e+01   4.8993596e+00   3.4807815e+00   4.4736645e+01
   4.5021452e+01   4.8993596e+00   3.4807815e+00   4.4736645e+01
   4.5014679e+01   5.0139014e+00   3.4058996e+00   4.4846711e+01
   4.5014679e+01   5.0139014e+00   3.4058996e+00   4.4846711e+01
   4.5231128e+01   5.0291363e+00   3.0642292e+00   4.4622569e+01
   4.5164432e+01   5.0297053e+00   3.1581293e+00   4.4997154e+01
   4.5255762e+01   4.7401556e+00   3.1319929e+00   4.4829890e+01
   4.4998249e+01   4.9735975e+00   2.9209388e+00   4.4793507e+01
   4.5099429e+01   4.8770415e+00   3.2255990e+00   4.4764597e+01
   4.4954595e+01   5.1321019e+00   2.9983153e+00   4.4693126e+01
   4.4954595e+01   5.1321019e+00   2.9983153e+00   4.4693126e+01
   4.5061583e+01   5.0905280e+00   3.2088097e+00   4.4550212e+01
   4.5080045e+01   5.0708841e+00   3.2518126e+00   4.4508321e+01
   4.5051671e+01   5.1244160e+00   3.2708099e+00   4.4503203e+01
   4.5117308e+01   5.4812306e+00   3.1869994e+00   4.4692825e+01
   4.5008894e+01   5.5344592e+00   3.5150593e+00   4.4497750e+01
   4.5008894e+01   5.5344592e+00   3.5150593e+00   4.4497750e+01
   4.5008894e+01   5.5344592e+00   3.5150593e+00   4.4497750e+01
   4.5286058e+01   5.3770792e+00   3.3266107e+00   4.4349276e+01
   4.5286058e+01   5.3770792e+00   3.3266107e+00   4.4349276e+01
   4.5510628e+01   5.4032265e+00   3.6705014e+00   4.4484990e+01
   4.5542320e+01   4.9850080e+00   3.5893064e+00   4.4569571e+01
   4.5389460e+01   4.9090962e+00   3.5200998e+00   4.4645237e+01
   4.5451154e+01   4.8656491e+00   3.3342730e+00   4.4431428e+01
   4.5798647e+01   5.0441668e+00   3.2998412e+00   4.4253705e+01
   4.5798647e+01   5.0441668e+00   3.2998412e+00   4.4253705e+01
   4.5764633e+01   4.9548451e+00   3.4334269e+00   4.3866694e+01
   4.5764633e+01   4.9548451e+00   3.4334269e+00   4.3866694e+01
   4.5764633e+01   4.9548451e+00   3.4334269e+00   4.3866694e+01
   4.5775563e+01   4.7657977e+00   3.1403951e+00   4.3840080e+01
   4.5626862e+01   4.8317564e+00   3.1513983e+00   4.3835883e+01
   4.5626862e+01   4.8317564e+00   3.1513983e+00   4.3835883e+01
   4.5970618e+01   4.8194330e+00   3.0416164e+00   4.3646179e+01
   4.6070986e+01   5.0351605e+00   2.9442884e+00   4.3633051e+01
   4.6070986e+01   5.0351605e+00   2.9442884e+00   4.3633051e+01
   4.6070986e+01   5.0351605e+00   2.9442884e+00   4.3633051e+01
   4.6035420e+01   5.5757505e+00   3.0661660e+00   4.3766012e+01
   4.6458014e+01   5.4237482e+00   3.0482469e+00   4.3679214e+01
   4.6415797e+01   5.2589529e+00   3.1481143e+00   4.3583443e+01
   4.6415797e+01   5.2589529e+00   3.1481143e+00   4.3583443e+01
   4.6156975e+01   5.0054615e+00   2.9224585e+00   4.3795905e+01
   4.6000621e+01   5.0344380e+00   2.7126309e+00   4.3746394e+01
   4.5968092e+01   4.9934148e+00   2.5011712e+00   4.3504256e+01
   4.5968092e+01   4.9934148e+00   2.5011712e+00   4.3504256e+01
   4.6008346e+01   5.4175524e+00   2.3260530e+00   4.3556723e+01
   3.0014793e+01   9.8171372e+00  -4.9755541e+00   2.0105491e+01
   3.0011831e+01   1.0004003e+01  -4.9419430e+00   2.0016442e+01
   3.0006373e+01   9.9802436e+00  -4.9602977e+00   1.9973264e+01
   3.0023515e+01   1.0013307e+01  -4.9862326e+00   1.9990929e+01
   2.9979619e+01   9.9971658e+00  -4.9693541e+00   1.9956876e+01
   2.9986632e+01   9.9666172e+00  -5.0021416e+00   1.9963265e+01
   2.9986632e+01   9.9666172e+00  -5.0021416e+00   1.9963265e+01
   3.0027699e+01   9.9806194e+00  -5.0026852e+00   2.0004173e+01
   3.0008032e+01   9.9912759e+00  -5.0183847e+00   2.0014823e+01
   3.0008032e+01   9.9912759e+00  -5.0183847e+00   2.0014823e+01
   2.9991076e+01   9.9548186e+00  -4.9798730e+00   1.9968489e+01
   3.0033457e+01   1.0010914e+01  -4.9854339e+00   2.0032013e+01
   3.0035192e+01   1.0015379e+01  -4.9834471e+00   2.0024299e+01
   3.0035192e+01   1.0015379e+01  -4.9834471e+00   2.0024299e+01
   2.9991328e+01   9.9900531e+00  -5.0058071e+00   2.0005657e+01
   3.0057645e+01   9.9707090e+00  -5.0020885e+00   2.0049845e+01
   3.0006956e+01   9.9718289e+00  -4.9867072e+00   1.9995466e+01
   3.0076391e+01   9.9952059e+00  -4.9875480e+00   2.0048908e+01
   2.9994184e+01   1.0001883e+01  -4.9927278e+00   1.9940595e+01
   2.9994184e+01   1.0001883e+01  -4.9927278e+00   1.9940595e+01
   3.0043159e+01   9.9717154e+00  -5.0310397e+00   2.0004360e+01
   2.9993329e+01   9.9717088e+00  -4.9834449e+00   1.9993625e+01
   2.9993329e+01   9.9717088e+00  -4.9834449e+00   1.9993625e+01
   2.9978579e+01   9.9755921e+00  -4.9276112e+00   1.9981084e+01
   2.9978579e+01   9.9755921e+00  -4.9276112e+00   1.9981084e+01
   2.9978579e+01   9.9755921e+00  -4.9276112e+00   1.9981084e+01
   3.0040531e+01   1.0018350e+01  -5.0040035e+00   2.0037221e+01
   3.0037598e+01   9.9828515e+00  -4.9711341e+00   2.0036925e+01
   3.0021256e+01   9.9741728e+00  -4.9882697e+00   2.0011557e+01
   3.0008092e+01   1.0012059e+01  -4.9873762e+00   2.0000854e+01
   2.9997570e+01   9.9577706e+00  -4.9489769e+00   2.0018139e+01
   2.9997570e+01   9.9577706e+00  -4.9489769e+00   2.0018139e+01
   2.9993461e+01   9.9574820e+00  -4.9399885e+00   2.0013501e+01
   2.9993461e+01   9.9574820e+00  -4.9399885e+00   2.0013501e+01
   3.0001972e+01   9.9659731e+00  -4.9268315e+00   2.0040689e+01
   3.0001972e+01   9.9659731e+00  -4.9268315e+00   2.0040689e+01
   2.9971913e+01   9.9778489e+00  -4.9297621e+00   1.9990524e+01
   2.9971570e+01   9.9994625e+00  -4.9905566e+00   1.9994073e+01
   2.9974502e+01   1.0039505e+01  -4.9855592e+00   1.9972576e+01
   3.0012836e+01   1.0087915e+01  -5.0060024e+00   1.9986274e+01
   3.0012836e+01   1.0087915e+01  -5.0060024e+00   1.9986274e+01
   3.0012836e+01   1.0087915e+01  -5.0060024e+00   1.9986274e+01
   3.0061644e+01   1.0026513e+01  -5.0403383e+00   2.0010023e+01
   3.0061644e+01   1.0026513e+01  -5.0403383e+00   2.0010023e+01
   3.0061644e+01   1.0026513e+01  -5.0403383e+00   2.0010023e+01
   3.0080279e+01   9.9813279e+00  -5.0346215e+00   2.0037880e+01
   3.0080279e+01   9.9813279e+00  -5.0346215e+00   2.0037880e+01
   3.0080279e+01   9.9813279e+00  -5.0346215e+00   2.0037880e+01
   3.0071371e+01   1.0036198e+01  -5.0440227e+00   2.0003690e+01
   3.0073679e+01   1.0045660e+01  -5.0776388e+00   2.0060541e+01
   3.0073679e+01   1.0045660e+01  -5.0776388e+00   2.0060541e+01
