   1.7347398e+01   4.7362396e+01   4.6692204e+01  -1.0748012e+01
   1.7663877e+01   4.7517570e+01   4.6595264e+01  -1.0831276e+01
   1.7747537e+01   4.7199025e+01   4.6483576e+01  -1.0629545e+01
   1.7747537e+01   4.7199025e+01   4.6483576e+01  -1.0629545e+01
   1.7877637e+01   4.7102210e+01   4.6373286e+01  -1.0896329e+01
   1.8055618e+01   4.6928581e+01   4.6470019e+01  -1.1052047e+01
   1.7886664e+01   4.7118676e+01   4.6620110e+01  -1.0944733e+01
   1.8079450e+01   4.6967842e+01   4.6431605e+01  -1.0945911e+01
   1.8079450e+01   4.6967842e+01   4.6431605e+01  -1.0945911e+01
   1.8079450e+01   4.6967842e+01   4.6431605e+01  -1.0945911e+01
   1.7992492e+01   4.6993942e+01   4.6628974e+01  -1.0933281e+01
   1.7930019e+01   4.6962948e+01   4.6544451e+01  -1.0488821e+01
   1.8176445e+01   4.6848815e+01   4.6508322e+01  -1.0519360e+01
   1.8081539e+01   4.6562330e+01   4.6839210e+01  -1.0619245e+01
   1.7995361e+01   4.6698847e+01   4.6571204e+01  -1.0509366e+01
   1.7854544e+01   4.6823084e+01   4.6477054e+01  -1.0646031e+01
   1.7578852e+01   4.6672386e+01   4.6363064e+01  -1.1066081e+01
   1.7578852e+01   4.6672386e+01   4.6363064e+01  -1.1066081e+01
   1.7154044e+01   4.6871591e+01   4.6126173e+01  -1.0977434e+01
   1.7043062e+01   4.6708207e+01   4.6358142e+01  -1.1316091e+01
   1.7043062e+01   4.6708207e+01   4.6358142e+01  -1.1316091e+01
   1.6914585e+01   4.6580799e+01   4.6209614e+01  -1.1462035e+01
   1.7223063e+01   4.6900216e+01   4.5790623e+01  -1.1153902e+01
   1.7223063e+01   4.6900216e+01   4.5790623e+01  -1.1153902e+01
   1.7223063e+01   4.6900216e+01   4.5790623e+01  -1.1153902e+01
   1.7223063e+01   4.6900216e+01   4.5790623e+01  -1.1153902e+01
   1.6934785e+01   4.7094419e+01   4.5883565e+01  -1.1012317e+01
   1.6934785e+01   4.7094419e+01   4.5883565e+01  -1.1012317e+01
   1.6859226e+01   4.7250216e+01   4.6139895e+01  -1.0848966e+01
   1.6896603e+01   4.6906026e+01   4.5953747e+01  -1.0799071e+01
   1.6896603e+01   4.6906026e+01   4.5953747e+01  -1.0799071e+01
   1.6896603e+01   4.6906026e+01   4.5953747e+01  -1.0799071e+01
   1.6977789e+01   4.6892002e+01   4.5963780e+01  -1.0850003e+01
   1.6790773e+01   4.6769839e+01   4.5996273e+01  -1.0699323e+01
   1.6790773e+01   4.6769839e+01   4.5996273e+01  -1.0699323e+01
   1.7121830e+01   4.6535826e+01   4.5760164e+01  -1.0512111e+01
   1.7108493e+01   4.6539403e+01   4.5720035e+01  -1.0296658e+01
   1.7067033e+01   4.6448653e+01   4.5624581e+01  -1.0454586e+01
   1.7452383e+01   4.6268673e+01   4.5462209e+01  -1.0433412e+01
   1.7452383e+01   4.6268673e+01   4.5462209e+01  -1.0433412e+01
   1.7452383e+01   4.6268673e+01   4.5462209e+01  -1.0433412e+01
   1.7103446e+01   4.6232749e+01   4.5274744e+01  -1.0737957e+01
   1.7103446e+01   4.6232749e+01   4.5274744e+01  -1.0737957e+01
   1.7103446e+01   4.6232749e+01   4.5274744e+01  -1.0737957e+01
   1.6910155e+01   4.5883497e+01   4.5146704e+01  -1.0558274e+01
   1.6910155e+01   4.5883497e+01   4.5146704e+01  -1.0558274e+01
   1.6910155e+01   4.5883497e+01   4.5146704e+01  -1.0558274e+01
   1.6992978e+01   4.6414974e+01   4.4751951e+01  -1.0612626e+01
   1.6937579e+01   4.6095504e+01   4.4876343e+01  -1.0194745e+01
  -6.5370562e+00   2.0586961e+01   1.0785088e+01   8.8355550e+00
  -6.5370562e+00   2.0586961e+01   1.0785088e+01   8.8355550e+00
  -6.5370562e+00   2.0586961e+01   1.0785088e+01   8.8355550e+00
  -5.1420905e+00   2.0062234e+01   1.0154266e+01   1.0015168e+01
  -5.4803299e+00   2.0218840e+01   1.0564482e+01   9.7406307e+00
  -5.4803299e+00   2.0218840e+01   1.0564482e+01   9.7406307e+00
  -5.4803299e+00   2.0218840e+01   1.0564482e+01   9.7406307e+00
  -5.4803299e+00   2.0218840e+01   1.0564482e+01   9.7406307e+00
  -5.5970598e+00   2.0337044e+01   1.0609799e+01   9.6203602e+00
  -5.5970598e+00   2.0337044e+01   1.0609799e+01   9.6203602e+00
  -5.3564221e+00   2.0203738e+01   1.0421475e+01   9.7825193e+00
  -5.5355702e+00   2.0314583e+01   1.0553127e+01   9.7022791e+00
  -5.5355702e+00   2.0314583e+01   1.0553127e+01   9.7022791e+00
  -5.5355702e+00   2.0314583e+01   1.0553127e+01   9.7022791e+00
  -5.5196143e+00   2.0283686e+01   1.0515061e+01   9.7040518e+00
  -5.5196143e+00   2.0283686e+01   1.0515061e+01   9.7040518e+00
  -5.5196143e+00   2.0283686e+01   1.0515061e+01   9.7040518e+00
  -5.5196143e+00   2.0283686e+01   1.0515061e+01   9.7040518e+00
  -5.5196143e+00   2.0283686e+01   1.0515061e+01   9.7040518e+00
  -5.5196143e+00   2.0283686e+01   1.0515061e+01   9.7040518e+00
  -5.2849736e+00   2.0086594e+01   1.0278645e+01   9.8826962e+00
  -5.2849736e+00   2.0086594e+01   1.0278645e+01   9.8826962e+00
  -5.2849736e+00   2.0086594e+01   1.0278645e+01   9.8826962e+00
  -5.2849736e+00   2.0086594e+01   1.0278645e+01   9.8826962e+00
  -5.2849736e+00   2.0086594e+01   1.0278645e+01   9.8826962e+00
  -5.2849736e+00   2.0086594e+01   1.0278645e+01   9.8826962e+00
  -5.2849736e+00   2.0086594e+01   1.0278645e+01   9.8826962e+00
  -5.2849736e+00   2.0086594e+01   1.0278645e+01   9.8826962e+00
  -5.2849736e+00   2.0086594e+01   1.0278645e+01   9.8826962e+00
  -5.2849736e+00   2.0086594e+01   1.0278645e+01   9.8826962e+00
  -5.2849736e+00   2.0086594e+01   1.0278645e+01   9.8826962e+00
  -5.2849736e+00   2.0086594e+01   1.0278645e+01   9.8826962e+00
  -5.2849736e+00   2.0086594e+01   1.0278645e+01   9.8826962e+00
  -5.2849736e+00   2.0086594e+01   1.0278645e+01   9.8826962e+00
  -5.2849736e+00   2.0086594e+01   1.0278645e+01   9.8826962e+00
  -5.2849736e+00   2.0086594e+01   1.0278645e+01   9.8826962e+00
  -5.2849736e+00   2.0086594e+01   1.0278645e+01   9.8826962e+00
  -5.2849736e+00   2.0086594e+01   1.0278645e+01   9.8826962e+00
  -5.2849736e+00   2.0086594e+01   1.0278645e+01   9.8826962e+00
  -5.2849736e+00   2.0086594e+01   1.0278645e+01   9.8826962e+00
  -5.2849736e+00   2.0086594e+01   1.0278645e+01   9.8826962e+00
  -5.2849736e+00   2.0086594e+01   1.0278645e+01   9.8826962e+00
  -5.2849736e+00   2.0086594e+01   1.0278645e+01   9.8826962e+00
  -5.2849736e+00   2.0086594e+01   1.0278645e+01   9.8826962e+00
  -5.2849736e+00   2.0086594e+01   1.0278645e+01   9.8826962e+00
  -5.2849736e+00   2.0086594e+01   1.0278645e+01   9.8826962e+00
  -5.2849736e+00   2.0086594e+01   1.0278645e+01   9.8826962e+00
  -5.2849736e+00   2.0086594e+01   1.0278645e+01   9.8826962e+00
  -5.2849736e+00   2.0086594e+01   1.0278645e+01   9.8826962e+00
  -5.2849736e+00   2.0086594e+01   1.0278645e+01   9.8826962e+00
  -5.2849736e+00   2.0086594e+01   1.0278645e+01   9.8826962e+00
