  -2.2613980e+01   1.0352966e+01  -2.1139955e+01   2.8979615e+01
  -2.2924873e+01   1.0244270e+01  -2.1124695e+01   2.8914410e+01
  -2.2924873e+01   1.0244270e+01  -2.1124695e+01   2.8914410e+01
  -2.3309850e+01   1.0217161e+01  -2.0841974e+01   2.8876677e+01
  -2.3309850e+01   1.0217161e+01  -2.0841974e+01   2.8876677e+01
  -2.3113914e+01   1.0238508e+01  -2.0922436e+01   2.8796418e+01
  -2.3329210e+01   1.0264495e+01  -2.0850772e+01   2.8648100e+01
  -2.3329210e+01   1.0264495e+01  -2.0850772e+01   2.8648100e+01
  -2.3263027e+01   1.0162423e+01  -2.1051601e+01   2.8804757e+01
  -2.3263027e+01   1.0162423e+01  -2.1051601e+01   2.8804757e+01
  -2.3263027e+01   1.0162423e+01  -2.1051601e+01   2.8804757e+01
  -2.3263027e+01   1.0162423e+01  -2.1051601e+01   2.8804757e+01
  -2.3358771e+01   1.0332093e+01  -2.1004211e+01   2.8722785e+01
  -2.3274611e+01   9.9588980e+00  -2.1000807e+01   2.8685032e+01
  -2.3433737e+01   9.9488249e+00  -2.1078164e+01   2.8737663e+01
  -2.3433737e+01   9.9488249e+00  -2.1078164e+01   2.8737663e+01
  -2.3329031e+01   9.6554055e+00  -2.0986316e+01   2.8749522e+01
  -2.3104663e+01   9.4404358e+00  -2.0739657e+01   2.8394991e+01
  -2.3131928e+01   9.4830028e+00  -2.0819129e+01   2.8508216e+01
  -2.3150847e+01   9.1012544e+00  -2.0974896e+01   2.8355053e+01
  -2.3150847e+01   9.1012544e+00  -2.0974896e+01   2.8355053e+01
  -2.3184116e+01   9.0567465e+00  -2.0751465e+01   2.8633798e+01
  -2.3184116e+01   9.0567465e+00  -2.0751465e+01   2.8633798e+01
  -2.3184116e+01   9.0567465e+00  -2.0751465e+01   2.8633798e+01
  -2.3239589e+01   9.2040695e+00  -2.0557530e+01   2.8437179e+01
  -2.3239589e+01   9.2040695e+00  -2.0557530e+01   2.8437179e+01
  -2.3239589e+01   9.2040695e+00  -2.0557530e+01   2.8437179e+01
  -2.3360518e+01   9.2269063e+00  -2.0512097e+01   2.8340198e+01
  -2.3360518e+01   9.2269063e+00  -2.0512097e+01   2.8340198e+01
  -2.3327855e+01   9.0886887e+00  -2.0232470e+01   2.8255136e+01
  -2.3269930e+01   9.2911334e+00  -2.0093144e+01   2.8048093e+01
  -2.3269930e+01   9.2911334e+00  -2.0093144e+01   2.8048093e+01
  -2.3345181e+01   9.0185895e+00  -1.9809185e+01   2.7849210e+01
  -2.3275034e+01   8.9302229e+00  -1.9957249e+01   2.7677934e+01
  -2.3275034e+01   8.9302229e+00  -1.9957249e+01   2.7677934e+01
  -2.3275034e+01   8.9302229e+00  -1.9957249e+01   2.7677934e+01
  -2.3275034e+01   8.9302229e+00  -1.9957249e+01   2.7677934e+01
  -2.3275034e+01   8.9302229e+00  -1.9957249e+01   2.7677934e+01
  -2.3097705e+01   8.6022239e+00  -2.0095650e+01   2.7628722e+01
  -2.3082210e+01   8.2169260e+00  -2.0002657e+01   2.7425822e+01
  -2.3059898e+01   8.2211283e+00  -2.0014112e+01   2.7145811e+01
  -2.3072691e+01   8.2239043e+00  -1.9902698e+01   2.7329204e+01
  -2.3108144e+01   8.3740380e+00  -1.9712446e+01   2.7454792e+01
  -2.2824743e+01   8.2052778e+00  -1.9551867e+01   2.6988854e+01
  -2.2853787e+01   8.1627044e+00  -1.9574538e+01   2.7248634e+01
  -2.2853787e+01   8.1627044e+00  -1.9574538e+01   2.7248634e+01
  -2.3476129e+01   8.1441118e+00  -1.9332097e+01   2.7164441e+01
  -2.3476129e+01   8.1441118e+00  -1.9332097e+01   2.7164441e+01
  -2.3476129e+01   8.1441118e+00  -1.9332097e+01   2.7164441e+01
  -5.8868819e+00   1.9160556e+01   9.9165182e+00   6.6432850e+00
  -4.8708485e+00   2.2350904e+01   9.9508550e+00   7.7336234e+00
  -4.8708485e+00   2.2350904e+01   9.9508550e+00   7.7336234e+00
  -4.8708485e+00   2.2350904e+01   9.9508550e+00   7.7336234e+00
  -4.8708485e+00   2.2350904e+01   9.9508550e+00   7.7336234e+00
  -4.8708485e+00   2.2350904e+01   9.9508550e+00   7.7336234e+00
  -4.9130563e+00   2.2249672e+01   9.9306402e+00   7.7273114e+00
  -4.9130563e+00   2.2249672e+01   9.9306402e+00   7.7273114e+00
  -4.8126773e+00   2.2303850e+01   9.9494638e+00   7.8209921e+00
  -4.8126773e+00   2.2303850e+01   9.9494638e+00   7.8209921e+00
  -4.8197011e+00   2.2277393e+01   1.0025069e+01   7.8184955e+00
  -4.8057478e+00   2.2169046e+01   1.0007208e+01   7.8548685e+00
  -4.9169050e+00   2.2059314e+01   9.9841873e+00   7.9273401e+00
  -4.8962304e+00   2.2084174e+01   9.8658517e+00   7.8721577e+00
  -4.8962304e+00   2.2084174e+01   9.8658517e+00   7.8721577e+00
  -4.9234536e+00   2.2254524e+01   1.0116219e+01   7.8190305e+00
  -4.9463335e+00   2.2145615e+01   1.0243076e+01   7.9376280e+00
  -5.0465147e+00   2.2103073e+01   1.0083437e+01   7.9279191e+00
  -5.0465147e+00   2.2103073e+01   1.0083437e+01   7.9279191e+00
  -5.0465147e+00   2.2103073e+01   1.0083437e+01   7.9279191e+00
  -5.0465147e+00   2.2103073e+01   1.0083437e+01   7.9279191e+00
  -5.0465147e+00   2.2103073e+01   1.0083437e+01   7.9279191e+00
  -5.0465147e+00   2.2103073e+01   1.0083437e+01   7.9279191e+00
  -5.0465147e+00   2.2103073e+01   1.0083437e+01   7.9279191e+00
  -5.0465147e+00   2.2103073e+01   1.0083437e+01   7.9279191e+00
  -5.0465147e+00   2.2103073e+01   1.0083437e+01   7.9279191e+00
  -4.8879932e+00   2.2120345e+01   1.0023127e+01   8.0111838e+00
  -4.8879932e+00   2.2120345e+01   1.0023127e+01   8.0111838e+00
  -4.9569534e+00   2.2050290e+01   1.0099330e+01   8.0651170e+00
  -4.9569534e+00   2.2050290e+01   1.0099330e+01   8.0651170e+00
  -4.8485465e+00   2.2474183e+01   1.0062894e+01   8.2446396e+00
  -4.9454528e+00   2.2091360e+01   9.9565375e+00   7.9633158e+00
  -4.9829320e+00   2.1439859e+01   9.9134087e+00   7.7667159e+00
  -4.9829320e+00   2.1439859e+01   9.9134087e+00   7.7667159e+00
  -4.6870037e+00   2.2090195e+01   9.9624739e+00   8.3542003e+00
  -4.9902791e+00   2.1314863e+01   9.9745989e+00   7.9688524e+00
  -4.9902791e+00   2.1314863e+01   9.9745989e+00   7.9688524e+00
  -5.0353275e+00   2.1329837e+01   1.0049789e+01   7.9685763e+00
  -5.0353275e+00   2.1329837e+01   1.0049789e+01   7.9685763e+00
  -5.0353275e+00   2.1329837e+01   1.0049789e+01   7.9685763e+00
  -5.0353275e+00   2.1329837e+01   1.0049789e+01   7.9685763e+00
  -5.0353275e+00   2.1329837e+01   1.0049789e+01   7.9685763e+00
  -5.1815930e+00   2.0656949e+01   9.9832404e+00   7.5819333e+00
  -5.1815930e+00   2.0656949e+01   9.9832404e+00   7.5819333e+00
  -5.1815930e+00   2.0656949e+01   9.9832404e+00   7.5819333e+00
  -5.1815930e+00   2.0656949e+01   9.9832404e+00   7.5819333e+00
  -5.1815930e+00   2.0656949e+01   9.9832404e+00   7.5819333e+00
  -5.1815930e+00   2.0656949e+01   9.9832404e+00   7.5819333e+00
  -5.1815930e+00   2.0656949e+01   9.9832404e+00   7.5819333e+00
  -5.1815930e+00   2.0656949e+01   9.9832404e+00   7.5819333e+00
  -5.1815930e+00   2.0656949e+01   9.9832404e+00   7.5819333e+00
