  -6.8763380e+00   2.4938848e+01   2.2632258e+01  -1.6705603e+01
  -6.7948169e+00   2.4914040e+01   2.2499071e+01  -1.6531090e+01
  -6.6360233e+00   2.4752177e+01   2.2524174e+01  -1.6632104e+01
  -6.6360233e+00   2.4752177e+01   2.2524174e+01  -1.6632104e+01
  -6.6360233e+00   2.4752177e+01   2.2524174e+01  -1.6632104e+01
  -6.6360233e+00   2.4752177e+01   2.2524174e+01  -1.6632104e+01
  -6.5878859e+00   2.4775161e+01   2.2412171e+01  -1.6695114e+01
  -6.3180614e+00   2.4560364e+01   2.2198216e+01  -1.7027607e+01
  -6.3180614e+00   2.4560364e+01   2.2198216e+01  -1.7027607e+01
  -6.1828748e+00   2.4647501e+01   2.2107448e+01  -1.7177081e+01
  -6.1828748e+00   2.4647501e+01   2.2107448e+01  -1.7177081e+01
  -6.1828748e+00   2.4647501e+01   2.2107448e+01  -1.7177081e+01
  -5.9041228e+00   2.4661663e+01   2.2158566e+01  -1.7579538e+01
  -5.8307102e+00   2.4550949e+01   2.1810025e+01  -1.7530201e+01
  -5.9705980e+00   2.4734654e+01   2.1847006e+01  -1.7407004e+01
  -6.0539785e+00   2.4492149e+01   2.1680177e+01  -1.7136479e+01
  -5.9617301e+00   2.4808738e+01   2.1660306e+01  -1.7290137e+01
  -6.0411089e+00   2.4532992e+01   2.1890731e+01  -1.7485322e+01
  -6.0411089e+00   2.4532992e+01   2.1890731e+01  -1.7485322e+01
  -6.0411089e+00   2.4532992e+01   2.1890731e+01  -1.7485322e+01
  -6.2158313e+00   2.4812441e+01   2.2042264e+01  -1.7682101e+01
  -6.2158313e+00   2.4812441e+01   2.2042264e+01  -1.7682101e+01
  -6.2158313e+00   2.4812441e+01   2.2042264e+01  -1.7682101e+01
  -5.9976055e+00   2.4760142e+01   2.2114043e+01  -1.7492211e+01
  -5.7850887e+00   2.4631714e+01   2.2226007e+01  -1.7170487e+01
  -5.7850887e+00   2.4631714e+01   2.2226007e+01  -1.7170487e+01
  -5.7850887e+00   2.4631714e+01   2.2226007e+01  -1.7170487e+01
  -5.9124530e+00   2.4812045e+01   2.2011402e+01  -1.7330101e+01
  -5.9124530e+00   2.4812045e+01   2.2011402e+01  -1.7330101e+01
  -5.9759266e+00   2.4980340e+01   2.1792470e+01  -1.7122639e+01
  -6.0849793e+00   2.5132331e+01   2.1626420e+01  -1.7014111e+01
  -6.0849793e+00   2.5132331e+01   2.1626420e+01  -1.7014111e+01
  -6.3783434e+00   2.4936679e+01   2.1917020e+01  -1.6967094e+01
  -6.4916634e+00   2.4961794e+01   2.1515849e+01  -1.6777547e+01
  -6.3999406e+00   2.4825839e+01   2.1598017e+01  -1.6914499e+01
  -6.3999406e+00   2.4825839e+01   2.1598017e+01  -1.6914499e+01
  -6.3793336e+00   2.4693999e+01   2.1567860e+01  -1.7064338e+01
  -6.4358504e+00   2.4690229e+01   2.1577321e+01  -1.7122285e+01
  -6.3576451e+00   2.4859121e+01   2.1484489e+01  -1.7150522e+01
  -6.4552450e+00   2.4930519e+01   2.1265264e+01  -1.7023929e+01
  -6.1504456e+00   2.4867180e+01   2.1942100e+01  -1.6581849e+01
  -6.5007531e+00   2.4539542e+01   2.1808804e+01  -1.6392101e+01
  -5.9939051e+00   2.4566430e+01   2.1852447e+01  -1.6283389e+01
  -5.7599025e+00   2.4620247e+01   2.2093823e+01  -1.6126650e+01
  -5.8667387e+00   2.4447474e+01   2.2258669e+01  -1.6287679e+01
  -5.8667387e+00   2.4447474e+01   2.2258669e+01  -1.6287679e+01
  -5.8667387e+00   2.4447474e+01   2.2258669e+01  -1.6287679e+01
  -5.5235765e+00   2.4392080e+01   2.2099370e+01  -1.6214772e+01
  -5.8070893e+00   2.4559725e+01   2.1777771e+01  -1.6104422e+01
  -4.9092588e+00   2.0523783e+01   3.0834438e+01   1.0073112e+01
  -4.9092588e+00   2.0523783e+01   3.0834438e+01   1.0073112e+01
  -4.9961956e+00   2.0074445e+01   3.0126936e+01   9.9780758e+00
  -5.0076770e+00   2.0038380e+01   3.0065689e+01   9.9975911e+00
  -5.0076770e+00   2.0038380e+01   3.0065689e+01   9.9975911e+00
  -5.0396450e+00   2.0066795e+01   3.0087820e+01   9.9874831e+00
  -4.9871931e+00   1.9992727e+01   3.0027233e+01   9.9868849e+00
  -4.9737232e+00   1.9994020e+01   3.0008752e+01   9.9570737e+00
  -4.9737232e+00   1.9994020e+01   3.0008752e+01   9.9570737e+00
  -4.9737232e+00   1.9994020e+01   3.0008752e+01   9.9570737e+00
  -4.9737232e+00   1.9994020e+01   3.0008752e+01   9.9570737e+00
  -4.9737232e+00   1.9994020e+01   3.0008752e+01   9.9570737e+00
  -4.9737232e+00   1.9994020e+01   3.0008752e+01   9.9570737e+00
  -4.9976959e+00   1.9992211e+01   2.9996533e+01   9.9612453e+00
  -5.0462942e+00   2.0011339e+01   3.0010263e+01   9.9913250e+00
  -4.9777633e+00   1.9990059e+01   3.0001918e+01   9.9846311e+00
  -4.9777633e+00   1.9990059e+01   3.0001918e+01   9.9846311e+00
  -4.9777633e+00   1.9990059e+01   3.0001918e+01   9.9846311e+00
  -4.9777633e+00   1.9990059e+01   3.0001918e+01   9.9846311e+00
  -4.9777633e+00   1.9990059e+01   3.0001918e+01   9.9846311e+00
  -4.9777633e+00   1.9990059e+01   3.0001918e+01   9.9846311e+00
  -4.9830778e+00   1.9965037e+01   3.0013928e+01   9.9989572e+00
  -4.9991090e+00   1.9987977e+01   3.0007996e+01   9.9802924e+00
  -4.9735625e+00   1.9961387e+01   2.9954402e+01   1.0008250e+01
  -4.9676836e+00   2.0000997e+01   3.0020384e+01   9.9687736e+00
  -4.9676836e+00   2.0000997e+01   3.0020384e+01   9.9687736e+00
  -4.9676836e+00   2.0000997e+01   3.0020384e+01   9.9687736e+00
  -5.0046132e+00   1.9942718e+01   2.9959926e+01   1.0023330e+01
  -5.0241201e+00   1.9981448e+01   3.0000606e+01   1.0010998e+01
  -5.0244816e+00   2.0041658e+01   3.0045537e+01   9.9870421e+00
  -5.0336839e+00   1.9924873e+01   2.9891946e+01   1.0021785e+01
  -5.0336839e+00   1.9924873e+01   2.9891946e+01   1.0021785e+01
  -5.0336839e+00   1.9924873e+01   2.9891946e+01   1.0021785e+01
  -5.0336839e+00   1.9924873e+01   2.9891946e+01   1.0021785e+01
  -5.0336839e+00   1.9924873e+01   2.9891946e+01   1.0021785e+01
  -5.0263573e+00   1.9976310e+01   2.9990087e+01   1.0024508e+01
  -4.9986741e+00   1.9937621e+01   2.9943992e+01   1.0024537e+01
  -4.9986741e+00   1.9937621e+01   2.9943992e+01   1.0024537e+01
  -4.9986741e+00   1.9937621e+01   2.9943992e+01   1.0024537e+01
  -4.9949391e+00   2.0055322e+01   3.0090047e+01   1.0048662e+01
  -4.9949391e+00   2.0055322e+01   3.0090047e+01   1.0048662e+01
  -5.0401492e+00   2.0035418e+01   3.0037648e+01   1.0046032e+01
  -5.0307443e+00   2.0044838e+01   3.0058037e+01   1.0051439e+01
  -5.0607593e+00   1.9998003e+01   2.9953511e+01   1.0027871e+01
  -5.0607593e+00   1.9998003e+01   2.9953511e+01   1.0027871e+01
  -5.0607593e+00   1.9998003e+01   2.9953511e+01   1.0027871e+01
  -5.0607593e+00   1.9998003e+01   2.9953511e+01   1.0027871e+01
  -5.0077291e+00   2.0035603e+01   3.0026838e+01   1.0040791e+01
  -5.0077291e+00   2.0035603e+01   3.0026838e+01   1.0040791e+01
  -5.0077291e+00   2.0035603e+01   3.0026838e+01   1.0040791e+01
  -5.0077291e+00   2.0035603e+01   3.0026838e+01   1.0040791e+01
