   4.9641574e+01   3.8025228e+01   4.2289696e+01   1.0590116e+01
   4.9349045e+01   3.7680154e+01   4.2235639e+01   1.0362865e+01
   4.9016269e+01   3.7542337e+01   4.2254199e+01   1.0326556e+01
   4.9016269e+01   3.7542337e+01   4.2254199e+01   1.0326556e+01
   4.9190959e+01   3.7426445e+01   4.2191921e+01   1.0186866e+01
   4.9190959e+01   3.7426445e+01   4.2191921e+01   1.0186866e+01
   4.8882707e+01   3.7210930e+01   4.1796334e+01   9.8504625e+00
   4.8626486e+01   3.7404307e+01   4.1972537e+01   9.7193055e+00
   4.8626486e+01   3.7404307e+01   4.1972537e+01   9.7193055e+00
   4.8617091e+01   3.7697484e+01   4.1994226e+01   9.3198650e+00
   4.8617091e+01   3.7697484e+01   4.1994226e+01   9.3198650e+00
   4.8994045e+01   3.7695523e+01   4.1877766e+01   9.2535763e+00
   4.8769161e+01   3.7538896e+01   4.2205556e+01   9.5180478e+00
   4.8456728e+01   3.7453636e+01   4.1755921e+01   9.6657048e+00
   4.8186266e+01   3.7504379e+01   4.1326585e+01   9.5463602e+00
   4.8186266e+01   3.7504379e+01   4.1326585e+01   9.5463602e+00
   4.8186266e+01   3.7504379e+01   4.1326585e+01   9.5463602e+00
   4.8186266e+01   3.7504379e+01   4.1326585e+01   9.5463602e+00
   4.8212773e+01   3.7580697e+01   4.1408687e+01   9.4935714e+00
   4.8078551e+01   3.7273141e+01   4.1484935e+01   9.3131809e+00
   4.8130758e+01   3.7604617e+01   4.1755127e+01   9.0817603e+00
   4.8130758e+01   3.7604617e+01   4.1755127e+01   9.0817603e+00
   4.7990859e+01   3.7157003e+01   4.1590153e+01   8.8904003e+00
   4.7990859e+01   3.7157003e+01   4.1590153e+01   8.8904003e+00
   4.7761517e+01   3.7041390e+01   4.1732974e+01   8.8636412e+00
   4.7743928e+01   3.7171781e+01   4.1823104e+01   9.1833730e+00
   4.7743928e+01   3.7171781e+01   4.1823104e+01   9.1833730e+00
   4.7895619e+01   3.7018242e+01   4.1639632e+01   9.1568115e+00
   4.7766444e+01   3.7114423e+01   4.1557206e+01   8.9919308e+00
   4.7654976e+01   3.7163724e+01   4.1807241e+01   9.0036096e+00
   4.7502355e+01   3.7101995e+01   4.1637484e+01   9.2521252e+00
   4.7502355e+01   3.7101995e+01   4.1637484e+01   9.2521252e+00
   4.7631541e+01   3.7366111e+01   4.1432379e+01   9.5221526e+00
   4.7631541e+01   3.7366111e+01   4.1432379e+01   9.5221526e+00
   4.7819428e+01   3.7394488e+01   4.1255484e+01   9.3475391e+00
   4.7819428e+01   3.7394488e+01   4.1255484e+01   9.3475391e+00
   4.7902482e+01   3.7282982e+01   4.1126274e+01   9.5966547e+00
   4.7899968e+01   3.7166248e+01   4.1281632e+01   9.8471268e+00
   4.7744039e+01   3.6978199e+01   4.1032072e+01   9.9787854e+00
   4.7780589e+01   3.7191389e+01   4.0730296e+01   9.9736044e+00
   4.7673892e+01   3.6868759e+01   4.0512483e+01   9.8126360e+00
   4.7748389e+01   3.6890531e+01   4.0380597e+01   9.5350031e+00
   4.7530079e+01   3.6712020e+01   4.0434633e+01   9.6691396e+00
   4.7530079e+01   3.6712020e+01   4.0434633e+01   9.6691396e+00
   4.7404091e+01   3.6619395e+01   4.0454885e+01   9.5979840e+00
   4.7404091e+01   3.6619395e+01   4.0454885e+01   9.5979840e+00
   4.7404091e+01   3.6619395e+01   4.0454885e+01   9.5979840e+00
   4.7517170e+01   3.6759399e+01   4.0444271e+01   9.7455281e+00
   4.7481240e+01   3.6513797e+01   3.9988620e+01   9.6300141e+00
   7.4447426e+00   1.1713088e+01  -3.9260734e+00   1.9480580e+01
   1.0036937e+01   1.1087821e+01  -4.8725659e+00   1.8625696e+01
   9.7556244e+00   1.1186052e+01  -4.7638247e+00   1.8738762e+01
   9.7556244e+00   1.1186052e+01  -4.7638247e+00   1.8738762e+01
   9.7647157e+00   1.1142316e+01  -4.7505564e+00   1.8811278e+01
   9.4879911e+00   1.1298030e+01  -4.4946202e+00   1.8608764e+01
   9.2862878e+00   1.1254233e+01  -4.2497301e+00   1.8694967e+01
   9.0795586e+00   1.1386872e+01  -4.0338030e+00   1.8594811e+01
   9.0795586e+00   1.1386872e+01  -4.0338030e+00   1.8594811e+01
   9.5477925e+00   1.1326860e+01  -4.5520059e+00   1.8664347e+01
   9.5477925e+00   1.1326860e+01  -4.5520059e+00   1.8664347e+01
   8.9077611e+00   1.1450861e+01  -3.9797862e+00   1.8483053e+01
   8.9077611e+00   1.1450861e+01  -3.9797862e+00   1.8483053e+01
   8.9077611e+00   1.1450861e+01  -3.9797862e+00   1.8483053e+01
   8.9077611e+00   1.1450861e+01  -3.9797862e+00   1.8483053e+01
   8.9077611e+00   1.1450861e+01  -3.9797862e+00   1.8483053e+01
   8.9077611e+00   1.1450861e+01  -3.9797862e+00   1.8483053e+01
   8.9077611e+00   1.1450861e+01  -3.9797862e+00   1.8483053e+01
   8.9077611e+00   1.1450861e+01  -3.9797862e+00   1.8483053e+01
   8.9077611e+00   1.1450861e+01  -3.9797862e+00   1.8483053e+01
   8.9077611e+00   1.1450861e+01  -3.9797862e+00   1.8483053e+01
   8.9077611e+00   1.1450861e+01  -3.9797862e+00   1.8483053e+01
   8.9077611e+00   1.1450861e+01  -3.9797862e+00   1.8483053e+01
   8.9077611e+00   1.1450861e+01  -3.9797862e+00   1.8483053e+01
   8.9077611e+00   1.1450861e+01  -3.9797862e+00   1.8483053e+01
   8.9077611e+00   1.1450861e+01  -3.9797862e+00   1.8483053e+01
   8.9077611e+00   1.1450861e+01  -3.9797862e+00   1.8483053e+01
   8.9077611e+00   1.1450861e+01  -3.9797862e+00   1.8483053e+01
   9.2814801e+00   1.1391681e+01  -4.2563438e+00   1.8573835e+01
   9.2814801e+00   1.1391681e+01  -4.2563438e+00   1.8573835e+01
   9.2814801e+00   1.1391681e+01  -4.2563438e+00   1.8573835e+01
   9.2814801e+00   1.1391681e+01  -4.2563438e+00   1.8573835e+01
   9.2814801e+00   1.1391681e+01  -4.2563438e+00   1.8573835e+01
   9.2814801e+00   1.1391681e+01  -4.2563438e+00   1.8573835e+01
   9.2814801e+00   1.1391681e+01  -4.2563438e+00   1.8573835e+01
   8.9989130e+00   1.1451473e+01  -4.2533774e+00   1.8827230e+01
   8.9989130e+00   1.1451473e+01  -4.2533774e+00   1.8827230e+01
   9.8256951e+00   1.1234765e+01  -4.4751465e+00   1.8537644e+01
   1.0730569e+01   1.1103201e+01  -4.6724688e+00   1.8053564e+01
   1.1064146e+01   1.1016080e+01  -4.8961206e+00   1.7971155e+01
   1.0761207e+01   1.1152681e+01  -4.5122852e+00   1.7719432e+01
   1.2114100e+01   1.0788976e+01  -5.1549340e+00   1.7574202e+01
   1.2371675e+01   1.0683857e+01  -5.5788750e+00   1.7830703e+01
   1.2467889e+01   1.0585618e+01  -5.5599060e+00   1.7725625e+01
   1.1896271e+01   1.0700522e+01  -5.4342277e+00   1.8132426e+01
   1.2424202e+01   1.0652777e+01  -5.3489473e+00   1.7807683e+01
   1.2424202e+01   1.0652777e+01  -5.3489473e+00   1.7807683e+01
   1.2876941e+01   1.0589196e+01  -5.6783824e+00   1.7697483e+01
   1.2876941e+01   1.0589196e+01  -5.6783824e+00   1.7697483e+01
   1.2876941e+01   1.0589196e+01  -5.6783824e+00   1.7697483e+01
   1.2876941e+01   1.0589196e+01  -5.6783824e+00   1.7697483e+01
