   2.4670491e+01   4.0259598e+01  -2.4686464e+01   2.9803107e+01
   2.4754600e+01   3.9902178e+01  -2.4354326e+01   3.0016020e+01
   2.4631598e+01   3.9602812e+01  -2.4421193e+01   2.9541375e+01
   2.4788901e+01   3.9614198e+01  -2.4236038e+01   2.9512678e+01
   2.4788901e+01   3.9614198e+01  -2.4236038e+01   2.9512678e+01
   2.5123883e+01   3.9717707e+01  -2.3980434e+01   2.9577483e+01
   2.5297634e+01   3.9844961e+01  -2.3846582e+01   2.9955494e+01
   2.5092157e+01   3.9646975e+01  -2.3673731e+01   3.0112769e+01
   2.5092157e+01   3.9646975e+01  -2.3673731e+01   3.0112769e+01
   2.4868149e+01   3.9805882e+01  -2.3259292e+01   2.9951927e+01
   2.4868149e+01   3.9805882e+01  -2.3259292e+01   2.9951927e+01
   2.4946530e+01   3.9570302e+01  -2.3154205e+01   3.0317801e+01
   2.4763343e+01   3.9486780e+01  -2.2579433e+01   3.0018286e+01
   2.4763343e+01   3.9486780e+01  -2.2579433e+01   3.0018286e+01
   2.4763343e+01   3.9486780e+01  -2.2579433e+01   3.0018286e+01
   2.4868147e+01   3.9670989e+01  -2.2422705e+01   3.0198735e+01
   2.4868147e+01   3.9670989e+01  -2.2422705e+01   3.0198735e+01
   2.5099137e+01   3.9913247e+01  -2.2270993e+01   2.9669815e+01
   2.5099137e+01   3.9913247e+01  -2.2270993e+01   2.9669815e+01
   2.5266725e+01   4.0115250e+01  -2.2048152e+01   2.9776402e+01
   2.5172814e+01   4.0104925e+01  -2.2011237e+01   2.9736349e+01
   2.5082195e+01   4.0109341e+01  -2.1929766e+01   2.9697702e+01
   2.5082195e+01   4.0109341e+01  -2.1929766e+01   2.9697702e+01
   2.5200212e+01   4.0205492e+01  -2.1607268e+01   2.9840376e+01
   2.5510537e+01   4.0423101e+01  -2.1370830e+01   2.9722636e+01
   2.5510537e+01   4.0423101e+01  -2.1370830e+01   2.9722636e+01
   2.5535801e+01   4.0431358e+01  -2.1500120e+01   2.9374034e+01
   2.5346902e+01   4.0372369e+01  -2.1441040e+01   2.9343869e+01
   2.5405757e+01   4.0324814e+01  -2.1269827e+01   2.9733663e+01
   2.5260602e+01   3.9947748e+01  -2.1400882e+01   2.9793965e+01
   2.5177381e+01   3.9802690e+01  -2.1162660e+01   2.9612156e+01
   2.5177381e+01   3.9802690e+01  -2.1162660e+01   2.9612156e+01
   2.5183363e+01   3.9708431e+01  -2.1384341e+01   2.9327699e+01
   2.5183363e+01   3.9708431e+01  -2.1384341e+01   2.9327699e+01
   2.5183363e+01   3.9708431e+01  -2.1384341e+01   2.9327699e+01
   2.5269732e+01   3.9574230e+01  -2.1156283e+01   2.9516768e+01
   2.5509942e+01   3.9760861e+01  -2.0820213e+01   2.9373586e+01
   2.5656030e+01   3.9771991e+01  -2.0756620e+01   2.9286508e+01
   2.5656030e+01   3.9771991e+01  -2.0756620e+01   2.9286508e+01
   2.5812184e+01   3.9817258e+01  -2.0349084e+01   2.9573504e+01
   2.5812184e+01   3.9817258e+01  -2.0349084e+01   2.9573504e+01
   2.5793265e+01   3.9959048e+01  -1.9975408e+01   2.9239689e+01
   2.5793265e+01   3.9959048e+01  -1.9975408e+01   2.9239689e+01
   2.5793265e+01   3.9959048e+01  -1.9975408e+01   2.9239689e+01
   2.5904403e+01   3.9956111e+01  -1.9981288e+01   2.9179650e+01
   2.6105356e+01   4.0152223e+01  -1.9884456e+01   2.8723587e+01
   2.6164110e+01   4.0081650e+01  -2.0035328e+01   2.8754872e+01
   2.6580114e+01   3.9905875e+01  -1.9747851e+01   2.8574513e+01
   2.6766175e+01   3.9709899e+01  -1.9957570e+01   2.8479347e+01
   3.0442624e+01   2.0403588e+01  -5.1389430e+00   1.0287059e+01
   3.0014950e+01   1.9991888e+01  -4.9708631e+00   9.8930239e+00
   2.9990261e+01   1.9957237e+01  -4.9637816e+00   9.9734796e+00
   2.9951291e+01   1.9946354e+01  -4.9675866e+00   9.9669358e+00
   2.9999136e+01   1.9981955e+01  -5.0742678e+00   9.9971434e+00
   2.9985214e+01   1.9995507e+01  -4.9954852e+00   9.9749217e+00
   2.9985214e+01   1.9995507e+01  -4.9954852e+00   9.9749217e+00
   2.9972378e+01   1.9992224e+01  -4.9613270e+00   9.9785853e+00
   2.9972378e+01   1.9992224e+01  -4.9613270e+00   9.9785853e+00
   2.9973631e+01   1.9999642e+01  -4.9842348e+00   1.0002039e+01
   2.9987596e+01   1.9993094e+01  -5.0057790e+00   9.9785626e+00
   2.9960476e+01   1.9982691e+01  -4.9752451e+00   9.9882986e+00
   3.0006366e+01   1.9994049e+01  -5.0030648e+00   1.0023182e+01
   3.0029222e+01   2.0004684e+01  -4.9709184e+00   9.9639916e+00
   3.0029222e+01   2.0004684e+01  -4.9709184e+00   9.9639916e+00
   3.0009289e+01   2.0018255e+01  -5.0083759e+00   1.0008218e+01
   3.0027362e+01   1.9993993e+01  -5.0416150e+00   9.9788276e+00
   2.9992643e+01   1.9971382e+01  -5.0440264e+00   1.0020537e+01
   2.9998301e+01   2.0003773e+01  -4.9931869e+00   1.0012784e+01
   2.9998301e+01   2.0003773e+01  -4.9931869e+00   1.0012784e+01
   2.9998301e+01   2.0003773e+01  -4.9931869e+00   1.0012784e+01
   2.9998301e+01   2.0003773e+01  -4.9931869e+00   1.0012784e+01
   2.9998301e+01   2.0003773e+01  -4.9931869e+00   1.0012784e+01
   2.9998301e+01   2.0003773e+01  -4.9931869e+00   1.0012784e+01
   2.9998301e+01   2.0003773e+01  -4.9931869e+00   1.0012784e+01
   3.0002380e+01   2.0010002e+01  -5.0416317e+00   1.0013828e+01
   3.0002380e+01   2.0010002e+01  -5.0416317e+00   1.0013828e+01
   2.9966021e+01   1.9988580e+01  -5.0344856e+00   9.9836862e+00
   3.0032839e+01   2.0029571e+01  -5.0165714e+00   9.9856606e+00
   3.0013998e+01   2.0030340e+01  -4.9961927e+00   9.9776596e+00
   3.0036396e+01   2.0066308e+01  -4.9713747e+00   9.9795958e+00
   3.0036396e+01   2.0066308e+01  -4.9713747e+00   9.9795958e+00
   3.0036396e+01   2.0066308e+01  -4.9713747e+00   9.9795958e+00
   3.0036396e+01   2.0066308e+01  -4.9713747e+00   9.9795958e+00
   3.0036396e+01   2.0066308e+01  -4.9713747e+00   9.9795958e+00
   3.0036396e+01   2.0066308e+01  -4.9713747e+00   9.9795958e+00
   3.0036396e+01   2.0066308e+01  -4.9713747e+00   9.9795958e+00
   3.0036396e+01   2.0066308e+01  -4.9713747e+00   9.9795958e+00
   3.0036396e+01   2.0066308e+01  -4.9713747e+00   9.9795958e+00
   2.9895032e+01   1.9948031e+01  -4.9058422e+00   9.8726787e+00
   2.9895032e+01   1.9948031e+01  -4.9058422e+00   9.8726787e+00
   2.9895032e+01   1.9948031e+01  -4.9058422e+00   9.8726787e+00
   3.0001857e+01   2.0014324e+01  -4.9518398e+00   9.9338713e+00
   3.0001857e+01   2.0014324e+01  -4.9518398e+00   9.9338713e+00
   3.0001857e+01   2.0014324e+01  -4.9518398e+00   9.9338713e+00
   3.0001857e+01   2.0014324e+01  -4.9518398e+00   9.9338713e+00
   3.0092513e+01   2.0058609e+01  -4.9772647e+00   1.0016658e+01
   3.0092513e+01   2.0058609e+01  -4.9772647e+00   1.0016658e+01
   3.0092513e+01   2.0058609e+01  -4.9772647e+00   1.0016658e+01
   3.0092513e+01   2.0058609e+01  -4.9772647e+00   1.0016658e+01
   3.0092513e+01   2.0058609e+01  -4.9772647e+00   1.0016658e+01
