   1.1935931e+01  -7.6012048e+00  -4.8718310e+00  -8.1147311e+00
   1.1935931e+01  -7.6012048e+00  -4.8718310e+00  -8.1147311e+00
   1.1882700e+01  -7.5639825e+00  -4.6522913e+00  -8.0373536e+00
   1.2272381e+01  -7.1826007e+00  -4.6961845e+00  -7.9397285e+00
   1.2272381e+01  -7.1826007e+00  -4.6961845e+00  -7.9397285e+00
   1.2546103e+01  -7.3712896e+00  -4.9481103e+00  -7.9198473e+00
   1.2617309e+01  -7.5040455e+00  -4.9053746e+00  -7.7200164e+00
   1.2617309e+01  -7.5040455e+00  -4.9053746e+00  -7.7200164e+00
   1.2617309e+01  -7.5040455e+00  -4.9053746e+00  -7.7200164e+00
   1.2617309e+01  -7.5040455e+00  -4.9053746e+00  -7.7200164e+00
   1.2617309e+01  -7.5040455e+00  -4.9053746e+00  -7.7200164e+00
   1.2617309e+01  -7.5040455e+00  -4.9053746e+00  -7.7200164e+00
   1.2617309e+01  -7.5040455e+00  -4.9053746e+00  -7.7200164e+00
   1.2744627e+01  -7.5276896e+00  -5.0720272e+00  -7.6839767e+00
   1.2744627e+01  -7.5276896e+00  -5.0720272e+00  -7.6839767e+00
   1.2773166e+01  -7.4450490e+00  -5.1383575e+00  -7.8052214e+00
   1.2773166e+01  -7.4450490e+00  -5.1383575e+00  -7.8052214e+00
   1.3197607e+01  -7.7009395e+00  -5.2663982e+00  -7.6711108e+00
   1.3288218e+01  -7.4130290e+00  -5.2146153e+00  -7.6660692e+00
   1.3326487e+01  -6.9443776e+00  -5.2333371e+00  -7.6583188e+00
   1.3603559e+01  -6.9607986e+00  -4.9588087e+00  -7.3373915e+00
   1.3336736e+01  -6.8066927e+00  -4.7833916e+00  -7.2716907e+00
   1.3762404e+01  -6.7562098e+00  -4.8198396e+00  -6.9552717e+00
   1.3989443e+01  -6.3917857e+00  -4.7593862e+00  -6.9584457e+00
   1.3989443e+01  -6.3917857e+00  -4.7593862e+00  -6.9584457e+00
   1.3919095e+01  -6.4585884e+00  -4.8872078e+00  -6.7710274e+00
   1.3919095e+01  -6.4585884e+00  -4.8872078e+00  -6.7710274e+00
   1.3919095e+01  -6.4585884e+00  -4.8872078e+00  -6.7710274e+00
   1.3919095e+01  -6.4585884e+00  -4.8872078e+00  -6.7710274e+00
   1.4245042e+01  -6.5104209e+00  -4.6383524e+00  -7.0352402e+00
   1.4245042e+01  -6.5104209e+00  -4.6383524e+00  -7.0352402e+00
   1.4176536e+01  -6.8170281e+00  -4.7192944e+00  -6.9019039e+00
   1.4176536e+01  -6.8170281e+00  -4.7192944e+00  -6.9019039e+00
   1.4176536e+01  -6.8170281e+00  -4.7192944e+00  -6.9019039e+00
   1.4387517e+01  -6.7060384e+00  -4.9922086e+00  -7.0967113e+00
   1.4657189e+01  -6.5569839e+00  -5.1793280e+00  -7.2104259e+00
   1.4657189e+01  -6.5569839e+00  -5.1793280e+00  -7.2104259e+00
   1.4720860e+01  -6.7894091e+00  -5.1901430e+00  -6.7113780e+00
   1.4679359e+01  -6.5658931e+00  -5.0379210e+00  -6.3942359e+00
   1.4723033e+01  -6.8540653e+00  -5.2174921e+00  -6.3387725e+00
   1.4802602e+01  -6.7284419e+00  -5.2733045e+00  -6.3319174e+00
   1.4634625e+01  -6.5673406e+00  -5.2648851e+00  -6.3284545e+00
   1.4683157e+01  -6.7823317e+00  -5.2019697e+00  -6.0549520e+00
   1.5155383e+01  -6.9637954e+00  -5.4253024e+00  -6.0995713e+00
   1.5155383e+01  -6.9637954e+00  -5.4253024e+00  -6.0995713e+00
   1.5155383e+01  -6.9637954e+00  -5.4253024e+00  -6.0995713e+00
   1.5329948e+01  -7.0740217e+00  -5.3589884e+00  -5.8854467e+00
   1.5498983e+01  -6.7688894e+00  -5.5533232e+00  -5.7380264e+00
   1.5258689e+01  -6.5831183e+00  -5.5051151e+00  -5.4702232e+00
   3.0327014e+01  -9.1260124e+00  -4.0801956e+00   3.7882135e+01
   3.0327014e+01  -9.1260124e+00  -4.0801956e+00   3.7882135e+01
   3.0327014e+01  -9.1260124e+00  -4.0801956e+00   3.7882135e+01
   3.0327014e+01  -9.1260124e+00  -4.0801956e+00   3.7882135e+01
   3.0327014e+01  -9.1260124e+00  -4.0801956e+00   3.7882135e+01
   3.0327014e+01  -9.1260124e+00  -4.0801956e+00   3.7882135e+01
   3.0327014e+01  -9.1260124e+00  -4.0801956e+00   3.7882135e+01
   3.0327014e+01  -9.1260124e+00  -4.0801956e+00   3.7882135e+01
   3.0327014e+01  -9.1260124e+00  -4.0801956e+00   3.7882135e+01
   3.0327014e+01  -9.1260124e+00  -4.0801956e+00   3.7882135e+01
   3.0327014e+01  -9.1260124e+00  -4.0801956e+00   3.7882135e+01
   3.0327014e+01  -9.1260124e+00  -4.0801956e+00   3.7882135e+01
   3.0327014e+01  -9.1260124e+00  -4.0801956e+00   3.7882135e+01
   3.0327014e+01  -9.1260124e+00  -4.0801956e+00   3.7882135e+01
   3.0327014e+01  -9.1260124e+00  -4.0801956e+00   3.7882135e+01
   3.0327014e+01  -9.1260124e+00  -4.0801956e+00   3.7882135e+01
   3.0327014e+01  -9.1260124e+00  -4.0801956e+00   3.7882135e+01
   3.0327014e+01  -9.1260124e+00  -4.0801956e+00   3.7882135e+01
   3.0327014e+01  -9.1260124e+00  -4.0801956e+00   3.7882135e+01
   3.0327014e+01  -9.1260124e+00  -4.0801956e+00   3.7882135e+01
   3.0327014e+01  -9.1260124e+00  -4.0801956e+00   3.7882135e+01
   3.0327014e+01  -9.1260124e+00  -4.0801956e+00   3.7882135e+01
   3.0327014e+01  -9.1260124e+00  -4.0801956e+00   3.7882135e+01
   3.0327014e+01  -9.1260124e+00  -4.0801956e+00   3.7882135e+01
   3.0327014e+01  -9.1260124e+00  -4.0801956e+00   3.7882135e+01
   3.0327014e+01  -9.1260124e+00  -4.0801956e+00   3.7882135e+01
   3.0327014e+01  -9.1260124e+00  -4.0801956e+00   3.7882135e+01
   3.0327014e+01  -9.1260124e+00  -4.0801956e+00   3.7882135e+01
   3.0327014e+01  -9.1260124e+00  -4.0801956e+00   3.7882135e+01
   3.0327014e+01  -9.1260124e+00  -4.0801956e+00   3.7882135e+01
   3.0327094e+01  -9.1259057e+00  -4.0801665e+00   3.7881981e+01
   3.0327094e+01  -9.1259057e+00  -4.0801665e+00   3.7881981e+01
   3.0326940e+01  -9.1259088e+00  -4.0801642e+00   3.7882173e+01
   3.0326835e+01  -9.1258895e+00  -4.0802932e+00   3.7882008e+01
   3.0326783e+01  -9.1259026e+00  -4.0802831e+00   3.7882008e+01
   3.0327008e+01  -9.1258696e+00  -4.0803260e+00   3.7881999e+01
   3.0326955e+01  -9.1257606e+00  -4.0803546e+00   3.7882006e+01
   3.0326911e+01  -9.1257462e+00  -4.0801946e+00   3.7882172e+01
   3.0326911e+01  -9.1257462e+00  -4.0801946e+00   3.7882172e+01
   3.0326911e+01  -9.1257462e+00  -4.0801946e+00   3.7882172e+01
   3.0326856e+01  -9.1257551e+00  -4.0803153e+00   3.7882348e+01
   3.0326711e+01  -9.1255751e+00  -4.0802832e+00   3.7882352e+01
   3.0326590e+01  -9.1257779e+00  -4.0804154e+00   3.7882259e+01
   3.0326590e+01  -9.1257779e+00  -4.0804154e+00   3.7882259e+01
   3.0326483e+01  -9.1257954e+00  -4.0802839e+00   3.7882381e+01
   3.0326354e+01  -9.1259492e+00  -4.0802521e+00   3.7882354e+01
   3.0326354e+01  -9.1259492e+00  -4.0802521e+00   3.7882354e+01
   3.0326354e+01  -9.1259492e+00  -4.0802521e+00   3.7882354e+01
   3.0326354e+01  -9.1259492e+00  -4.0802521e+00   3.7882354e+01
   3.0326354e+01  -9.1259492e+00  -4.0802521e+00   3.7882354e+01
   3.0326638e+01  -9.1260373e+00  -4.0802418e+00   3.7882181e+01
