   9.0537448e+00  -2.9730839e+01  -2.2721134e+01  -8.3149231e+00
   9.1848396e+00  -3.0015712e+01  -2.2593539e+01  -8.1305092e+00
   9.2339130e+00  -2.9866771e+01  -2.3011592e+01  -8.1772047e+00
   9.2941007e+00  -2.9703727e+01  -2.3249846e+01  -8.1596916e+00
   9.5276647e+00  -2.9626409e+01  -2.3145561e+01  -8.4863543e+00
   9.0594270e+00  -2.9765281e+01  -2.3369877e+01  -8.0994616e+00
   9.1806165e+00  -2.9718972e+01  -2.3489597e+01  -7.9735048e+00
   9.0573500e+00  -2.9818548e+01  -2.3760283e+01  -7.9164821e+00
   9.0573500e+00  -2.9818548e+01  -2.3760283e+01  -7.9164821e+00
   9.0616148e+00  -2.9895710e+01  -2.3952959e+01  -8.1132276e+00
   9.3931105e+00  -2.9931812e+01  -2.3978703e+01  -8.2272637e+00
   9.2957000e+00  -3.0112149e+01  -2.4007754e+01  -8.0620458e+00
   9.5400629e+00  -2.9819487e+01  -2.3947827e+01  -8.6035351e+00
   9.5332686e+00  -2.9830149e+01  -2.4017189e+01  -8.6069174e+00
   9.4198844e+00  -2.9930833e+01  -2.3846026e+01  -8.6454801e+00
   9.5101260e+00  -2.9922906e+01  -2.3554816e+01  -8.4943160e+00
   9.5101260e+00  -2.9922906e+01  -2.3554816e+01  -8.4943160e+00
   9.5101260e+00  -2.9922906e+01  -2.3554816e+01  -8.4943160e+00
   9.5101260e+00  -2.9922906e+01  -2.3554816e+01  -8.4943160e+00
   9.3651310e+00  -2.9804930e+01  -2.3271465e+01  -8.1900181e+00
   9.5668718e+00  -2.9938874e+01  -2.3264462e+01  -8.0990235e+00
   9.5668718e+00  -2.9938874e+01  -2.3264462e+01  -8.0990235e+00
   9.5589524e+00  -2.9791280e+01  -2.3353614e+01  -7.8336425e+00
   9.6007400e+00  -2.9516574e+01  -2.3335515e+01  -8.2353320e+00
   9.6493059e+00  -2.9483595e+01  -2.3183430e+01  -8.3604034e+00
   9.7519120e+00  -2.9268315e+01  -2.3343103e+01  -8.2280515e+00
   1.0052672e+01  -2.9007636e+01  -2.3274582e+01  -8.0400269e+00
   1.0052672e+01  -2.9007636e+01  -2.3274582e+01  -8.0400269e+00
   1.0140563e+01  -2.8727459e+01  -2.3362077e+01  -8.1623056e+00
   1.0140563e+01  -2.8727459e+01  -2.3362077e+01  -8.1623056e+00
   1.0140563e+01  -2.8727459e+01  -2.3362077e+01  -8.1623056e+00
   1.0305263e+01  -2.8500177e+01  -2.3119511e+01  -8.1990558e+00
   1.0305263e+01  -2.8500177e+01  -2.3119511e+01  -8.1990558e+00
   1.0305263e+01  -2.8500177e+01  -2.3119511e+01  -8.1990558e+00
   1.0217514e+01  -2.8637824e+01  -2.2918187e+01  -8.2091757e+00
   1.0217514e+01  -2.8637824e+01  -2.2918187e+01  -8.2091757e+00
   1.0217514e+01  -2.8637824e+01  -2.2918187e+01  -8.2091757e+00
   1.0217514e+01  -2.8637824e+01  -2.2918187e+01  -8.2091757e+00
   1.0217514e+01  -2.8637824e+01  -2.2918187e+01  -8.2091757e+00
   1.0217514e+01  -2.8637824e+01  -2.2918187e+01  -8.2091757e+00
   1.0279054e+01  -2.8460642e+01  -2.2411122e+01  -8.3194104e+00
   1.0341817e+01  -2.7951231e+01  -2.2691079e+01  -8.3975254e+00
   1.0373354e+01  -2.8145499e+01  -2.2383992e+01  -8.3797078e+00
   1.0373354e+01  -2.8145499e+01  -2.2383992e+01  -8.3797078e+00
   1.0178769e+01  -2.7997614e+01  -2.2257663e+01  -8.2487677e+00
   1.0134926e+01  -2.7974309e+01  -2.1778503e+01  -8.0783882e+00
   1.0134926e+01  -2.7974309e+01  -2.1778503e+01  -8.0783882e+00
   1.0134926e+01  -2.7974309e+01  -2.1778503e+01  -8.0783882e+00
   1.0368147e+01  -2.7720155e+01  -2.1994763e+01  -8.2042988e+00
   2.8334064e+01   1.2705737e+01  -7.6912785e+00   1.6882839e+01
   2.8334064e+01   1.2705737e+01  -7.6912785e+00   1.6882839e+01
   2.8334064e+01   1.2705737e+01  -7.6912785e+00   1.6882839e+01
   2.8334064e+01   1.2705737e+01  -7.6912785e+00   1.6882839e+01
   2.8334064e+01   1.2705737e+01  -7.6912785e+00   1.6882839e+01
   2.8334064e+01   1.2705737e+01  -7.6912785e+00   1.6882839e+01
   2.8334064e+01   1.2705737e+01  -7.6912785e+00   1.6882839e+01
   2.8334064e+01   1.2705737e+01  -7.6912785e+00   1.6882839e+01
   2.8334064e+01   1.2705737e+01  -7.6912785e+00   1.6882839e+01
   2.8334064e+01   1.2705737e+01  -7.6912785e+00   1.6882839e+01
   2.8334064e+01   1.2705737e+01  -7.6912785e+00   1.6882839e+01
   2.8334064e+01   1.2705737e+01  -7.6912785e+00   1.6882839e+01
   2.8334064e+01   1.2705737e+01  -7.6912785e+00   1.6882839e+01
   2.8334064e+01   1.2705737e+01  -7.6912785e+00   1.6882839e+01
   2.8334064e+01   1.2705737e+01  -7.6912785e+00   1.6882839e+01
   2.8334064e+01   1.2705737e+01  -7.6912785e+00   1.6882839e+01
   2.8334064e+01   1.2705737e+01  -7.6912785e+00   1.6882839e+01
   2.9559542e+01   1.0482462e+01  -5.8084081e+00   1.9648230e+01
   2.9559542e+01   1.0482462e+01  -5.8084081e+00   1.9648230e+01
   2.9991642e+01   9.9676376e+00  -5.0872402e+00   1.9981403e+01
   2.9998275e+01   9.9760303e+00  -5.0544298e+00   2.0005822e+01
   2.9998275e+01   9.9760303e+00  -5.0544298e+00   2.0005822e+01
   2.9998275e+01   9.9760303e+00  -5.0544298e+00   2.0005822e+01
   2.9983227e+01   9.9090586e+00  -5.0393777e+00   1.9985265e+01
   2.9978136e+01   9.9910597e+00  -5.0236069e+00   1.9972698e+01
   2.9978136e+01   9.9910597e+00  -5.0236069e+00   1.9972698e+01
   3.0018275e+01   9.9870133e+00  -5.0277991e+00   2.0024615e+01
   2.9985649e+01   9.9386263e+00  -5.0136480e+00   2.0009307e+01
   2.9985649e+01   9.9386263e+00  -5.0136480e+00   2.0009307e+01
   2.9985649e+01   9.9386263e+00  -5.0136480e+00   2.0009307e+01
   2.9985649e+01   9.9386263e+00  -5.0136480e+00   2.0009307e+01
   2.9985649e+01   9.9386263e+00  -5.0136480e+00   2.0009307e+01
   2.9985649e+01   9.9386263e+00  -5.0136480e+00   2.0009307e+01
   2.9985649e+01   9.9386263e+00  -5.0136480e+00   2.0009307e+01
   2.9985649e+01   9.9386263e+00  -5.0136480e+00   2.0009307e+01
   2.9985649e+01   9.9386263e+00  -5.0136480e+00   2.0009307e+01
   2.9985649e+01   9.9386263e+00  -5.0136480e+00   2.0009307e+01
   2.9985649e+01   9.9386263e+00  -5.0136480e+00   2.0009307e+01
   2.9985649e+01   9.9386263e+00  -5.0136480e+00   2.0009307e+01
   2.9985649e+01   9.9386263e+00  -5.0136480e+00   2.0009307e+01
   2.9985649e+01   9.9386263e+00  -5.0136480e+00   2.0009307e+01
   2.9985649e+01   9.9386263e+00  -5.0136480e+00   2.0009307e+01
   2.9985649e+01   9.9386263e+00  -5.0136480e+00   2.0009307e+01
   2.9985649e+01   9.9386263e+00  -5.0136480e+00   2.0009307e+01
   2.9985649e+01   9.9386263e+00  -5.0136480e+00   2.0009307e+01
   2.9985649e+01   9.9386263e+00  -5.0136480e+00   2.0009307e+01
   2.9985649e+01   9.9386263e+00  -5.0136480e+00   2.0009307e+01
   2.9985649e+01   9.9386263e+00  -5.0136480e+00   2.0009307e+01
   2.9985649e+01   9.9386263e+00  -5.0136480e+00   2.0009307e+01
   2.9985649e+01   9.9386263e+00  -5.0136480e+00   2.0009307e+01
   2.9985649e+01   9.9386263e+00  -5.0136480e+00   2.0009307e+01
