   3.7708401e+01   3.7556629e+01  -2.9445651e+00   3.9808146e+01
   3.7789896e+01   3.7376297e+01  -2.5711949e+00   3.9834672e+01
   3.7789896e+01   3.7376297e+01  -2.5711949e+00   3.9834672e+01
   3.7929681e+01   3.7162846e+01  -2.4949540e+00   3.9952674e+01
   3.7929681e+01   3.7162846e+01  -2.4949540e+00   3.9952674e+01
   3.7929681e+01   3.7162846e+01  -2.4949540e+00   3.9952674e+01
   3.7929681e+01   3.7162846e+01  -2.4949540e+00   3.9952674e+01
   3.7795948e+01   3.6951343e+01  -2.3555371e+00   4.0074978e+01
   3.7795948e+01   3.6951343e+01  -2.3555371e+00   4.0074978e+01
   3.7945245e+01   3.6754183e+01  -2.5372178e+00   3.9554993e+01
   3.8247665e+01   3.7023877e+01  -2.0388721e+00   3.9717816e+01
   3.8003903e+01   3.6964506e+01  -2.2811719e+00   3.9720152e+01
   3.8003903e+01   3.6964506e+01  -2.2811719e+00   3.9720152e+01
   3.8003903e+01   3.6964506e+01  -2.2811719e+00   3.9720152e+01
   3.8088787e+01   3.7481195e+01  -2.0108842e+00   3.9928172e+01
   3.7876672e+01   3.7902499e+01  -1.9904984e+00   4.0080610e+01
   3.8019958e+01   3.8015607e+01  -2.1964665e+00   4.0239335e+01
   3.7821688e+01   3.8121032e+01  -2.4930696e+00   4.0237414e+01
   3.7821688e+01   3.8121032e+01  -2.4930696e+00   4.0237414e+01
   3.8088874e+01   3.7798974e+01  -2.7050442e+00   4.0211971e+01
   3.8211430e+01   3.7360638e+01  -2.6506742e+00   4.0169653e+01
   3.8531516e+01   3.7302877e+01  -2.6597232e+00   4.0218828e+01
   3.8249427e+01   3.7356085e+01  -2.3895410e+00   4.0048995e+01
   3.7998479e+01   3.7448954e+01  -2.4894153e+00   3.9809622e+01
   3.7998479e+01   3.7448954e+01  -2.4894153e+00   3.9809622e+01
   3.8173424e+01   3.7140966e+01  -2.4880173e+00   3.9622039e+01
   3.7947958e+01   3.6972801e+01  -2.6701414e+00   3.9509164e+01
   3.7831891e+01   3.7439948e+01  -2.5504118e+00   3.9780750e+01
   3.7856725e+01   3.7371301e+01  -2.6245010e+00   4.0218842e+01
   3.7738359e+01   3.7146714e+01  -2.5608559e+00   4.0003820e+01
   3.7623697e+01   3.7192840e+01  -2.5926386e+00   3.9596670e+01
   3.7623697e+01   3.7192840e+01  -2.5926386e+00   3.9596670e+01
   3.7465547e+01   3.7407231e+01  -2.6478876e+00   3.9721032e+01
   3.7465547e+01   3.7407231e+01  -2.6478876e+00   3.9721032e+01
   3.7320378e+01   3.7143132e+01  -2.8585361e+00   3.9679249e+01
   3.7362165e+01   3.7203504e+01  -3.1793397e+00   3.9989305e+01
   3.7362165e+01   3.7203504e+01  -3.1793397e+00   3.9989305e+01
   3.7441610e+01   3.6986330e+01  -3.0460919e+00   4.0022169e+01
   3.7225460e+01   3.7249295e+01  -3.1521335e+00   4.0153746e+01
   3.7014950e+01   3.7196737e+01  -3.5081265e+00   3.9882640e+01
   3.6811266e+01   3.7076908e+01  -3.6200275e+00   3.9908631e+01
   3.6811266e+01   3.7076908e+01  -3.6200275e+00   3.9908631e+01
   3.6193198e+01   3.7213635e+01  -3.8666206e+00   3.9919024e+01
   3.6193198e+01   3.7213635e+01  -3.8666206e+00   3.9919024e+01
   3.6193198e+01   3.7213635e+01  -3.8666206e+00   3.9919024e+01
   3.6193198e+01   3.7213635e+01  -3.8666206e+00   3.9919024e+01
   3.6193198e+01   3.7213635e+01  -3.8666206e+00   3.9919024e+01
   3.6193198e+01   3.7213635e+01  -3.8666206e+00   3.9919024e+01
   3.6354469e+01   3.7040460e+01  -3.8538002e+00   3.9929736e+01
   1.1253805e+01   9.7154674e+00  -7.0390380e+00   2.0273715e+01
   1.1563763e+01   1.0050322e+01  -6.5484104e+00   1.9901767e+01
   1.1563763e+01   1.0050322e+01  -6.5484104e+00   1.9901767e+01
   1.1563763e+01   1.0050322e+01  -6.5484104e+00   1.9901767e+01
   1.1563763e+01   1.0050322e+01  -6.5484104e+00   1.9901767e+01
   1.1563763e+01   1.0050322e+01  -6.5484104e+00   1.9901767e+01
   1.1563763e+01   1.0050322e+01  -6.5484104e+00   1.9901767e+01
   1.1563763e+01   1.0050322e+01  -6.5484104e+00   1.9901767e+01
   1.1563763e+01   1.0050322e+01  -6.5484104e+00   1.9901767e+01
   1.1563763e+01   1.0050322e+01  -6.5484104e+00   1.9901767e+01
   1.1563763e+01   1.0050322e+01  -6.5484104e+00   1.9901767e+01
   1.1563763e+01   1.0050322e+01  -6.5484104e+00   1.9901767e+01
   1.1563763e+01   1.0050322e+01  -6.5484104e+00   1.9901767e+01
   1.1563763e+01   1.0050322e+01  -6.5484104e+00   1.9901767e+01
   1.1563763e+01   1.0050322e+01  -6.5484104e+00   1.9901767e+01
   1.1563763e+01   1.0050322e+01  -6.5484104e+00   1.9901767e+01
   1.1563763e+01   1.0050322e+01  -6.5484104e+00   1.9901767e+01
   1.1563763e+01   1.0050322e+01  -6.5484104e+00   1.9901767e+01
   1.1563763e+01   1.0050322e+01  -6.5484104e+00   1.9901767e+01
   1.1563763e+01   1.0050322e+01  -6.5484104e+00   1.9901767e+01
   1.1563763e+01   1.0050322e+01  -6.5484104e+00   1.9901767e+01
   1.1563763e+01   1.0050322e+01  -6.5484104e+00   1.9901767e+01
   1.1563763e+01   1.0050322e+01  -6.5484104e+00   1.9901767e+01
   1.1563763e+01   1.0050322e+01  -6.5484104e+00   1.9901767e+01
   1.1563763e+01   1.0050322e+01  -6.5484104e+00   1.9901767e+01
   1.1563763e+01   1.0050322e+01  -6.5484104e+00   1.9901767e+01
   1.1563763e+01   1.0050322e+01  -6.5484104e+00   1.9901767e+01
   1.1563763e+01   1.0050322e+01  -6.5484104e+00   1.9901767e+01
   1.1563763e+01   1.0050322e+01  -6.5484104e+00   1.9901767e+01
   1.1563763e+01   1.0050322e+01  -6.5484104e+00   1.9901767e+01
   1.1563763e+01   1.0050322e+01  -6.5484104e+00   1.9901767e+01
   1.1473207e+01   9.9527659e+00  -6.6914190e+00   2.0010309e+01
   1.1473207e+01   9.9527659e+00  -6.6914190e+00   2.0010309e+01
   1.1473207e+01   9.9527659e+00  -6.6914190e+00   2.0010309e+01
   1.1473207e+01   9.9527659e+00  -6.6914190e+00   2.0010309e+01
   1.1540568e+01   1.0025499e+01  -6.5847163e+00   1.9929442e+01
   1.1540568e+01   1.0025499e+01  -6.5847163e+00   1.9929442e+01
   1.1540568e+01   1.0025499e+01  -6.5847163e+00   1.9929442e+01
   1.1494614e+01   9.9756005e+00  -6.6576762e+00   1.9984936e+01
   1.1494614e+01   9.9756005e+00  -6.6576762e+00   1.9984936e+01
   1.1494614e+01   9.9756005e+00  -6.6576762e+00   1.9984936e+01
   1.1468267e+01   9.9474228e+00  -6.6993623e+00   2.0016250e+01
   1.1468267e+01   9.9474228e+00  -6.6993623e+00   2.0016250e+01
   1.1468267e+01   9.9474228e+00  -6.6993623e+00   2.0016250e+01
   1.1468267e+01   9.9474228e+00  -6.6993623e+00   2.0016250e+01
   1.1468267e+01   9.9474228e+00  -6.6993623e+00   2.0016250e+01
   1.1468267e+01   9.9474228e+00  -6.6993623e+00   2.0016250e+01
   1.1468267e+01   9.9474228e+00  -6.6993623e+00   2.0016250e+01
   1.1468267e+01   9.9474228e+00  -6.6993623e+00   2.0016250e+01
   1.1468267e+01   9.9474228e+00  -6.6993623e+00   2.0016250e+01
   1.1468267e+01   9.9474228e+00  -6.6993623e+00   2.0016250e+01
