  -1.6101415e+01   4.8401337e+01   3.2331032e+01   4.3202971e+01
  -1.5939344e+01   4.8644810e+01   3.2553413e+01   4.3055604e+01
  -1.5939344e+01   4.8644810e+01   3.2553413e+01   4.3055604e+01
  -1.5613380e+01   4.8865183e+01   3.2368982e+01   4.2958077e+01
  -1.5613380e+01   4.8865183e+01   3.2368982e+01   4.2958077e+01
  -1.5613380e+01   4.8865183e+01   3.2368982e+01   4.2958077e+01
  -1.5613380e+01   4.8865183e+01   3.2368982e+01   4.2958077e+01
  -1.5793976e+01   4.8977231e+01   3.2223449e+01   4.2554584e+01
  -1.5813008e+01   4.8824661e+01   3.2093225e+01   4.2578998e+01
  -1.5813008e+01   4.8824661e+01   3.2093225e+01   4.2578998e+01
  -1.5813008e+01   4.8824661e+01   3.2093225e+01   4.2578998e+01
  -1.5968240e+01   4.8393837e+01   3.2189347e+01   4.2558948e+01
  -1.5968240e+01   4.8393837e+01   3.2189347e+01   4.2558948e+01
  -1.6016888e+01   4.8111294e+01   3.2211478e+01   4.2769971e+01
  -1.6016888e+01   4.8111294e+01   3.2211478e+01   4.2769971e+01
  -1.6149862e+01   4.8074827e+01   3.2058403e+01   4.2754280e+01
  -1.6149862e+01   4.8074827e+01   3.2058403e+01   4.2754280e+01
  -1.6113202e+01   4.8038693e+01   3.2038059e+01   4.2642226e+01
  -1.6050622e+01   4.8142979e+01   3.1977021e+01   4.2624137e+01
  -1.6172170e+01   4.8068485e+01   3.2019431e+01   4.2458346e+01
  -1.6172170e+01   4.8068485e+01   3.2019431e+01   4.2458346e+01
  -1.5996072e+01   4.7923505e+01   3.2081069e+01   4.2464661e+01
  -1.5900615e+01   4.7951436e+01   3.1690442e+01   4.2089555e+01
  -1.5900615e+01   4.7951436e+01   3.1690442e+01   4.2089555e+01
  -1.5978068e+01   4.8088851e+01   3.1832428e+01   4.1850314e+01
  -1.5978068e+01   4.8088851e+01   3.1832428e+01   4.1850314e+01
  -1.5875084e+01   4.8125932e+01   3.2059208e+01   4.2300911e+01
  -1.5875084e+01   4.8125932e+01   3.2059208e+01   4.2300911e+01
  -1.5875084e+01   4.8125932e+01   3.2059208e+01   4.2300911e+01
  -1.5806454e+01   4.7986824e+01   3.2327229e+01   4.2284796e+01
  -1.5806454e+01   4.7986824e+01   3.2327229e+01   4.2284796e+01
  -1.5881160e+01   4.7652710e+01   3.2460757e+01   4.2522169e+01
  -1.5881160e+01   4.7652710e+01   3.2460757e+01   4.2522169e+01
  -1.5688974e+01   4.7355115e+01   3.2186518e+01   4.2646161e+01
  -1.5688974e+01   4.7355115e+01   3.2186518e+01   4.2646161e+01
  -1.5554986e+01   4.7106917e+01   3.2116925e+01   4.2646297e+01
  -1.5101490e+01   4.7029044e+01   3.1746552e+01   4.2695275e+01
  -1.4732717e+01   4.6598814e+01   3.1599661e+01   4.2765609e+01
  -1.4676540e+01   4.6806392e+01   3.1354793e+01   4.2288678e+01
  -1.4896858e+01   4.6517513e+01   3.1363992e+01   4.2121893e+01
  -1.4935947e+01   4.6468227e+01   3.1317067e+01   4.2073054e+01
  -1.4935947e+01   4.6468227e+01   3.1317067e+01   4.2073054e+01
  -1.4966602e+01   4.6513566e+01   3.1711347e+01   4.2241090e+01
  -1.5070196e+01   4.6545875e+01   3.1603245e+01   4.2229501e+01
  -1.5098429e+01   4.6218051e+01   3.1808185e+01   4.1640585e+01
  -1.4852760e+01   4.6163221e+01   3.2005793e+01   4.1727465e+01
  -1.4801321e+01   4.5943572e+01   3.1839776e+01   4.2085538e+01
  -1.4801321e+01   4.5943572e+01   3.1839776e+01   4.2085538e+01
  -1.4822978e+01   4.5776121e+01   3.2014767e+01   4.2105873e+01
  -4.7416183e+00   1.9279058e+01   2.9577492e+01   1.0395536e+01
  -4.9911742e+00   1.9965760e+01   3.0000755e+01   1.0034728e+01
  -4.9911742e+00   1.9965760e+01   3.0000755e+01   1.0034728e+01
  -4.9597197e+00   1.9970692e+01   2.9981788e+01   1.0019939e+01
  -5.0220587e+00   2.0002010e+01   2.9990908e+01   9.9992405e+00
  -4.9959019e+00   1.9992597e+01   2.9995909e+01   1.0027504e+01
  -4.9959019e+00   1.9992597e+01   2.9995909e+01   1.0027504e+01
  -4.9762703e+00   1.9958591e+01   2.9981240e+01   9.9893479e+00
  -4.9915703e+00   1.9965434e+01   2.9959108e+01   1.0004921e+01
  -5.0302622e+00   2.0031900e+01   3.0049587e+01   9.9948024e+00
  -5.0302622e+00   2.0031900e+01   3.0049587e+01   9.9948024e+00
  -4.9804246e+00   1.9982519e+01   2.9993335e+01   9.9773907e+00
  -4.9804246e+00   1.9982519e+01   2.9993335e+01   9.9773907e+00
  -5.0075212e+00   1.9960959e+01   2.9969904e+01   9.9593783e+00
  -4.9767113e+00   2.0004660e+01   3.0008692e+01   1.0002273e+01
  -5.0290689e+00   2.0042933e+01   3.0047499e+01   1.0003800e+01
  -5.0219232e+00   1.9971359e+01   2.9960066e+01   1.0010816e+01
  -5.0233059e+00   2.0029351e+01   3.0022674e+01   9.9741551e+00
  -5.0606263e+00   1.9995757e+01   2.9992416e+01   9.9892857e+00
  -5.0063010e+00   2.0014743e+01   3.0020581e+01   9.9942995e+00
  -4.9559322e+00   2.0015423e+01   3.0034110e+01   9.9957589e+00
  -5.0064514e+00   1.9979989e+01   2.9979586e+01   9.9809451e+00
  -5.0145851e+00   1.9996071e+01   2.9997735e+01   1.0007774e+01
  -4.9580808e+00   1.9976029e+01   2.9995150e+01   9.9933514e+00
  -4.9580808e+00   1.9976029e+01   2.9995150e+01   9.9933514e+00
  -5.0212081e+00   1.9983244e+01   2.9996070e+01   9.9886285e+00
  -5.0212081e+00   1.9983244e+01   2.9996070e+01   9.9886285e+00
  -4.9657917e+00   2.0008649e+01   2.9991613e+01   1.0007509e+01
  -4.9868678e+00   2.0017084e+01   3.0029855e+01   1.0021485e+01
  -5.0607280e+00   2.0016654e+01   3.0001018e+01   1.0014309e+01
  -5.0607280e+00   2.0016654e+01   3.0001018e+01   1.0014309e+01
  -5.0607280e+00   2.0016654e+01   3.0001018e+01   1.0014309e+01
  -5.0607280e+00   2.0016654e+01   3.0001018e+01   1.0014309e+01
  -5.0607280e+00   2.0016654e+01   3.0001018e+01   1.0014309e+01
  -5.0595690e+00   2.0049608e+01   2.9997345e+01   1.0014564e+01
  -5.0595690e+00   2.0049608e+01   2.9997345e+01   1.0014564e+01
  -5.0595690e+00   2.0049608e+01   2.9997345e+01   1.0014564e+01
  -5.0595690e+00   2.0049608e+01   2.9997345e+01   1.0014564e+01
  -5.0595690e+00   2.0049608e+01   2.9997345e+01   1.0014564e+01
  -5.0595690e+00   2.0049608e+01   2.9997345e+01   1.0014564e+01
  -5.0153064e+00   1.9945389e+01   2.9937446e+01   1.0095526e+01
  -5.0406646e+00   2.0051918e+01   2.9982109e+01   1.0028086e+01
  -5.0652444e+00   2.0071081e+01   2.9974097e+01   1.0018446e+01
  -5.0652444e+00   2.0071081e+01   2.9974097e+01   1.0018446e+01
  -5.0331253e+00   2.0070126e+01   3.0004255e+01   9.9476625e+00
  -5.0331253e+00   2.0070126e+01   3.0004255e+01   9.9476625e+00
  -5.0562642e+00   2.0101125e+01   3.0060387e+01   9.9199432e+00
  -5.0062821e+00   1.9953846e+01   2.9953299e+01   1.0030402e+01
  -5.0062821e+00   1.9953846e+01   2.9953299e+01   1.0030402e+01
  -5.0399537e+00   2.0067366e+01   3.0045822e+01   9.9469701e+00
  -5.0399537e+00   2.0067366e+01   3.0045822e+01   9.9469701e+00
