  -2.8084759e+01  -1.6435863e+01   4.0926229e+00  -8.1964350e+00
  -2.8084759e+01  -1.6435863e+01   4.0926229e+00  -8.1964350e+00
  -2.8014932e+01  -1.6387018e+01   4.0802721e+00  -8.1364768e+00
  -2.7860497e+01  -1.6526315e+01   4.1041173e+00  -8.2743251e+00
  -2.7860497e+01  -1.6526315e+01   4.1041173e+00  -8.2743251e+00
  -2.8109158e+01  -1.6174240e+01   4.1468548e+00  -8.4277059e+00
  -2.7722683e+01  -1.6454822e+01   4.1072776e+00  -8.3157033e+00
  -2.7722683e+01  -1.6454822e+01   4.1072776e+00  -8.3157033e+00
  -2.8007050e+01  -1.6212980e+01   4.0631294e+00  -8.1260784e+00
  -2.8007050e+01  -1.6212980e+01   4.0631294e+00  -8.1260784e+00
  -2.8007050e+01  -1.6212980e+01   4.0631294e+00  -8.1260784e+00
  -2.8007050e+01  -1.6212980e+01   4.0631294e+00  -8.1260784e+00
  -2.8007050e+01  -1.6212980e+01   4.0631294e+00  -8.1260784e+00
  -2.8007050e+01  -1.6212980e+01   4.0631294e+00  -8.1260784e+00
  -2.8007050e+01  -1.6212980e+01   4.0631294e+00  -8.1260784e+00
  -2.7514320e+01  -1.6055146e+01   3.6632590e+00  -8.3477485e+00
  -2.7665800e+01  -1.6080381e+01   3.7500564e+00  -8.0449884e+00
  -2.7654379e+01  -1.6313011e+01   3.6222829e+00  -8.3536885e+00
  -2.7578800e+01  -1.6219448e+01   3.5583837e+00  -8.3056841e+00
  -2.7511214e+01  -1.6061390e+01   3.6076400e+00  -8.3332963e+00
  -2.7511214e+01  -1.6061390e+01   3.6076400e+00  -8.3332963e+00
  -2.7511214e+01  -1.6061390e+01   3.6076400e+00  -8.3332963e+00
  -2.7511214e+01  -1.6061390e+01   3.6076400e+00  -8.3332963e+00
  -2.7439926e+01  -1.6191533e+01   3.6537638e+00  -8.3511751e+00
  -2.7216517e+01  -1.6134915e+01   3.3611879e+00  -8.1645536e+00
  -2.7216517e+01  -1.6134915e+01   3.3611879e+00  -8.1645536e+00
  -2.7216517e+01  -1.6134915e+01   3.3611879e+00  -8.1645536e+00
  -2.7216517e+01  -1.6134915e+01   3.3611879e+00  -8.1645536e+00
  -2.7216517e+01  -1.6134915e+01   3.3611879e+00  -8.1645536e+00
  -2.7216517e+01  -1.6134915e+01   3.3611879e+00  -8.1645536e+00
  -2.7216517e+01  -1.6134915e+01   3.3611879e+00  -8.1645536e+00
  -2.7216517e+01  -1.6134915e+01   3.3611879e+00  -8.1645536e+00
  -2.7413069e+01  -1.6233093e+01   3.0356849e+00  -8.2468357e+00
  -2.7413069e+01  -1.6233093e+01   3.0356849e+00  -8.2468357e+00
  -2.7842442e+01  -1.6191308e+01   2.8987582e+00  -8.0227484e+00
  -2.7842442e+01  -1.6191308e+01   2.8987582e+00  -8.0227484e+00
  -2.7872109e+01  -1.5961773e+01   2.8598875e+00  -8.1445125e+00
  -2.7872109e+01  -1.5961773e+01   2.8598875e+00  -8.1445125e+00
  -2.7872109e+01  -1.5961773e+01   2.8598875e+00  -8.1445125e+00
  -2.7932307e+01  -1.5974901e+01   2.9284155e+00  -7.9678214e+00
  -2.7979319e+01  -1.6000748e+01   2.7076829e+00  -7.8673615e+00
  -2.7979319e+01  -1.6000748e+01   2.7076829e+00  -7.8673615e+00
  -2.7909092e+01  -1.6029100e+01   2.4598326e+00  -7.7024165e+00
  -2.7948516e+01  -1.6174998e+01   2.8273972e+00  -7.3191544e+00
  -2.7948516e+01  -1.6174998e+01   2.8273972e+00  -7.3191544e+00
  -2.7867156e+01  -1.6211684e+01   2.5369219e+00  -6.8340250e+00
  -2.7654930e+01  -1.6530794e+01   2.8383019e+00  -6.7772876e+00
  -2.7654930e+01  -1.6530794e+01   2.8383019e+00  -6.7772876e+00
  -2.7654930e+01  -1.6530794e+01   2.8383019e+00  -6.7772876e+00
  -2.6907987e+00   8.2626588e+00   1.0156348e+01   1.8809292e+01
  -2.6907987e+00   8.2626588e+00   1.0156348e+01   1.8809292e+01
  -2.6907987e+00   8.2626588e+00   1.0156348e+01   1.8809292e+01
  -2.6907987e+00   8.2626588e+00   1.0156348e+01   1.8809292e+01
  -2.6907987e+00   8.2626588e+00   1.0156348e+01   1.8809292e+01
  -2.6907987e+00   8.2626588e+00   1.0156348e+01   1.8809292e+01
  -2.6907987e+00   8.2626588e+00   1.0156348e+01   1.8809292e+01
  -2.6907987e+00   8.2626588e+00   1.0156348e+01   1.8809292e+01
  -2.6907987e+00   8.2626588e+00   1.0156348e+01   1.8809292e+01
  -2.6907987e+00   8.2626588e+00   1.0156348e+01   1.8809292e+01
  -2.6907987e+00   8.2626588e+00   1.0156348e+01   1.8809292e+01
  -2.6907987e+00   8.2626588e+00   1.0156348e+01   1.8809292e+01
  -2.6907987e+00   8.2626588e+00   1.0156348e+01   1.8809292e+01
  -2.6907987e+00   8.2626588e+00   1.0156348e+01   1.8809292e+01
  -2.6907987e+00   8.2626588e+00   1.0156348e+01   1.8809292e+01
  -2.6907987e+00   8.2626588e+00   1.0156348e+01   1.8809292e+01
  -4.7729804e+00   9.8926437e+00   9.8514254e+00   1.9899379e+01
  -4.7729804e+00   9.8926437e+00   9.8514254e+00   1.9899379e+01
  -4.7729804e+00   9.8926437e+00   9.8514254e+00   1.9899379e+01
  -4.7729804e+00   9.8926437e+00   9.8514254e+00   1.9899379e+01
  -5.0176387e+00   9.9290593e+00   1.0015016e+01   2.0047757e+01
  -5.0603364e+00   9.9563678e+00   1.0033448e+01   2.0032745e+01
  -4.9475320e+00   1.0009543e+01   9.9259422e+00   1.9974885e+01
  -4.9120129e+00   1.0018391e+01   9.9751031e+00   1.9986351e+01
  -4.9120129e+00   1.0018391e+01   9.9751031e+00   1.9986351e+01
  -4.9751464e+00   9.9959134e+00   1.0007024e+01   2.0008872e+01
  -4.9751464e+00   9.9959134e+00   1.0007024e+01   2.0008872e+01
  -4.9751464e+00   9.9959134e+00   1.0007024e+01   2.0008872e+01
  -4.9751464e+00   9.9959134e+00   1.0007024e+01   2.0008872e+01
  -4.9751464e+00   9.9959134e+00   1.0007024e+01   2.0008872e+01
  -4.9751464e+00   9.9959134e+00   1.0007024e+01   2.0008872e+01
  -4.9751464e+00   9.9959134e+00   1.0007024e+01   2.0008872e+01
  -4.9751464e+00   9.9959134e+00   1.0007024e+01   2.0008872e+01
  -4.9751464e+00   9.9959134e+00   1.0007024e+01   2.0008872e+01
  -4.9751464e+00   9.9959134e+00   1.0007024e+01   2.0008872e+01
  -4.9751464e+00   9.9959134e+00   1.0007024e+01   2.0008872e+01
  -4.9751464e+00   9.9959134e+00   1.0007024e+01   2.0008872e+01
  -4.9751464e+00   9.9959134e+00   1.0007024e+01   2.0008872e+01
  -4.9751464e+00   9.9959134e+00   1.0007024e+01   2.0008872e+01
  -4.8974721e+00   9.9638323e+00   1.0047671e+01   1.9964526e+01
  -4.8974721e+00   9.9638323e+00   1.0047671e+01   1.9964526e+01
  -4.8974721e+00   9.9638323e+00   1.0047671e+01   1.9964526e+01
  -4.8974721e+00   9.9638323e+00   1.0047671e+01   1.9964526e+01
  -4.8974721e+00   9.9638323e+00   1.0047671e+01   1.9964526e+01
  -4.8974721e+00   9.9638323e+00   1.0047671e+01   1.9964526e+01
  -4.8974721e+00   9.9638323e+00   1.0047671e+01   1.9964526e+01
  -4.8974721e+00   9.9638323e+00   1.0047671e+01   1.9964526e+01
  -4.8974721e+00   9.9638323e+00   1.0047671e+01   1.9964526e+01
  -4.8974721e+00   9.9638323e+00   1.0047671e+01   1.9964526e+01
  -4.8974721e+00   9.9638323e+00   1.0047671e+01   1.9964526e+01
  -4.8974721e+00   9.9638323e+00   1.0047671e+01   1.9964526e+01
