   2.4479312e+01   3.6127610e+01  -1.6277886e+01   2.9500281e+01
   2.4479312e+01   3.6127610e+01  -1.6277886e+01   2.9500281e+01
   2.4479312e+01   3.6127610e+01  -1.6277886e+01   2.9500281e+01
   2.4607647e+01   3.5803878e+01  -1.6109424e+01   2.9499339e+01
   2.4576722e+01   3.5590289e+01  -1.6113545e+01   2.9482561e+01
   2.4515344e+01   3.5638228e+01  -1.5730587e+01   2.9402022e+01
   2.4248735e+01   3.5922108e+01  -1.5898248e+01   2.9253611e+01
   2.4377993e+01   3.5728106e+01  -1.5765916e+01   2.8991330e+01
   2.4293351e+01   3.5592043e+01  -1.5735497e+01   2.8836038e+01
   2.4352345e+01   3.5878331e+01  -1.6093385e+01   2.8854953e+01
   2.4115517e+01   3.5968330e+01  -1.6183855e+01   2.8756735e+01
   2.4115517e+01   3.5968330e+01  -1.6183855e+01   2.8756735e+01
   2.4199803e+01   3.6075923e+01  -1.6364072e+01   2.8358388e+01
   2.4254296e+01   3.5814887e+01  -1.6500528e+01   2.8269191e+01
   2.3975167e+01   3.5626655e+01  -1.6876632e+01   2.8415797e+01
   2.3975167e+01   3.5626655e+01  -1.6876632e+01   2.8415797e+01
   2.3975167e+01   3.5626655e+01  -1.6876632e+01   2.8415797e+01
   2.4348647e+01   3.5591182e+01  -1.6688204e+01   2.8478238e+01
   2.4348647e+01   3.5591182e+01  -1.6688204e+01   2.8478238e+01
   2.4493682e+01   3.5520286e+01  -1.6322988e+01   2.8530429e+01
   2.4493682e+01   3.5520286e+01  -1.6322988e+01   2.8530429e+01
   2.4605604e+01   3.5365972e+01  -1.6469253e+01   2.8250284e+01
   2.4605604e+01   3.5365972e+01  -1.6469253e+01   2.8250284e+01
   2.4605604e+01   3.5365972e+01  -1.6469253e+01   2.8250284e+01
   2.4605604e+01   3.5365972e+01  -1.6469253e+01   2.8250284e+01
   2.4811006e+01   3.5286262e+01  -1.6033850e+01   2.8307308e+01
   2.4811006e+01   3.5286262e+01  -1.6033850e+01   2.8307308e+01
   2.4896467e+01   3.5583565e+01  -1.6044892e+01   2.8295588e+01
   2.4896467e+01   3.5583565e+01  -1.6044892e+01   2.8295588e+01
   2.4506346e+01   3.5194137e+01  -1.5828052e+01   2.8473335e+01
   2.4428330e+01   3.4928267e+01  -1.5738609e+01   2.8463249e+01
   2.4286879e+01   3.4750067e+01  -1.5637997e+01   2.8614839e+01
   2.4436700e+01   3.4743244e+01  -1.5573017e+01   2.8257592e+01
   2.4274557e+01   3.4599512e+01  -1.5410451e+01   2.8593061e+01
   2.4274557e+01   3.4599512e+01  -1.5410451e+01   2.8593061e+01
   2.4274557e+01   3.4599512e+01  -1.5410451e+01   2.8593061e+01
   2.4058254e+01   3.4358916e+01  -1.5224585e+01   2.8998285e+01
   2.4058254e+01   3.4358916e+01  -1.5224585e+01   2.8998285e+01
   2.3624130e+01   3.4139586e+01  -1.4685436e+01   2.8851283e+01
   2.3624130e+01   3.4139586e+01  -1.4685436e+01   2.8851283e+01
   2.3624130e+01   3.4139586e+01  -1.4685436e+01   2.8851283e+01
   2.3713528e+01   3.4041547e+01  -1.4947233e+01   2.8906277e+01
   2.3622395e+01   3.3792634e+01  -1.5172972e+01   2.8988391e+01
   2.3677878e+01   3.3548377e+01  -1.5525974e+01   2.9013626e+01
   2.3677878e+01   3.3548377e+01  -1.5525974e+01   2.9013626e+01
   2.3677878e+01   3.3548377e+01  -1.5525974e+01   2.9013626e+01
   2.3631250e+01   3.3339012e+01  -1.5491036e+01   2.8983155e+01
   2.3673283e+01   3.3378122e+01  -1.5660207e+01   2.8873954e+01
   2.3464348e+01   3.3300942e+01  -1.5473676e+01   2.8482196e+01
   2.9518429e+01   2.0059730e+01  -6.8652270e+00   7.9004740e+00
   2.9518429e+01   2.0059730e+01  -6.8652270e+00   7.9004740e+00
   2.9518429e+01   2.0059730e+01  -6.8652270e+00   7.9004740e+00
   2.9518429e+01   2.0059730e+01  -6.8652270e+00   7.9004740e+00
   2.9518429e+01   2.0059730e+01  -6.8652270e+00   7.9004740e+00
   2.9518429e+01   2.0059730e+01  -6.8652270e+00   7.9004740e+00
   2.9518429e+01   2.0059730e+01  -6.8652270e+00   7.9004740e+00
   2.9518429e+01   2.0059730e+01  -6.8652270e+00   7.9004740e+00
   2.9518429e+01   2.0059730e+01  -6.8652270e+00   7.9004740e+00
   2.9518429e+01   2.0059730e+01  -6.8652270e+00   7.9004740e+00
   2.9518429e+01   2.0059730e+01  -6.8652270e+00   7.9004740e+00
   2.9518429e+01   2.0059730e+01  -6.8652270e+00   7.9004740e+00
   2.9518429e+01   2.0059730e+01  -6.8652270e+00   7.9004740e+00
   2.9518429e+01   2.0059730e+01  -6.8652270e+00   7.9004740e+00
   2.9518429e+01   2.0059730e+01  -6.8652270e+00   7.9004740e+00
   2.9518429e+01   2.0059730e+01  -6.8652270e+00   7.9004740e+00
   2.9518429e+01   2.0059730e+01  -6.8652270e+00   7.9004740e+00
   2.9518429e+01   2.0059730e+01  -6.8652270e+00   7.9004740e+00
   2.9518429e+01   2.0059730e+01  -6.8652270e+00   7.9004740e+00
   2.9518429e+01   2.0059730e+01  -6.8652270e+00   7.9004740e+00
   2.9518429e+01   2.0059730e+01  -6.8652270e+00   7.9004740e+00
   2.9518429e+01   2.0059730e+01  -6.8652270e+00   7.9004740e+00
   2.9518429e+01   2.0059730e+01  -6.8652270e+00   7.9004740e+00
   2.9518429e+01   2.0059730e+01  -6.8652270e+00   7.9004740e+00
   2.9518429e+01   2.0059730e+01  -6.8652270e+00   7.9004740e+00
   2.9518429e+01   2.0059730e+01  -6.8652270e+00   7.9004740e+00
   2.9518429e+01   2.0059730e+01  -6.8652270e+00   7.9004740e+00
   2.9518429e+01   2.0059730e+01  -6.8652270e+00   7.9004740e+00
   2.9518429e+01   2.0059730e+01  -6.8652270e+00   7.9004740e+00
   2.9518429e+01   2.0059730e+01  -6.8652270e+00   7.9004740e+00
   2.9518572e+01   2.0059903e+01  -6.8653248e+00   7.9005359e+00
   2.9518572e+01   2.0059903e+01  -6.8653248e+00   7.9005359e+00
   2.9518377e+01   2.0059939e+01  -6.8652009e+00   7.9005378e+00
   2.9518371e+01   2.0059882e+01  -6.8652135e+00   7.9002947e+00
   2.9518371e+01   2.0059882e+01  -6.8652135e+00   7.9002947e+00
   2.9518292e+01   2.0059865e+01  -6.8650631e+00   7.9001683e+00
   2.9518268e+01   2.0059905e+01  -6.8646771e+00   7.9000461e+00
   2.9518240e+01   2.0060044e+01  -6.8645711e+00   7.9002393e+00
   2.9518240e+01   2.0060044e+01  -6.8645711e+00   7.9002393e+00
   2.9517999e+01   2.0060021e+01  -6.8646222e+00   7.9001173e+00
   2.9517814e+01   2.0060046e+01  -6.8643438e+00   7.9000274e+00
   2.9518051e+01   2.0060024e+01  -6.8645433e+00   7.9002957e+00
   2.9517905e+01   2.0059848e+01  -6.8643762e+00   7.9003514e+00
   2.9517911e+01   2.0060000e+01  -6.8643770e+00   7.9004911e+00
   2.9517911e+01   2.0060000e+01  -6.8643770e+00   7.9004911e+00
   2.9517911e+01   2.0060000e+01  -6.8643770e+00   7.9004911e+00
   2.9517911e+01   2.0060000e+01  -6.8643770e+00   7.9004911e+00
   2.9517911e+01   2.0060000e+01  -6.8643770e+00   7.9004911e+00
   2.9517911e+01   2.0060000e+01  -6.8643770e+00   7.9004911e+00
   2.9517911e+01   2.0060000e+01  -6.8643770e+00   7.9004911e+00
   2.9517911e+01   2.0060000e+01  -6.8643770e+00   7.9004911e+00
