   1.4849046e+01   3.7001066e+01   1.7743028e+01  -2.4181790e+01
   1.5036876e+01   3.6648996e+01   1.7718509e+01  -2.4197270e+01
   1.5047933e+01   3.6753480e+01   1.7777306e+01  -2.3856502e+01
   1.5047933e+01   3.6753480e+01   1.7777306e+01  -2.3856502e+01
   1.5047933e+01   3.6753480e+01   1.7777306e+01  -2.3856502e+01
   1.5047933e+01   3.6753480e+01   1.7777306e+01  -2.3856502e+01
   1.5047933e+01   3.6753480e+01   1.7777306e+01  -2.3856502e+01
   1.5087204e+01   3.6766345e+01   1.7744326e+01  -2.4044910e+01
   1.5087204e+01   3.6766345e+01   1.7744326e+01  -2.4044910e+01
   1.5087204e+01   3.6766345e+01   1.7744326e+01  -2.4044910e+01
   1.4838949e+01   3.6715917e+01   1.7892385e+01  -2.4392987e+01
   1.4838949e+01   3.6715917e+01   1.7892385e+01  -2.4392987e+01
   1.4838949e+01   3.6715917e+01   1.7892385e+01  -2.4392987e+01
   1.4616187e+01   3.6744037e+01   1.7870137e+01  -2.4357444e+01
   1.4719906e+01   3.6804376e+01   1.7810722e+01  -2.4124498e+01
   1.4992557e+01   3.6915252e+01   1.7776347e+01  -2.4251932e+01
   1.5001891e+01   3.6800686e+01   1.7704480e+01  -2.4149005e+01
   1.5066001e+01   3.6805342e+01   1.7459401e+01  -2.4069078e+01
   1.5214265e+01   3.6932240e+01   1.7416267e+01  -2.4124862e+01
   1.4885313e+01   3.6638786e+01   1.7112705e+01  -2.3850078e+01
   1.5163786e+01   3.6278029e+01   1.7612862e+01  -2.3598238e+01
   1.5193018e+01   3.5977763e+01   1.7821895e+01  -2.3194372e+01
   1.4840371e+01   3.5956853e+01   1.7952935e+01  -2.3072195e+01
   1.4840371e+01   3.5956853e+01   1.7952935e+01  -2.3072195e+01
   1.4840371e+01   3.5956853e+01   1.7952935e+01  -2.3072195e+01
   1.4840371e+01   3.5956853e+01   1.7952935e+01  -2.3072195e+01
   1.4719351e+01   3.5905736e+01   1.7973320e+01  -2.2982252e+01
   1.4697232e+01   3.6087863e+01   1.8122681e+01  -2.2846481e+01
   1.4697232e+01   3.6087863e+01   1.8122681e+01  -2.2846481e+01
   1.4622120e+01   3.6100697e+01   1.8398057e+01  -2.2835943e+01
   1.4622120e+01   3.6100697e+01   1.8398057e+01  -2.2835943e+01
   1.4622120e+01   3.6100697e+01   1.8398057e+01  -2.2835943e+01
   1.4622120e+01   3.6100697e+01   1.8398057e+01  -2.2835943e+01
   1.4376251e+01   3.5934421e+01   1.8372979e+01  -2.2824055e+01
   1.4085042e+01   3.6177562e+01   1.8309920e+01  -2.2608059e+01
   1.4024341e+01   3.6274573e+01   1.8630566e+01  -2.2636187e+01
   1.4142824e+01   3.6132498e+01   1.8872208e+01  -2.2647475e+01
   1.4142824e+01   3.6132498e+01   1.8872208e+01  -2.2647475e+01
   1.4142824e+01   3.6132498e+01   1.8872208e+01  -2.2647475e+01
   1.4058968e+01   3.6319211e+01   1.8820164e+01  -2.2465295e+01
   1.4055049e+01   3.6371913e+01   1.9301347e+01  -2.2343860e+01
   1.4055049e+01   3.6371913e+01   1.9301347e+01  -2.2343860e+01
   1.4138766e+01   3.6685171e+01   1.9228749e+01  -2.2372181e+01
   1.4050220e+01   3.6055974e+01   1.9690807e+01  -2.2225330e+01
   1.3870439e+01   3.6029096e+01   1.9658580e+01  -2.1926047e+01
   1.3636573e+01   3.6186508e+01   1.9383429e+01  -2.2161486e+01
   1.3636573e+01   3.6186508e+01   1.9383429e+01  -2.2161486e+01
   1.3478114e+01   3.5949162e+01   1.9522446e+01  -2.2367646e+01
   1.3478114e+01   3.5949162e+01   1.9522446e+01  -2.2367646e+01
  -5.5963846e+00   2.3262149e+01   1.0765976e+01   5.9932627e+00
  -5.1992301e+00   2.3648703e+01   1.0137798e+01   6.4884301e+00
  -5.1992301e+00   2.3648703e+01   1.0137798e+01   6.4884301e+00
  -5.1992301e+00   2.3648703e+01   1.0137798e+01   6.4884301e+00
  -5.1992301e+00   2.3648703e+01   1.0137798e+01   6.4884301e+00
  -5.1992301e+00   2.3648703e+01   1.0137798e+01   6.4884301e+00
  -5.1992301e+00   2.3648703e+01   1.0137798e+01   6.4884301e+00
  -5.1992301e+00   2.3648703e+01   1.0137798e+01   6.4884301e+00
  -5.1609133e+00   2.3817722e+01   1.0142363e+01   6.2193757e+00
  -5.1609133e+00   2.3817722e+01   1.0142363e+01   6.2193757e+00
  -5.1609133e+00   2.3817722e+01   1.0142363e+01   6.2193757e+00
  -5.1609133e+00   2.3817722e+01   1.0142363e+01   6.2193757e+00
  -5.1609133e+00   2.3817722e+01   1.0142363e+01   6.2193757e+00
  -5.1609133e+00   2.3817722e+01   1.0142363e+01   6.2193757e+00
  -5.1609133e+00   2.3817722e+01   1.0142363e+01   6.2193757e+00
  -5.1609133e+00   2.3817722e+01   1.0142363e+01   6.2193757e+00
  -5.1609133e+00   2.3817722e+01   1.0142363e+01   6.2193757e+00
  -5.1609133e+00   2.3817722e+01   1.0142363e+01   6.2193757e+00
  -5.1609133e+00   2.3817722e+01   1.0142363e+01   6.2193757e+00
  -5.1609133e+00   2.3817722e+01   1.0142363e+01   6.2193757e+00
  -5.1609133e+00   2.3817722e+01   1.0142363e+01   6.2193757e+00
  -5.1609133e+00   2.3817722e+01   1.0142363e+01   6.2193757e+00
  -5.1609133e+00   2.3817722e+01   1.0142363e+01   6.2193757e+00
  -5.1609133e+00   2.3817722e+01   1.0142363e+01   6.2193757e+00
  -5.1609133e+00   2.3817722e+01   1.0142363e+01   6.2193757e+00
  -5.1609133e+00   2.3817722e+01   1.0142363e+01   6.2193757e+00
  -5.1609133e+00   2.3817722e+01   1.0142363e+01   6.2193757e+00
  -5.1609133e+00   2.3817722e+01   1.0142363e+01   6.2193757e+00
  -5.1609133e+00   2.3817722e+01   1.0142363e+01   6.2193757e+00
  -5.1609133e+00   2.3817722e+01   1.0142363e+01   6.2193757e+00
  -5.1609133e+00   2.3817722e+01   1.0142363e+01   6.2193757e+00
  -5.1609133e+00   2.3817722e+01   1.0142363e+01   6.2193757e+00
  -5.1609133e+00   2.3817722e+01   1.0142363e+01   6.2193757e+00
  -5.1609133e+00   2.3817722e+01   1.0142363e+01   6.2193757e+00
  -5.1609133e+00   2.3817722e+01   1.0142363e+01   6.2193757e+00
  -5.1609133e+00   2.3817722e+01   1.0142363e+01   6.2193757e+00
  -5.1609133e+00   2.3817722e+01   1.0142363e+01   6.2193757e+00
  -5.1609133e+00   2.3817722e+01   1.0142363e+01   6.2193757e+00
  -5.1609133e+00   2.3817722e+01   1.0142363e+01   6.2193757e+00
  -5.1609133e+00   2.3817722e+01   1.0142363e+01   6.2193757e+00
  -5.1609133e+00   2.3817722e+01   1.0142363e+01   6.2193757e+00
  -5.1609133e+00   2.3817722e+01   1.0142363e+01   6.2193757e+00
  -5.3177623e+00   2.3552263e+01   1.0334968e+01   6.2947292e+00
  -5.3177623e+00   2.3552263e+01   1.0334968e+01   6.2947292e+00
  -5.3177623e+00   2.3552263e+01   1.0334968e+01   6.2947292e+00
  -5.3177623e+00   2.3552263e+01   1.0334968e+01   6.2947292e+00
  -5.3362216e+00   2.3529585e+01   1.0362031e+01   6.2825304e+00
  -5.2669656e+00   2.3581095e+01   1.0244252e+01   6.4079247e+00
  -5.2669656e+00   2.3581095e+01   1.0244252e+01   6.4079247e+00
  -5.2669656e+00   2.3581095e+01   1.0244252e+01   6.4079247e+00
  -5.3514629e+00   2.3510345e+01   1.0384095e+01   6.2743170e+00
