   5.5169605e+00   6.4944432e+00   3.4613250e+01   2.7171665e+01
   5.5169605e+00   6.4944432e+00   3.4613250e+01   2.7171665e+01
   5.2079497e+00   6.5472500e+00   3.4672070e+01   2.7153175e+01
   5.2337725e+00   6.4157470e+00   3.4479931e+01   2.7203066e+01
   5.4005084e+00   6.2597291e+00   3.4346358e+01   2.7255484e+01
   5.4005084e+00   6.2597291e+00   3.4346358e+01   2.7255484e+01
   5.2105876e+00   6.1904008e+00   3.3938891e+01   2.7269733e+01
   4.8677537e+00   6.4046823e+00   3.4114412e+01   2.7246641e+01
   4.6995980e+00   6.2689870e+00   3.3893217e+01   2.7116138e+01
   4.8547209e+00   6.0101645e+00   3.3883123e+01   2.7224985e+01
   4.8547209e+00   6.0101645e+00   3.3883123e+01   2.7224985e+01
   4.8547209e+00   6.0101645e+00   3.3883123e+01   2.7224985e+01
   4.7487241e+00   6.1180223e+00   3.4030389e+01   2.7170636e+01
   4.7487241e+00   6.1180223e+00   3.4030389e+01   2.7170636e+01
   4.7487241e+00   6.1180223e+00   3.4030389e+01   2.7170636e+01
   4.9194641e+00   6.0103437e+00   3.3940494e+01   2.7141778e+01
   4.9194641e+00   6.0103437e+00   3.3940494e+01   2.7141778e+01
   4.7819092e+00   6.0880641e+00   3.3957836e+01   2.7110567e+01
   4.5788335e+00   6.3977127e+00   3.3870932e+01   2.6713005e+01
   4.5788335e+00   6.3977127e+00   3.3870932e+01   2.6713005e+01
   4.6573865e+00   6.2809475e+00   3.3646176e+01   2.6803378e+01
   4.6573865e+00   6.2809475e+00   3.3646176e+01   2.6803378e+01
   4.6573865e+00   6.2809475e+00   3.3646176e+01   2.6803378e+01
   4.6735360e+00   6.3336311e+00   3.3580388e+01   2.6687480e+01
   4.5167608e+00   6.2160563e+00   3.3476389e+01   2.6459343e+01
   4.5167608e+00   6.2160563e+00   3.3476389e+01   2.6459343e+01
   4.4115285e+00   6.2027377e+00   3.3281539e+01   2.5944161e+01
   4.4461268e+00   6.3687174e+00   3.3191971e+01   2.6051947e+01
   4.3974816e+00   6.5035071e+00   3.2938841e+01   2.6135866e+01
   4.3974816e+00   6.5035071e+00   3.2938841e+01   2.6135866e+01
   4.4386911e+00   6.5181266e+00   3.2338113e+01   2.5878175e+01
   4.4386911e+00   6.5181266e+00   3.2338113e+01   2.5878175e+01
   4.4386911e+00   6.5181266e+00   3.2338113e+01   2.5878175e+01
   4.1733375e+00   6.3276470e+00   3.2406004e+01   2.5982154e+01
   4.1733375e+00   6.3276470e+00   3.2406004e+01   2.5982154e+01
   3.8712919e+00   6.2898469e+00   3.2304304e+01   2.5848007e+01
   4.0554413e+00   6.1177565e+00   3.2021212e+01   2.6229703e+01
   4.0282218e+00   6.1539406e+00   3.1923408e+01   2.6418640e+01
   3.9648494e+00   6.2993132e+00   3.1982535e+01   2.6316683e+01
   4.0400738e+00   6.8089400e+00   3.1912904e+01   2.6418808e+01
   4.1511917e+00   6.7035508e+00   3.1650365e+01   2.6494856e+01
   4.0576477e+00   6.9910110e+00   3.1374267e+01   2.6279931e+01
   3.8305106e+00   6.9357231e+00   3.1144805e+01   2.6245133e+01
   3.8305106e+00   6.9357231e+00   3.1144805e+01   2.6245133e+01
   3.8305106e+00   6.9357231e+00   3.1144805e+01   2.6245133e+01
   4.1213764e+00   6.6155860e+00   3.1153454e+01   2.6176206e+01
   4.0171278e+00   6.6155987e+00   3.1253135e+01   2.6159589e+01
   3.7570490e+00   6.8784586e+00   3.1014109e+01   2.6055532e+01
   3.7570490e+00   6.8784586e+00   3.1014109e+01   2.6055532e+01
  -4.5634446e+00   9.7652837e+00   1.0060108e+01   2.0011964e+01
  -4.9688888e+00   1.0011547e+01   9.9967673e+00   2.0011467e+01
  -5.0138823e+00   9.9987820e+00   9.9457706e+00   2.0016541e+01
  -4.9911282e+00   1.0019112e+01   9.9822905e+00   2.0008042e+01
  -5.0159731e+00   1.0000828e+01   9.9645820e+00   2.0017333e+01
  -4.9793684e+00   9.9905547e+00   9.9748816e+00   2.0003516e+01
  -4.9793684e+00   9.9905547e+00   9.9748816e+00   2.0003516e+01
  -4.9793684e+00   9.9905547e+00   9.9748816e+00   2.0003516e+01
  -4.9793684e+00   9.9905547e+00   9.9748816e+00   2.0003516e+01
  -4.9940522e+00   9.9327845e+00   9.9957446e+00   1.9955306e+01
  -4.9940522e+00   9.9327845e+00   9.9957446e+00   1.9955306e+01
  -4.9913840e+00   9.9421862e+00   9.9451068e+00   1.9990796e+01
  -4.9824905e+00   1.0023338e+01   1.0012778e+01   1.9992355e+01
  -4.9735003e+00   1.0018369e+01   9.9927247e+00   1.9994227e+01
  -4.9735003e+00   1.0018369e+01   9.9927247e+00   1.9994227e+01
  -4.9735003e+00   1.0018369e+01   9.9927247e+00   1.9994227e+01
  -4.9735003e+00   1.0018369e+01   9.9927247e+00   1.9994227e+01
  -4.9784412e+00   1.0019604e+01   1.0007094e+01   2.0017973e+01
  -4.9820659e+00   9.9883887e+00   9.9338547e+00   1.9983500e+01
  -5.0026422e+00   9.9591581e+00   9.9720530e+00   1.9938265e+01
  -5.0207804e+00   9.9925929e+00   9.9832918e+00   2.0000532e+01
  -5.0207804e+00   9.9925929e+00   9.9832918e+00   2.0000532e+01
  -5.0207804e+00   9.9925929e+00   9.9832918e+00   2.0000532e+01
  -4.9906352e+00   9.9934850e+00   9.9503986e+00   1.9952484e+01
  -4.9937616e+00   9.9856747e+00   9.9687431e+00   1.9987430e+01
  -4.9796183e+00   9.9740782e+00   9.9881061e+00   1.9963089e+01
  -4.9639531e+00   9.9461234e+00   9.9759960e+00   1.9993070e+01
  -5.0104227e+00   1.0031430e+01   9.9466060e+00   2.0010407e+01
  -4.9698012e+00   9.9480082e+00   9.9738267e+00   1.9980047e+01
  -4.9996665e+00   1.0008276e+01   9.9415742e+00   1.9947351e+01
  -4.9996665e+00   1.0008276e+01   9.9415742e+00   1.9947351e+01
  -4.9996665e+00   1.0008276e+01   9.9415742e+00   1.9947351e+01
  -4.9996665e+00   1.0008276e+01   9.9415742e+00   1.9947351e+01
  -5.0116970e+00   1.0000125e+01   9.9967106e+00   1.9937430e+01
  -5.0116970e+00   1.0000125e+01   9.9967106e+00   1.9937430e+01
  -5.0116970e+00   1.0000125e+01   9.9967106e+00   1.9937430e+01
  -4.8880105e+00   9.9647588e+00   9.9949750e+00   1.9958538e+01
  -4.9548995e+00   1.0016961e+01   1.0008244e+01   1.9951100e+01
  -4.9548995e+00   1.0016961e+01   1.0008244e+01   1.9951100e+01
  -4.9548995e+00   1.0016961e+01   1.0008244e+01   1.9951100e+01
  -4.9548995e+00   1.0016961e+01   1.0008244e+01   1.9951100e+01
  -5.0256930e+00   1.0038084e+01   1.0000635e+01   1.9931731e+01
  -5.0256930e+00   1.0038084e+01   1.0000635e+01   1.9931731e+01
  -4.8811490e+00   9.9523485e+00   9.9913980e+00   1.9943761e+01
  -5.0174647e+00   1.0048667e+01   9.9822502e+00   1.9993638e+01
  -4.9463980e+00   9.9339239e+00   1.0029437e+01   2.0002286e+01
  -4.9463980e+00   9.9339239e+00   1.0029437e+01   2.0002286e+01
  -4.9928031e+00   9.9879520e+00   1.0019215e+01   2.0013355e+01
  -5.0537774e+00   1.0053912e+01   1.0011834e+01   2.0043410e+01
  -5.0537774e+00   1.0053912e+01   1.0011834e+01   2.0043410e+01
  -5.0537774e+00   1.0053912e+01   1.0011834e+01   2.0043410e+01
