   3.6266508e+01  -2.1821268e+01   3.8265945e+01  -8.6992370e+00
   3.6266508e+01  -2.1821268e+01   3.8265945e+01  -8.6992370e+00
   3.6378330e+01  -2.1809944e+01   3.8050626e+01  -8.8435247e+00
   3.6554459e+01  -2.2174233e+01   3.7905278e+01  -8.9221512e+00
   3.6497741e+01  -2.2530736e+01   3.7990075e+01  -8.9069656e+00
   3.6497741e+01  -2.2530736e+01   3.7990075e+01  -8.9069656e+00
   3.6497741e+01  -2.2530736e+01   3.7990075e+01  -8.9069656e+00
   3.6497741e+01  -2.2530736e+01   3.7990075e+01  -8.9069656e+00
   3.6512527e+01  -2.2610673e+01   3.7953203e+01  -8.9306456e+00
   3.6440586e+01  -2.2264636e+01   3.7983427e+01  -8.7918447e+00
   3.6435515e+01  -2.1909869e+01   3.8079968e+01  -9.3408525e+00
   3.6435515e+01  -2.1909869e+01   3.8079968e+01  -9.3408525e+00
   3.6435515e+01  -2.1909869e+01   3.8079968e+01  -9.3408525e+00
   3.6484440e+01  -2.2084172e+01   3.8052647e+01  -9.1811270e+00
   3.6484440e+01  -2.2084172e+01   3.8052647e+01  -9.1811270e+00
   3.6200430e+01  -2.1581107e+01   3.8136317e+01  -9.1536657e+00
   3.5840920e+01  -2.1350484e+01   3.8135647e+01  -9.2599172e+00
   3.5840920e+01  -2.1350484e+01   3.8135647e+01  -9.2599172e+00
   3.5835760e+01  -2.1378522e+01   3.7913159e+01  -8.9764273e+00
   3.5690022e+01  -2.1557083e+01   3.8116761e+01  -8.8020048e+00
   3.5763182e+01  -2.1231171e+01   3.8096179e+01  -8.9743203e+00
   3.5763182e+01  -2.1231171e+01   3.8096179e+01  -8.9743203e+00
   3.5777281e+01  -2.1101574e+01   3.8038318e+01  -9.3196666e+00
   3.5482367e+01  -2.0884497e+01   3.7837006e+01  -9.1778857e+00
   3.5482367e+01  -2.0884497e+01   3.7837006e+01  -9.1778857e+00
   3.5482367e+01  -2.0884497e+01   3.7837006e+01  -9.1778857e+00
   3.5162306e+01  -2.0918673e+01   3.7609974e+01  -9.3904092e+00
   3.5162306e+01  -2.0918673e+01   3.7609974e+01  -9.3904092e+00
   3.5074138e+01  -2.0994694e+01   3.7586513e+01  -9.3715432e+00
   3.5074138e+01  -2.0994694e+01   3.7586513e+01  -9.3715432e+00
   3.4991053e+01  -2.1037073e+01   3.7191686e+01  -9.4023785e+00
   3.4991053e+01  -2.1037073e+01   3.7191686e+01  -9.4023785e+00
   3.4991053e+01  -2.1037073e+01   3.7191686e+01  -9.4023785e+00
   3.4890615e+01  -2.0755804e+01   3.7426952e+01  -9.2244540e+00
   3.5235618e+01  -2.0600508e+01   3.7477322e+01  -9.0808970e+00
   3.5235618e+01  -2.0600508e+01   3.7477322e+01  -9.0808970e+00
   3.5412534e+01  -2.0745771e+01   3.7262160e+01  -9.1668607e+00
   3.5168575e+01  -2.0529414e+01   3.7147679e+01  -9.0366827e+00
   3.5252977e+01  -2.0561911e+01   3.6892963e+01  -9.1593147e+00
   3.5096076e+01  -2.0835205e+01   3.6857232e+01  -9.3690088e+00
   3.5096076e+01  -2.0835205e+01   3.6857232e+01  -9.3690088e+00
   3.5096076e+01  -2.0835205e+01   3.6857232e+01  -9.3690088e+00
   3.5382079e+01  -2.0994949e+01   3.6372611e+01  -9.1245200e+00
   3.5382079e+01  -2.0994949e+01   3.6372611e+01  -9.1245200e+00
   3.5382079e+01  -2.0994949e+01   3.6372611e+01  -9.1245200e+00
   3.5382079e+01  -2.0994949e+01   3.6372611e+01  -9.1245200e+00
   3.5316767e+01  -2.0715726e+01   3.6481246e+01  -9.1359431e+00
   3.5316767e+01  -2.0715726e+01   3.6481246e+01  -9.1359431e+00
   3.5252339e+01  -2.0411226e+01   3.6656128e+01  -9.2549346e+00
  -6.7923951e+00   1.4867204e+01   1.1305105e+01   7.3944497e+00
  -5.2143563e+00   1.8415819e+01   1.0194573e+01   9.7690909e+00
  -5.0845144e+00   1.9435831e+01   9.9897863e+00   1.0483243e+01
  -5.0845144e+00   1.9435831e+01   9.9897863e+00   1.0483243e+01
  -5.0927087e+00   1.9401851e+01   1.0080868e+01   1.0518099e+01
  -5.0927087e+00   1.9401851e+01   1.0080868e+01   1.0518099e+01
  -5.0927087e+00   1.9401851e+01   1.0080868e+01   1.0518099e+01
  -4.9818486e+00   1.9438924e+01   1.0119426e+01   1.0658637e+01
  -4.9818486e+00   1.9438924e+01   1.0119426e+01   1.0658637e+01
  -5.1248043e+00   1.9432205e+01   1.0096776e+01   1.0580546e+01
  -5.1248043e+00   1.9432205e+01   1.0096776e+01   1.0580546e+01
  -5.1248043e+00   1.9432205e+01   1.0096776e+01   1.0580546e+01
  -5.0791319e+00   1.9362095e+01   1.0070907e+01   1.0516797e+01
  -5.0791319e+00   1.9362095e+01   1.0070907e+01   1.0516797e+01
  -5.1542609e+00   1.9464109e+01   1.0240793e+01   1.0643208e+01
  -5.1542609e+00   1.9464109e+01   1.0240793e+01   1.0643208e+01
  -5.1542609e+00   1.9464109e+01   1.0240793e+01   1.0643208e+01
  -5.1542609e+00   1.9464109e+01   1.0240793e+01   1.0643208e+01
  -5.1542609e+00   1.9464109e+01   1.0240793e+01   1.0643208e+01
  -5.1059379e+00   1.9432285e+01   1.0176855e+01   1.0703256e+01
  -4.7412302e+00   1.9436800e+01   9.7431573e+00   1.0555899e+01
  -4.7887959e+00   1.9409999e+01   9.8745439e+00   1.0690912e+01
  -4.7887959e+00   1.9409999e+01   9.8745439e+00   1.0690912e+01
  -4.7887959e+00   1.9409999e+01   9.8745439e+00   1.0690912e+01
  -4.7887959e+00   1.9409999e+01   9.8745439e+00   1.0690912e+01
  -4.7887959e+00   1.9409999e+01   9.8745439e+00   1.0690912e+01
  -4.7887959e+00   1.9409999e+01   9.8745439e+00   1.0690912e+01
  -4.7887959e+00   1.9409999e+01   9.8745439e+00   1.0690912e+01
  -4.7887959e+00   1.9409999e+01   9.8745439e+00   1.0690912e+01
  -4.7887959e+00   1.9409999e+01   9.8745439e+00   1.0690912e+01
  -4.7887959e+00   1.9409999e+01   9.8745439e+00   1.0690912e+01
  -4.7887959e+00   1.9409999e+01   9.8745439e+00   1.0690912e+01
  -4.7887959e+00   1.9409999e+01   9.8745439e+00   1.0690912e+01
  -4.7887959e+00   1.9409999e+01   9.8745439e+00   1.0690912e+01
  -4.7887959e+00   1.9409999e+01   9.8745439e+00   1.0690912e+01
  -4.7887959e+00   1.9409999e+01   9.8745439e+00   1.0690912e+01
  -4.7887959e+00   1.9409999e+01   9.8745439e+00   1.0690912e+01
  -4.7887959e+00   1.9409999e+01   9.8745439e+00   1.0690912e+01
  -4.7887959e+00   1.9409999e+01   9.8745439e+00   1.0690912e+01
  -4.7887959e+00   1.9409999e+01   9.8745439e+00   1.0690912e+01
  -4.7887959e+00   1.9409999e+01   9.8745439e+00   1.0690912e+01
  -4.7887959e+00   1.9409999e+01   9.8745439e+00   1.0690912e+01
  -4.7887959e+00   1.9409999e+01   9.8745439e+00   1.0690912e+01
  -4.7887959e+00   1.9409999e+01   9.8745439e+00   1.0690912e+01
  -4.7887959e+00   1.9409999e+01   9.8745439e+00   1.0690912e+01
  -5.1221922e+00   1.8438256e+01   1.0159784e+01   1.0051122e+01
  -5.1221922e+00   1.8438256e+01   1.0159784e+01   1.0051122e+01
  -5.0367396e+00   1.8747083e+01   1.0111784e+01   1.0304546e+01
  -5.3221778e+00   1.8717669e+01   1.0435734e+01   1.0307966e+01
  -4.8366933e+00   1.9155609e+01   1.0066390e+01   1.0731976e+01
  -4.8366933e+00   1.9155609e+01   1.0066390e+01   1.0731976e+01
