  -2.1469449e+01   1.2991159e+01   4.0359415e+01  -1.0593000e+01
  -2.1469449e+01   1.2991159e+01   4.0359415e+01  -1.0593000e+01
  -2.1634651e+01   1.3099790e+01   4.0420818e+01  -1.0484139e+01
  -2.1634651e+01   1.3099790e+01   4.0420818e+01  -1.0484139e+01
  -2.1783008e+01   1.3210046e+01   4.0612963e+01  -1.0516883e+01
  -2.1783008e+01   1.3210046e+01   4.0612963e+01  -1.0516883e+01
  -2.1823576e+01   1.2971787e+01   4.0705826e+01  -1.0661446e+01
  -2.1839532e+01   1.3251244e+01   4.0617341e+01  -1.0711366e+01
  -2.1839532e+01   1.3251244e+01   4.0617341e+01  -1.0711366e+01
  -2.1839532e+01   1.3251244e+01   4.0617341e+01  -1.0711366e+01
  -2.1839532e+01   1.3251244e+01   4.0617341e+01  -1.0711366e+01
  -2.1839532e+01   1.3251244e+01   4.0617341e+01  -1.0711366e+01
  -2.1526502e+01   1.3348976e+01   4.0306964e+01  -1.0963002e+01
  -2.1915562e+01   1.3396827e+01   4.0224091e+01  -1.0685072e+01
  -2.1915562e+01   1.3396827e+01   4.0224091e+01  -1.0685072e+01
  -2.1660338e+01   1.3273291e+01   4.0089486e+01  -1.0768648e+01
  -2.1516817e+01   1.2983256e+01   4.0116827e+01  -1.1090874e+01
  -2.1680118e+01   1.2530533e+01   4.0329169e+01  -1.1104800e+01
  -2.1680118e+01   1.2530533e+01   4.0329169e+01  -1.1104800e+01
  -2.1505053e+01   1.2417022e+01   4.0473774e+01  -1.1026541e+01
  -2.1505053e+01   1.2417022e+01   4.0473774e+01  -1.1026541e+01
  -2.1505053e+01   1.2417022e+01   4.0473774e+01  -1.1026541e+01
  -2.1437961e+01   1.2426331e+01   4.0651512e+01  -1.1052829e+01
  -2.1118424e+01   1.2196350e+01   4.0599440e+01  -1.0893048e+01
  -2.1269984e+01   1.1910755e+01   4.0728424e+01  -1.1096281e+01
  -2.1269984e+01   1.1910755e+01   4.0728424e+01  -1.1096281e+01
  -2.1507437e+01   1.1873206e+01   4.0616376e+01  -1.1243728e+01
  -2.1359931e+01   1.2312330e+01   4.0819483e+01  -1.1222778e+01
  -2.1359931e+01   1.2312330e+01   4.0819483e+01  -1.1222778e+01
  -2.1404353e+01   1.2198161e+01   4.1030066e+01  -1.1219665e+01
  -2.2017389e+01   1.2331079e+01   4.0867588e+01  -1.1181530e+01
  -2.2017389e+01   1.2331079e+01   4.0867588e+01  -1.1181530e+01
  -2.1733355e+01   1.2072056e+01   4.1169058e+01  -1.1245293e+01
  -2.1631580e+01   1.2068268e+01   4.1041858e+01  -1.1204040e+01
  -2.1641814e+01   1.1954499e+01   4.1155936e+01  -1.1264981e+01
  -2.1707050e+01   1.2370682e+01   4.1100529e+01  -1.1515210e+01
  -2.1602616e+01   1.2780739e+01   4.0921012e+01  -1.1330357e+01
  -2.1602616e+01   1.2780739e+01   4.0921012e+01  -1.1330357e+01
  -2.1602616e+01   1.2780739e+01   4.0921012e+01  -1.1330357e+01
  -2.1750834e+01   1.2887260e+01   4.0702798e+01  -1.1381199e+01
  -2.1750834e+01   1.2887260e+01   4.0702798e+01  -1.1381199e+01
  -2.1750834e+01   1.2887260e+01   4.0702798e+01  -1.1381199e+01
  -2.1408123e+01   1.2882261e+01   4.0615905e+01  -1.1120574e+01
  -2.1534854e+01   1.2991249e+01   4.0769473e+01  -1.1392648e+01
  -2.1534854e+01   1.2991249e+01   4.0769473e+01  -1.1392648e+01
  -2.1624183e+01   1.2767924e+01   4.0644711e+01  -1.1738848e+01
  -2.1710428e+01   1.2858516e+01   4.0561168e+01  -1.1687334e+01
  -2.1710428e+01   1.2858516e+01   4.0561168e+01  -1.1687334e+01
  -2.1756987e+01   1.2737093e+01   4.0290705e+01  -1.1569729e+01
  -4.4311489e+00   1.9808482e+01   3.0551667e+01   9.6985960e+00
  -4.9981572e+00   2.0049283e+01   3.0045306e+01   1.0042030e+01
  -4.9981572e+00   2.0049283e+01   3.0045306e+01   1.0042030e+01
  -4.9981572e+00   2.0049283e+01   3.0045306e+01   1.0042030e+01
  -4.9874460e+00   1.9996940e+01   2.9985460e+01   1.0015661e+01
  -4.9874460e+00   1.9996940e+01   2.9985460e+01   1.0015661e+01
  -4.9874460e+00   1.9996940e+01   2.9985460e+01   1.0015661e+01
  -4.9874460e+00   1.9996940e+01   2.9985460e+01   1.0015661e+01
  -4.9874460e+00   1.9996940e+01   2.9985460e+01   1.0015661e+01
  -4.9874460e+00   1.9996940e+01   2.9985460e+01   1.0015661e+01
  -4.9874460e+00   1.9996940e+01   2.9985460e+01   1.0015661e+01
  -4.9874460e+00   1.9996940e+01   2.9985460e+01   1.0015661e+01
  -4.9874460e+00   1.9996940e+01   2.9985460e+01   1.0015661e+01
  -4.9874460e+00   1.9996940e+01   2.9985460e+01   1.0015661e+01
  -5.0051579e+00   2.0020607e+01   3.0000806e+01   1.0014272e+01
  -5.0051579e+00   2.0020607e+01   3.0000806e+01   1.0014272e+01
  -5.0051579e+00   2.0020607e+01   3.0000806e+01   1.0014272e+01
  -5.0051579e+00   2.0020607e+01   3.0000806e+01   1.0014272e+01
  -5.0051579e+00   2.0020607e+01   3.0000806e+01   1.0014272e+01
  -5.0051579e+00   2.0020607e+01   3.0000806e+01   1.0014272e+01
  -5.0051579e+00   2.0020607e+01   3.0000806e+01   1.0014272e+01
  -5.0051579e+00   2.0020607e+01   3.0000806e+01   1.0014272e+01
  -5.0051579e+00   2.0020607e+01   3.0000806e+01   1.0014272e+01
  -4.9776302e+00   1.9994837e+01   2.9971449e+01   9.9829436e+00
  -4.9981491e+00   2.0004561e+01   2.9996122e+01   1.0056285e+01
  -5.0315662e+00   2.0002373e+01   3.0013435e+01   9.9726243e+00
  -5.0223160e+00   1.9974095e+01   2.9966181e+01   9.9755690e+00
  -5.0156262e+00   1.9981432e+01   2.9968978e+01   1.0021751e+01
  -5.0156262e+00   1.9981432e+01   2.9968978e+01   1.0021751e+01
  -5.0449557e+00   1.9991787e+01   3.0004074e+01   9.9749685e+00
  -5.0086951e+00   2.0002233e+01   3.0031570e+01   9.9995988e+00
  -5.0086951e+00   2.0002233e+01   3.0031570e+01   9.9995988e+00
  -4.9710050e+00   2.0010715e+01   3.0065664e+01   1.0039742e+01
  -4.9710050e+00   2.0010715e+01   3.0065664e+01   1.0039742e+01
  -4.9710050e+00   2.0010715e+01   3.0065664e+01   1.0039742e+01
  -4.9710050e+00   2.0010715e+01   3.0065664e+01   1.0039742e+01
  -4.9467478e+00   1.9973273e+01   3.0044491e+01   1.0003556e+01
  -4.9467478e+00   1.9973273e+01   3.0044491e+01   1.0003556e+01
  -4.9467478e+00   1.9973273e+01   3.0044491e+01   1.0003556e+01
  -4.9467478e+00   1.9973273e+01   3.0044491e+01   1.0003556e+01
  -4.9467478e+00   1.9973273e+01   3.0044491e+01   1.0003556e+01
  -4.9467478e+00   1.9973273e+01   3.0044491e+01   1.0003556e+01
  -4.9467478e+00   1.9973273e+01   3.0044491e+01   1.0003556e+01
  -5.0185589e+00   1.9987503e+01   2.9953273e+01   1.0018063e+01
  -5.0185589e+00   1.9987503e+01   2.9953273e+01   1.0018063e+01
  -5.0294145e+00   1.9987633e+01   2.9955200e+01   1.0035866e+01
  -5.0294145e+00   1.9987633e+01   2.9955200e+01   1.0035866e+01
  -4.9958695e+00   1.9983849e+01   2.9983257e+01   1.0024039e+01
  -4.9958695e+00   1.9983849e+01   2.9983257e+01   1.0024039e+01
  -4.9958695e+00   1.9983849e+01   2.9983257e+01   1.0024039e+01
  -4.9958695e+00   1.9983849e+01   2.9983257e+01   1.0024039e+01
