  -7.4153667e+00   4.2870619e+01   3.4692969e+01   2.9588698e+01
  -7.0718260e+00   4.2815798e+01   3.4553417e+01   2.9585292e+01
  -7.0718260e+00   4.2815798e+01   3.4553417e+01   2.9585292e+01
  -7.3295923e+00   4.2698854e+01   3.4310706e+01   2.9181859e+01
  -7.5095609e+00   4.2791208e+01   3.3890894e+01   2.9186290e+01
  -7.8322213e+00   4.2850159e+01   3.4225606e+01   2.8890696e+01
  -7.8839677e+00   4.2785398e+01   3.3802792e+01   2.8791058e+01
  -7.9847655e+00   4.2758453e+01   3.3655365e+01   2.8533827e+01
  -7.9847655e+00   4.2758453e+01   3.3655365e+01   2.8533827e+01
  -7.9847655e+00   4.2758453e+01   3.3655365e+01   2.8533827e+01
  -7.9847655e+00   4.2758453e+01   3.3655365e+01   2.8533827e+01
  -7.7884887e+00   4.2427580e+01   3.3973578e+01   2.8322355e+01
  -7.7884887e+00   4.2427580e+01   3.3973578e+01   2.8322355e+01
  -7.7884887e+00   4.2427580e+01   3.3973578e+01   2.8322355e+01
  -7.7884887e+00   4.2427580e+01   3.3973578e+01   2.8322355e+01
  -7.8514906e+00   4.2494264e+01   3.4228384e+01   2.8237650e+01
  -8.1758710e+00   4.2388778e+01   3.4158228e+01   2.8205627e+01
  -8.1758710e+00   4.2388778e+01   3.4158228e+01   2.8205627e+01
  -8.1758710e+00   4.2388778e+01   3.4158228e+01   2.8205627e+01
  -8.3402654e+00   4.2600022e+01   3.4335193e+01   2.8249019e+01
  -8.6993347e+00   4.2514653e+01   3.4363631e+01   2.8195648e+01
  -8.3197465e+00   4.2188199e+01   3.4298491e+01   2.8291406e+01
  -8.3197465e+00   4.2188199e+01   3.4298491e+01   2.8291406e+01
  -8.2441626e+00   4.2044816e+01   3.4023337e+01   2.8402752e+01
  -8.2441626e+00   4.2044816e+01   3.4023337e+01   2.8402752e+01
  -8.3851390e+00   4.1941840e+01   3.3986221e+01   2.8528874e+01
  -8.3851390e+00   4.1941840e+01   3.3986221e+01   2.8528874e+01
  -8.3851390e+00   4.1941840e+01   3.3986221e+01   2.8528874e+01
  -8.3600605e+00   4.1926956e+01   3.4169714e+01   2.8493732e+01
  -8.4653894e+00   4.1973210e+01   3.3965534e+01   2.8263650e+01
  -8.4115820e+00   4.1974881e+01   3.3959644e+01   2.8168225e+01
  -8.1688012e+00   4.1893152e+01   3.3861946e+01   2.8192403e+01
  -8.1688012e+00   4.1893152e+01   3.3861946e+01   2.8192403e+01
  -8.0902034e+00   4.1947505e+01   3.3437947e+01   2.8546664e+01
  -8.0902034e+00   4.1947505e+01   3.3437947e+01   2.8546664e+01
  -8.2760185e+00   4.1960527e+01   3.3309036e+01   2.8608126e+01
  -8.2760185e+00   4.1960527e+01   3.3309036e+01   2.8608126e+01
  -8.2760185e+00   4.1960527e+01   3.3309036e+01   2.8608126e+01
  -8.2760185e+00   4.1960527e+01   3.3309036e+01   2.8608126e+01
  -8.2453961e+00   4.2025898e+01   3.3066262e+01   2.8606639e+01
  -8.2453961e+00   4.2025898e+01   3.3066262e+01   2.8606639e+01
  -8.0234047e+00   4.2304958e+01   3.3305369e+01   2.8515670e+01
  -7.9125837e+00   4.2225317e+01   3.2975679e+01   2.8462224e+01
  -7.9981962e+00   4.1907259e+01   3.3220657e+01   2.8390279e+01
  -7.9981962e+00   4.1907259e+01   3.3220657e+01   2.8390279e+01
  -7.9981962e+00   4.1907259e+01   3.3220657e+01   2.8390279e+01
  -8.1850232e+00   4.1628844e+01   3.3028484e+01   2.8589718e+01
  -8.1850232e+00   4.1628844e+01   3.3028484e+01   2.8589718e+01
  -8.1850232e+00   4.1628844e+01   3.3028484e+01   2.8589718e+01
  -4.7109005e+00   1.9620046e+01   1.0794217e+01   9.3248575e+00
  -4.9615548e+00   1.9984698e+01   1.0073722e+01   9.8967544e+00
  -4.9166476e+00   2.0045650e+01   9.9973979e+00   1.0021878e+01
  -4.9687277e+00   2.0011091e+01   1.0002215e+01   9.9928654e+00
  -4.9687277e+00   2.0011091e+01   1.0002215e+01   9.9928654e+00
  -4.9687277e+00   2.0011091e+01   1.0002215e+01   9.9928654e+00
  -5.0061834e+00   1.9982928e+01   9.9826704e+00   1.0043489e+01
  -4.9806559e+00   2.0028995e+01   1.0012529e+01   9.9804346e+00
  -4.9692213e+00   2.0004929e+01   1.0029461e+01   1.0041578e+01
  -4.9462208e+00   2.0019856e+01   1.0016547e+01   9.9664324e+00
  -4.9826901e+00   2.0030378e+01   1.0001239e+01   9.9816925e+00
  -4.9826901e+00   2.0030378e+01   1.0001239e+01   9.9816925e+00
  -5.0042822e+00   1.9976589e+01   1.0025953e+01   1.0027648e+01
  -5.0163621e+00   1.9958848e+01   9.9716646e+00   9.9372956e+00
  -5.0163621e+00   1.9958848e+01   9.9716646e+00   9.9372956e+00
  -4.9655791e+00   1.9953917e+01   1.0028332e+01   9.9973734e+00
  -5.0057484e+00   2.0026057e+01   1.0044842e+01   9.9857249e+00
  -5.0209657e+00   2.0015657e+01   1.0005311e+01   9.9948217e+00
  -5.0209657e+00   2.0015657e+01   1.0005311e+01   9.9948217e+00
  -5.0077328e+00   1.9989587e+01   9.9933700e+00   9.9415173e+00
  -4.9563545e+00   1.9998027e+01   1.0041138e+01   1.0012572e+01
  -4.9563545e+00   1.9998027e+01   1.0041138e+01   1.0012572e+01
  -5.0049057e+00   2.0003508e+01   1.0011358e+01   9.9883564e+00
  -5.0455150e+00   1.9973410e+01   1.0004279e+01   9.9684017e+00
  -5.0216733e+00   2.0019024e+01   1.0028196e+01   1.0007595e+01
  -5.0216733e+00   2.0019024e+01   1.0028196e+01   1.0007595e+01
  -5.0494735e+00   1.9987052e+01   1.0012429e+01   9.9710873e+00
  -5.0575997e+00   2.0017577e+01   1.0016123e+01   9.9696471e+00
  -4.9797213e+00   2.0014001e+01   1.0004029e+01   1.0038128e+01
  -4.9709070e+00   1.9999985e+01   1.0025416e+01   9.9901214e+00
  -4.9554306e+00   2.0018720e+01   1.0034568e+01   1.0049840e+01
  -4.9554306e+00   2.0018720e+01   1.0034568e+01   1.0049840e+01
  -4.9554306e+00   2.0018720e+01   1.0034568e+01   1.0049840e+01
  -4.9554306e+00   2.0018720e+01   1.0034568e+01   1.0049840e+01
  -4.9554306e+00   2.0018720e+01   1.0034568e+01   1.0049840e+01
  -4.9027520e+00   1.9937820e+01   1.0163450e+01   9.9505590e+00
  -4.9027520e+00   1.9937820e+01   1.0163450e+01   9.9505590e+00
  -4.9027520e+00   1.9937820e+01   1.0163450e+01   9.9505590e+00
  -4.9027520e+00   1.9937820e+01   1.0163450e+01   9.9505590e+00
  -4.9678486e+00   1.9968072e+01   1.0050730e+01   1.0063599e+01
  -4.9702815e+00   1.9969047e+01   1.0075145e+01   1.0073620e+01
  -4.9702815e+00   1.9969047e+01   1.0075145e+01   1.0073620e+01
  -4.9702815e+00   1.9969047e+01   1.0075145e+01   1.0073620e+01
  -4.9702815e+00   1.9969047e+01   1.0075145e+01   1.0073620e+01
  -4.9702815e+00   1.9969047e+01   1.0075145e+01   1.0073620e+01
  -4.9702815e+00   1.9969047e+01   1.0075145e+01   1.0073620e+01
  -4.9702815e+00   1.9969047e+01   1.0075145e+01   1.0073620e+01
  -4.9702815e+00   1.9969047e+01   1.0075145e+01   1.0073620e+01
  -4.9702815e+00   1.9969047e+01   1.0075145e+01   1.0073620e+01
  -4.9702815e+00   1.9969047e+01   1.0075145e+01   1.0073620e+01
  -4.9702815e+00   1.9969047e+01   1.0075145e+01   1.0073620e+01
