   4.2126704e+00  -5.2948894e+00   4.6808055e+01  -9.8522237e+00
   4.2126704e+00  -5.2948894e+00   4.6808055e+01  -9.8522237e+00
   4.2126704e+00  -5.2948894e+00   4.6808055e+01  -9.8522237e+00
   4.2126704e+00  -5.2948894e+00   4.6808055e+01  -9.8522237e+00
   3.9714587e+00  -4.9871116e+00   4.7065758e+01  -9.9116568e+00
   3.9859278e+00  -4.9445467e+00   4.6668001e+01  -1.0083779e+01
   3.8646263e+00  -4.4503034e+00   4.6340509e+01  -1.0038737e+01
   4.1954041e+00  -4.4515197e+00   4.6095309e+01  -1.0059557e+01
   4.0852691e+00  -4.6755373e+00   4.5898122e+01  -1.0236669e+01
   4.3857455e+00  -4.5468878e+00   4.5514845e+01  -1.0091263e+01
   4.3857455e+00  -4.5468878e+00   4.5514845e+01  -1.0091263e+01
   4.2268099e+00  -4.6822540e+00   4.5773507e+01  -9.6103202e+00
   4.3529534e+00  -4.7602006e+00   4.5609146e+01  -9.7383960e+00
   4.3390212e+00  -4.7994099e+00   4.5765614e+01  -9.7399452e+00
   4.3390212e+00  -4.7994099e+00   4.5765614e+01  -9.7399452e+00
   4.3931071e+00  -4.8045310e+00   4.5786341e+01  -9.6740873e+00
   4.3932394e+00  -4.6328398e+00   4.5653941e+01  -9.6563205e+00
   4.3932394e+00  -4.6328398e+00   4.5653941e+01  -9.6563205e+00
   4.3932394e+00  -4.6328398e+00   4.5653941e+01  -9.6563205e+00
   4.3997511e+00  -4.5638394e+00   4.5757521e+01  -9.4712200e+00
   4.3997511e+00  -4.5638394e+00   4.5757521e+01  -9.4712200e+00
   4.3997511e+00  -4.5638394e+00   4.5757521e+01  -9.4712200e+00
   4.2503010e+00  -4.3013956e+00   4.5900792e+01  -8.9855902e+00
   3.9910211e+00  -4.3586481e+00   4.5764338e+01  -9.3367046e+00
   3.9910211e+00  -4.3586481e+00   4.5764338e+01  -9.3367046e+00
   3.9910211e+00  -4.3586481e+00   4.5764338e+01  -9.3367046e+00
   3.9910211e+00  -4.3586481e+00   4.5764338e+01  -9.3367046e+00
   3.9910211e+00  -4.3586481e+00   4.5764338e+01  -9.3367046e+00
   4.1130873e+00  -4.2939619e+00   4.5718861e+01  -9.2148026e+00
   4.0895946e+00  -4.3501723e+00   4.5698839e+01  -9.3538271e+00
   3.5209032e+00  -4.3367314e+00   4.5388946e+01  -9.0795307e+00
   3.7513489e+00  -4.0629735e+00   4.5063200e+01  -8.9444430e+00
   3.7928515e+00  -3.9395602e+00   4.5050072e+01  -9.1062081e+00
   3.7928515e+00  -3.9395602e+00   4.5050072e+01  -9.1062081e+00
   3.7928515e+00  -3.9395602e+00   4.5050072e+01  -9.1062081e+00
   3.8960861e+00  -3.5417573e+00   4.5209248e+01  -8.8662278e+00
   3.9757028e+00  -3.2755606e+00   4.4977699e+01  -8.8254342e+00
   4.0121981e+00  -3.1162705e+00   4.4847650e+01  -9.0124390e+00
   4.0121981e+00  -3.1162705e+00   4.4847650e+01  -9.0124390e+00
   4.0121981e+00  -3.1162705e+00   4.4847650e+01  -9.0124390e+00
   3.8242484e+00  -2.9380203e+00   4.4868909e+01  -8.9420008e+00
   3.8242484e+00  -2.9380203e+00   4.4868909e+01  -8.9420008e+00
   3.8242484e+00  -2.9380203e+00   4.4868909e+01  -8.9420008e+00
   3.8242484e+00  -2.9380203e+00   4.4868909e+01  -8.9420008e+00
   3.7849032e+00  -2.8967840e+00   4.4384941e+01  -8.7099323e+00
   3.5586397e+00  -3.0231874e+00   4.4349873e+01  -8.6828488e+00
   3.3401830e+00  -3.0261848e+00   4.4455146e+01  -8.5717121e+00
   3.3401830e+00  -3.0261848e+00   4.4455146e+01  -8.5717121e+00
   3.3401830e+00  -3.0261848e+00   4.4455146e+01  -8.5717121e+00
  -4.7789341e+00   1.9161994e+01   2.9025056e+01   1.1573692e+01
  -4.7789341e+00   1.9161994e+01   2.9025056e+01   1.1573692e+01
  -4.9113593e+00   1.9922141e+01   2.9837284e+01   1.0069572e+01
  -4.9742164e+00   1.9929483e+01   2.9937374e+01   1.0043178e+01
  -5.0191520e+00   2.0008290e+01   3.0006395e+01   9.9501310e+00
  -5.0191520e+00   2.0008290e+01   3.0006395e+01   9.9501310e+00
  -5.0001671e+00   1.9985565e+01   2.9995244e+01   1.0026462e+01
  -5.0239967e+00   1.9970659e+01   2.9957001e+01   9.9802237e+00
  -5.0239967e+00   1.9970659e+01   2.9957001e+01   9.9802237e+00
  -5.0410811e+00   2.0000396e+01   3.0014132e+01   9.9961406e+00
  -5.0049010e+00   1.9989725e+01   3.0013667e+01   1.0031299e+01
  -4.9956617e+00   2.0009302e+01   3.0012765e+01   1.0020201e+01
  -4.9956617e+00   2.0009302e+01   3.0012765e+01   1.0020201e+01
  -4.9956617e+00   2.0009302e+01   3.0012765e+01   1.0020201e+01
  -5.0347824e+00   1.9989455e+01   3.0006467e+01   9.9761391e+00
  -4.9891259e+00   1.9971106e+01   2.9974809e+01   9.9829979e+00
  -4.9891259e+00   1.9971106e+01   2.9974809e+01   9.9829979e+00
  -4.9891259e+00   1.9971106e+01   2.9974809e+01   9.9829979e+00
  -5.0360336e+00   1.9984306e+01   2.9998692e+01   1.0009761e+01
  -5.0226504e+00   2.0011704e+01   3.0009555e+01   1.0029691e+01
  -4.9976027e+00   1.9991404e+01   2.9989011e+01   1.0006501e+01
  -5.0062239e+00   1.9963834e+01   2.9972591e+01   9.9631005e+00
  -5.0062239e+00   1.9963834e+01   2.9972591e+01   9.9631005e+00
  -4.9921931e+00   1.9987806e+01   2.9983849e+01   9.9689700e+00
  -5.0147560e+00   1.9983711e+01   2.9996865e+01   9.9846945e+00
  -4.9894941e+00   1.9994639e+01   3.0014953e+01   1.0037070e+01
  -4.9894941e+00   1.9994639e+01   3.0014953e+01   1.0037070e+01
  -4.9813877e+00   1.9999926e+01   2.9989321e+01   1.0011477e+01
  -5.0000357e+00   1.9986401e+01   2.9995843e+01   1.0018717e+01
  -5.0439243e+00   2.0005320e+01   3.0024869e+01   9.9868774e+00
  -5.0439243e+00   2.0005320e+01   3.0024869e+01   9.9868774e+00
  -5.0439243e+00   2.0005320e+01   3.0024869e+01   9.9868774e+00
  -5.0439243e+00   2.0005320e+01   3.0024869e+01   9.9868774e+00
  -5.0439243e+00   2.0005320e+01   3.0024869e+01   9.9868774e+00
  -5.0439243e+00   2.0005320e+01   3.0024869e+01   9.9868774e+00
  -5.0439243e+00   2.0005320e+01   3.0024869e+01   9.9868774e+00
  -5.0439243e+00   2.0005320e+01   3.0024869e+01   9.9868774e+00
  -5.0439243e+00   2.0005320e+01   3.0024869e+01   9.9868774e+00
  -5.0439243e+00   2.0005320e+01   3.0024869e+01   9.9868774e+00
  -5.0439243e+00   2.0005320e+01   3.0024869e+01   9.9868774e+00
  -5.0439243e+00   2.0005320e+01   3.0024869e+01   9.9868774e+00
  -5.0439243e+00   2.0005320e+01   3.0024869e+01   9.9868774e+00
  -5.0439243e+00   2.0005320e+01   3.0024869e+01   9.9868774e+00
  -5.0439243e+00   2.0005320e+01   3.0024869e+01   9.9868774e+00
  -5.0439243e+00   2.0005320e+01   3.0024869e+01   9.9868774e+00
  -5.0439243e+00   2.0005320e+01   3.0024869e+01   9.9868774e+00
  -5.0439243e+00   2.0005320e+01   3.0024869e+01   9.9868774e+00
  -5.0441846e+00   1.9930313e+01   2.9951589e+01   1.0105777e+01
  -5.0441846e+00   1.9930313e+01   2.9951589e+01   1.0105777e+01
  -5.0441846e+00   1.9930313e+01   2.9951589e+01   1.0105777e+01
  -5.0441846e+00   1.9930313e+01   2.9951589e+01   1.0105777e+01
