   2.4399750e+01   4.4745930e+01   4.8426681e+01  -2.4458166e+01
   2.3981275e+01   4.4825373e+01   4.8272827e+01  -2.4409108e+01
   2.3669348e+01   4.4815724e+01   4.8142593e+01  -2.4610541e+01
   2.3669348e+01   4.4815724e+01   4.8142593e+01  -2.4610541e+01
   2.3666376e+01   4.4817160e+01   4.7781033e+01  -2.4699254e+01
   2.3666376e+01   4.4817160e+01   4.7781033e+01  -2.4699254e+01
   2.3620041e+01   4.4619503e+01   4.7723513e+01  -2.4612440e+01
   2.3620041e+01   4.4619503e+01   4.7723513e+01  -2.4612440e+01
   2.3620041e+01   4.4619503e+01   4.7723513e+01  -2.4612440e+01
   2.3620041e+01   4.4619503e+01   4.7723513e+01  -2.4612440e+01
   2.3733393e+01   4.4826236e+01   4.7430815e+01  -2.4369752e+01
   2.3331880e+01   4.4906231e+01   4.7295516e+01  -2.4249384e+01
   2.3281111e+01   4.4784292e+01   4.7185003e+01  -2.4107293e+01
   2.3154615e+01   4.4907197e+01   4.7302481e+01  -2.4074833e+01
   2.3154615e+01   4.4907197e+01   4.7302481e+01  -2.4074833e+01
   2.3154615e+01   4.4907197e+01   4.7302481e+01  -2.4074833e+01
   2.3154615e+01   4.4907197e+01   4.7302481e+01  -2.4074833e+01
   2.3154615e+01   4.4907197e+01   4.7302481e+01  -2.4074833e+01
   2.2921004e+01   4.4760749e+01   4.6823059e+01  -2.4207256e+01
   2.2371861e+01   4.4614375e+01   4.6866434e+01  -2.4088634e+01
   2.2581461e+01   4.4686022e+01   4.6868873e+01  -2.4370460e+01
   2.2462253e+01   4.4413849e+01   4.6991387e+01  -2.4274483e+01
   2.2462253e+01   4.4413849e+01   4.6991387e+01  -2.4274483e+01
   2.2462253e+01   4.4413849e+01   4.6991387e+01  -2.4274483e+01
   2.2431472e+01   4.4603728e+01   4.7049737e+01  -2.4350773e+01
   2.2376231e+01   4.4403242e+01   4.6792974e+01  -2.4272427e+01
   2.2795836e+01   4.4311085e+01   4.6971991e+01  -2.4030366e+01
   2.2795836e+01   4.4311085e+01   4.6971991e+01  -2.4030366e+01
   2.2795836e+01   4.4311085e+01   4.6971991e+01  -2.4030366e+01
   2.2795836e+01   4.4311085e+01   4.6971991e+01  -2.4030366e+01
   2.2795836e+01   4.4311085e+01   4.6971991e+01  -2.4030366e+01
   2.2795836e+01   4.4311085e+01   4.6971991e+01  -2.4030366e+01
   2.2795836e+01   4.4311085e+01   4.6971991e+01  -2.4030366e+01
   2.2954466e+01   4.4348407e+01   4.7297790e+01  -2.3636099e+01
   2.2954466e+01   4.4348407e+01   4.7297790e+01  -2.3636099e+01
   2.3107541e+01   4.4184401e+01   4.7149227e+01  -2.3854806e+01
   2.3107541e+01   4.4184401e+01   4.7149227e+01  -2.3854806e+01
   2.3325444e+01   4.4099406e+01   4.7128183e+01  -2.3755910e+01
   2.3699284e+01   4.3815196e+01   4.7022562e+01  -2.3630704e+01
   2.3699284e+01   4.3815196e+01   4.7022562e+01  -2.3630704e+01
   2.3699284e+01   4.3815196e+01   4.7022562e+01  -2.3630704e+01
   2.3734012e+01   4.4105384e+01   4.6763452e+01  -2.3601249e+01
   2.3734012e+01   4.4105384e+01   4.6763452e+01  -2.3601249e+01
   2.3632430e+01   4.3847429e+01   4.6610820e+01  -2.3531016e+01
   2.3632430e+01   4.3847429e+01   4.6610820e+01  -2.3531016e+01
   2.3632430e+01   4.3847429e+01   4.6610820e+01  -2.3531016e+01
   2.3632430e+01   4.3847429e+01   4.6610820e+01  -2.3531016e+01
   2.3632430e+01   4.3847429e+01   4.6610820e+01  -2.3531016e+01
   2.3632430e+01   4.3847429e+01   4.6610820e+01  -2.3531016e+01
  -3.4788854e+00   1.7635864e+01   1.1055941e+01   9.5737870e+00
  -3.4788854e+00   1.7635864e+01   1.1055941e+01   9.5737870e+00
  -5.0254532e+00   1.9652975e+01   1.0068881e+01   1.0027792e+01
  -5.0254532e+00   1.9652975e+01   1.0068881e+01   1.0027792e+01
  -5.3567717e+00   2.0098384e+01   1.0308164e+01   9.9053210e+00
  -5.3567717e+00   2.0098384e+01   1.0308164e+01   9.9053210e+00
  -5.3567717e+00   2.0098384e+01   1.0308164e+01   9.9053210e+00
  -5.3567717e+00   2.0098384e+01   1.0308164e+01   9.9053210e+00
  -5.1193347e+00   1.9964499e+01   1.0001718e+01   9.9437906e+00
  -5.1193347e+00   1.9964499e+01   1.0001718e+01   9.9437906e+00
  -5.1193347e+00   1.9964499e+01   1.0001718e+01   9.9437906e+00
  -5.1193347e+00   1.9964499e+01   1.0001718e+01   9.9437906e+00
  -5.1193347e+00   1.9964499e+01   1.0001718e+01   9.9437906e+00
  -5.1193347e+00   1.9964499e+01   1.0001718e+01   9.9437906e+00
  -5.1193347e+00   1.9964499e+01   1.0001718e+01   9.9437906e+00
  -5.1193347e+00   1.9964499e+01   1.0001718e+01   9.9437906e+00
  -5.1193347e+00   1.9964499e+01   1.0001718e+01   9.9437906e+00
  -4.9796665e+00   1.9947475e+01   9.8704582e+00   1.0012769e+01
  -4.9796665e+00   1.9947475e+01   9.8704582e+00   1.0012769e+01
  -4.9796665e+00   1.9947475e+01   9.8704582e+00   1.0012769e+01
  -4.9796665e+00   1.9947475e+01   9.8704582e+00   1.0012769e+01
  -4.9796665e+00   1.9947475e+01   9.8704582e+00   1.0012769e+01
  -4.9796665e+00   1.9947475e+01   9.8704582e+00   1.0012769e+01
  -4.9796665e+00   1.9947475e+01   9.8704582e+00   1.0012769e+01
  -4.9796665e+00   1.9947475e+01   9.8704582e+00   1.0012769e+01
  -5.0452490e+00   2.0009408e+01   9.9511238e+00   1.0005986e+01
  -5.0452490e+00   2.0009408e+01   9.9511238e+00   1.0005986e+01
  -5.0452490e+00   2.0009408e+01   9.9511238e+00   1.0005986e+01
  -5.0273251e+00   1.9961845e+01   9.9938971e+00   1.0043806e+01
  -5.0273251e+00   1.9961845e+01   9.9938971e+00   1.0043806e+01
  -5.0273251e+00   1.9961845e+01   9.9938971e+00   1.0043806e+01
  -5.0273251e+00   1.9961845e+01   9.9938971e+00   1.0043806e+01
  -5.0273251e+00   1.9961845e+01   9.9938971e+00   1.0043806e+01
  -5.0273251e+00   1.9961845e+01   9.9938971e+00   1.0043806e+01
  -5.0273251e+00   1.9961845e+01   9.9938971e+00   1.0043806e+01
  -5.0273251e+00   1.9961845e+01   9.9938971e+00   1.0043806e+01
  -5.0273251e+00   1.9961845e+01   9.9938971e+00   1.0043806e+01
  -5.0273251e+00   1.9961845e+01   9.9938971e+00   1.0043806e+01
  -5.0273251e+00   1.9961845e+01   9.9938971e+00   1.0043806e+01
  -5.0273251e+00   1.9961845e+01   9.9938971e+00   1.0043806e+01
  -5.0273251e+00   1.9961845e+01   9.9938971e+00   1.0043806e+01
  -5.0273251e+00   1.9961845e+01   9.9938971e+00   1.0043806e+01
  -5.0273251e+00   1.9961845e+01   9.9938971e+00   1.0043806e+01
  -5.0273251e+00   1.9961845e+01   9.9938971e+00   1.0043806e+01
  -5.0273251e+00   1.9961845e+01   9.9938971e+00   1.0043806e+01
  -5.0273251e+00   1.9961845e+01   9.9938971e+00   1.0043806e+01
  -5.0273251e+00   1.9961845e+01   9.9938971e+00   1.0043806e+01
  -5.0273251e+00   1.9961845e+01   9.9938971e+00   1.0043806e+01
  -5.0026436e+00   1.9960618e+01   1.0113968e+01   9.9619908e+00
  -5.0026436e+00   1.9960618e+01   1.0113968e+01   9.9619908e+00
  -5.0026436e+00   1.9960618e+01   1.0113968e+01   9.9619908e+00
