  -2.1648871e+01   2.7717921e+01   1.5909617e+01   4.3164030e+01
  -2.1438772e+01   2.7797934e+01   1.6048400e+01   4.3359545e+01
  -2.1198490e+01   2.7887053e+01   1.5943067e+01   4.3304352e+01
  -2.1198490e+01   2.7887053e+01   1.5943067e+01   4.3304352e+01
  -2.1073860e+01   2.7809722e+01   1.5876500e+01   4.3206251e+01
  -2.1073860e+01   2.7809722e+01   1.5876500e+01   4.3206251e+01
  -2.0826758e+01   2.7868275e+01   1.6337917e+01   4.3181494e+01
  -2.1206400e+01   2.7703118e+01   1.6090236e+01   4.3329237e+01
  -2.1277024e+01   2.7505155e+01   1.6277597e+01   4.3209501e+01
  -2.0981738e+01   2.7348245e+01   1.6248205e+01   4.3226739e+01
  -2.0981738e+01   2.7348245e+01   1.6248205e+01   4.3226739e+01
  -2.1239235e+01   2.7178400e+01   1.6168229e+01   4.3305212e+01
  -2.1239235e+01   2.7178400e+01   1.6168229e+01   4.3305212e+01
  -2.1239235e+01   2.7178400e+01   1.6168229e+01   4.3305212e+01
  -2.1016690e+01   2.7205553e+01   1.6335612e+01   4.3339763e+01
  -2.1264449e+01   2.6966644e+01   1.6657193e+01   4.3477491e+01
  -2.1304388e+01   2.6680250e+01   1.6865605e+01   4.3599128e+01
  -2.1304388e+01   2.6680250e+01   1.6865605e+01   4.3599128e+01
  -2.1190192e+01   2.6499922e+01   1.6771781e+01   4.3334756e+01
  -2.1190192e+01   2.6499922e+01   1.6771781e+01   4.3334756e+01
  -2.1324374e+01   2.6470254e+01   1.6824450e+01   4.3163165e+01
  -2.1529445e+01   2.6626132e+01   1.7008673e+01   4.2915382e+01
  -2.1763761e+01   2.6363500e+01   1.7133721e+01   4.2612629e+01
  -2.1763761e+01   2.6363500e+01   1.7133721e+01   4.2612629e+01
  -2.1785731e+01   2.6148218e+01   1.7213412e+01   4.2437363e+01
  -2.1785731e+01   2.6148218e+01   1.7213412e+01   4.2437363e+01
  -2.1582739e+01   2.6076955e+01   1.7661375e+01   4.2608959e+01
  -2.1179711e+01   2.5956030e+01   1.7637643e+01   4.2724921e+01
  -2.1112623e+01   2.6237300e+01   1.7926132e+01   4.2691398e+01
  -2.1112623e+01   2.6237300e+01   1.7926132e+01   4.2691398e+01
  -2.1112623e+01   2.6237300e+01   1.7926132e+01   4.2691398e+01
  -2.1178031e+01   2.6342725e+01   1.8248499e+01   4.2045318e+01
  -2.1178031e+01   2.6342725e+01   1.8248499e+01   4.2045318e+01
  -2.0976367e+01   2.6210777e+01   1.8101750e+01   4.1681056e+01
  -2.0976367e+01   2.6210777e+01   1.8101750e+01   4.1681056e+01
  -2.1103193e+01   2.6240959e+01   1.8122662e+01   4.1517681e+01
  -2.1099952e+01   2.6097560e+01   1.8308864e+01   4.1472620e+01
  -2.1030892e+01   2.5867374e+01   1.8179067e+01   4.1412598e+01
  -2.1032541e+01   2.6346045e+01   1.8012358e+01   4.1081052e+01
  -2.0959664e+01   2.6464075e+01   1.8202293e+01   4.1197990e+01
  -2.0959664e+01   2.6464075e+01   1.8202293e+01   4.1197990e+01
  -2.0701253e+01   2.6273799e+01   1.8189421e+01   4.1443093e+01
  -2.0701253e+01   2.6273799e+01   1.8189421e+01   4.1443093e+01
  -2.0702113e+01   2.6035900e+01   1.8106394e+01   4.1060526e+01
  -2.0921948e+01   2.6113069e+01   1.8145978e+01   4.0648644e+01
  -2.0921948e+01   2.6113069e+01   1.8145978e+01   4.0648644e+01
  -2.0790506e+01   2.5985947e+01   1.8129287e+01   4.0421277e+01
  -2.0552913e+01   2.6004672e+01   1.8508173e+01   4.0596795e+01
  -2.0552913e+01   2.6004672e+01   1.8508173e+01   4.0596795e+01
  -4.5642228e+00   1.0121787e+01   3.0191158e+01   1.9701563e+01
  -5.0115783e+00   9.9871222e+00   2.9977162e+01   1.9942151e+01
  -5.0228478e+00   9.9751411e+00   3.0012250e+01   1.9984931e+01
  -5.0131489e+00   9.9566380e+00   3.0019496e+01   2.0021735e+01
  -5.0131489e+00   9.9566380e+00   3.0019496e+01   2.0021735e+01
  -5.0094041e+00   1.0008302e+01   3.0014044e+01   2.0009853e+01
  -5.0094041e+00   1.0008302e+01   3.0014044e+01   2.0009853e+01
  -5.0094041e+00   1.0008302e+01   3.0014044e+01   2.0009853e+01
  -5.0094041e+00   1.0008302e+01   3.0014044e+01   2.0009853e+01
  -5.0094041e+00   1.0008302e+01   3.0014044e+01   2.0009853e+01
  -4.9427157e+00   1.0022833e+01   3.0042450e+01   2.0017368e+01
  -4.9836274e+00   1.0012609e+01   2.9971152e+01   2.0000817e+01
  -4.9520429e+00   9.9985606e+00   3.0018504e+01   2.0008923e+01
  -4.9918836e+00   1.0014256e+01   2.9984636e+01   1.9989426e+01
  -4.9918836e+00   1.0014256e+01   2.9984636e+01   1.9989426e+01
  -5.0039025e+00   1.0006360e+01   2.9988579e+01   2.0013863e+01
  -5.0039025e+00   1.0006360e+01   2.9988579e+01   2.0013863e+01
  -5.0232545e+00   1.0000501e+01   2.9961630e+01   2.0005139e+01
  -5.0232545e+00   1.0000501e+01   2.9961630e+01   2.0005139e+01
  -4.9740925e+00   9.9937755e+00   3.0014683e+01   2.0032602e+01
  -4.9740925e+00   9.9937755e+00   3.0014683e+01   2.0032602e+01
  -4.9740925e+00   9.9937755e+00   3.0014683e+01   2.0032602e+01
  -4.9740925e+00   9.9937755e+00   3.0014683e+01   2.0032602e+01
  -4.9740925e+00   9.9937755e+00   3.0014683e+01   2.0032602e+01
  -4.9740925e+00   9.9937755e+00   3.0014683e+01   2.0032602e+01
  -4.9740925e+00   9.9937755e+00   3.0014683e+01   2.0032602e+01
  -4.9740925e+00   9.9937755e+00   3.0014683e+01   2.0032602e+01
  -4.9740925e+00   9.9937755e+00   3.0014683e+01   2.0032602e+01
  -4.9740925e+00   9.9937755e+00   3.0014683e+01   2.0032602e+01
  -4.9740925e+00   9.9937755e+00   3.0014683e+01   2.0032602e+01
  -4.9506963e+00   1.0016921e+01   3.0018093e+01   2.0023316e+01
  -4.9506963e+00   1.0016921e+01   3.0018093e+01   2.0023316e+01
  -4.9677086e+00   1.0038241e+01   2.9988531e+01   1.9995736e+01
  -4.9677086e+00   1.0038241e+01   2.9988531e+01   1.9995736e+01
  -4.9677086e+00   1.0038241e+01   2.9988531e+01   1.9995736e+01
  -4.9677086e+00   1.0038241e+01   2.9988531e+01   1.9995736e+01
  -4.9677086e+00   1.0038241e+01   2.9988531e+01   1.9995736e+01
  -4.9677086e+00   1.0038241e+01   2.9988531e+01   1.9995736e+01
  -4.9677086e+00   1.0038241e+01   2.9988531e+01   1.9995736e+01
  -4.9677086e+00   1.0038241e+01   2.9988531e+01   1.9995736e+01
  -4.9677086e+00   1.0038241e+01   2.9988531e+01   1.9995736e+01
  -4.9677086e+00   1.0038241e+01   2.9988531e+01   1.9995736e+01
  -4.9677086e+00   1.0038241e+01   2.9988531e+01   1.9995736e+01
  -4.9677086e+00   1.0038241e+01   2.9988531e+01   1.9995736e+01
  -4.9677086e+00   1.0038241e+01   2.9988531e+01   1.9995736e+01
  -4.9677086e+00   1.0038241e+01   2.9988531e+01   1.9995736e+01
  -4.9677086e+00   1.0038241e+01   2.9988531e+01   1.9995736e+01
  -4.9677086e+00   1.0038241e+01   2.9988531e+01   1.9995736e+01
  -4.9677086e+00   1.0038241e+01   2.9988531e+01   1.9995736e+01
  -4.9677086e+00   1.0038241e+01   2.9988531e+01   1.9995736e+01
  -4.9677086e+00   1.0038241e+01   2.9988531e+01   1.9995736e+01
