   2.6296038e+01  -5.3435029e+00  -1.2230118e+01   4.3330721e+01
   2.6216724e+01  -5.3257004e+00  -1.2132218e+01   4.2939497e+01
   2.6442547e+01  -5.4679859e+00  -1.2270427e+01   4.3085000e+01
   2.6588972e+01  -5.1833894e+00  -1.2442211e+01   4.2740622e+01
   2.6893513e+01  -5.2086873e+00  -1.2554958e+01   4.2501417e+01
   2.6781302e+01  -5.2559310e+00  -1.2657146e+01   4.2316816e+01
   2.6821774e+01  -5.2030578e+00  -1.2328172e+01   4.2388349e+01
   2.6877648e+01  -5.2163397e+00  -1.2266217e+01   4.2306589e+01
   2.7010145e+01  -5.0131562e+00  -1.2163494e+01   4.1835154e+01
   2.7182260e+01  -4.7497492e+00  -1.2012659e+01   4.1584985e+01
   2.7657386e+01  -5.0013165e+00  -1.1786440e+01   4.1585676e+01
   2.7756633e+01  -4.7423938e+00  -1.1765045e+01   4.1417841e+01
   2.7756633e+01  -4.7423938e+00  -1.1765045e+01   4.1417841e+01
   2.7436053e+01  -4.5408173e+00  -1.2180914e+01   4.1247377e+01
   2.7804738e+01  -4.4818274e+00  -1.2315460e+01   4.1123160e+01
   2.7543413e+01  -4.3661841e+00  -1.2068361e+01   4.1146741e+01
   2.7539392e+01  -4.3858618e+00  -1.1971176e+01   4.1033572e+01
   2.7448036e+01  -4.3811453e+00  -1.2103770e+01   4.0906076e+01
   2.7410835e+01  -4.2891165e+00  -1.2003626e+01   4.0929767e+01
   2.7237254e+01  -4.1643028e+00  -1.2145019e+01   4.1034080e+01
   2.7237254e+01  -4.1643028e+00  -1.2145019e+01   4.1034080e+01
   2.7286613e+01  -4.1749519e+00  -1.1926124e+01   4.0840535e+01
   2.7286613e+01  -4.1749519e+00  -1.1926124e+01   4.0840535e+01
   2.7246198e+01  -4.1953971e+00  -1.1985593e+01   4.0771472e+01
   2.7414525e+01  -4.1533236e+00  -1.1646251e+01   4.0868028e+01
   2.7711711e+01  -4.0186144e+00  -1.1185596e+01   4.1041589e+01
   2.7711711e+01  -4.0186144e+00  -1.1185596e+01   4.1041589e+01
   2.7711711e+01  -4.0186144e+00  -1.1185596e+01   4.1041589e+01
   2.7711711e+01  -4.0186144e+00  -1.1185596e+01   4.1041589e+01
   2.8052200e+01  -4.1976986e+00  -1.1001574e+01   4.0870985e+01
   2.8377868e+01  -4.1235800e+00  -1.0882475e+01   4.0778756e+01
   2.8377868e+01  -4.1235800e+00  -1.0882475e+01   4.0778756e+01
   2.8758429e+01  -4.0374744e+00  -1.0628662e+01   4.1018428e+01
   2.8934248e+01  -3.9269707e+00  -1.0642895e+01   4.0895441e+01
   2.8934248e+01  -3.9269707e+00  -1.0642895e+01   4.0895441e+01
   2.8934248e+01  -3.9269707e+00  -1.0642895e+01   4.0895441e+01
   2.8969553e+01  -3.7185926e+00  -1.0664618e+01   4.0463311e+01
   2.8969553e+01  -3.7185926e+00  -1.0664618e+01   4.0463311e+01
   2.9154375e+01  -4.0843955e+00  -1.0575781e+01   4.0379537e+01
   2.9046913e+01  -4.2183987e+00  -1.0326416e+01   4.0468159e+01
   2.9041459e+01  -4.2358619e+00  -1.0330489e+01   4.0457961e+01
   2.9037907e+01  -4.2168084e+00  -1.0334353e+01   4.0535633e+01
   2.9037907e+01  -4.2168084e+00  -1.0334353e+01   4.0535633e+01
   2.9054244e+01  -4.3380720e+00  -1.0228935e+01   4.0533302e+01
   2.9236882e+01  -4.2614879e+00  -1.0432740e+01   4.0292481e+01
   2.9241593e+01  -4.4318096e+00  -1.0491045e+01   4.0317043e+01
   2.9241593e+01  -4.4318096e+00  -1.0491045e+01   4.0317043e+01
   2.8900397e+01  -4.5311791e+00  -1.0118965e+01   4.0502377e+01
   2.8900397e+01  -4.5311791e+00  -1.0118965e+01   4.0502377e+01
   3.0217187e+01   1.1285588e+01  -4.8862154e+00   1.9812147e+01
   2.9952787e+01   9.9424093e+00  -4.9914672e+00   1.9979137e+01
   2.9984912e+01   1.0001587e+01  -4.9488697e+00   1.9987485e+01
   2.9984912e+01   1.0001587e+01  -4.9488697e+00   1.9987485e+01
   2.9960431e+01   9.9872116e+00  -5.0296251e+00   1.9982546e+01
   2.9978829e+01   9.9790775e+00  -4.9559524e+00   1.9984581e+01
   3.0058162e+01   9.9809264e+00  -4.9653840e+00   2.0055469e+01
   2.9958992e+01   1.0018079e+01  -4.9387052e+00   1.9972424e+01
   2.9970552e+01   9.9911862e+00  -5.0117173e+00   1.9980241e+01
   2.9998783e+01   1.0034345e+01  -4.9737598e+00   1.9999275e+01
   2.9963291e+01   1.0003840e+01  -4.9951057e+00   1.9968986e+01
   3.0005098e+01   9.9972229e+00  -4.9871768e+00   1.9993839e+01
   3.0005098e+01   9.9972229e+00  -4.9871768e+00   1.9993839e+01
   2.9993375e+01   1.0007765e+01  -4.9567278e+00   2.0001279e+01
   2.9982330e+01   1.0007158e+01  -4.9870557e+00   1.9977829e+01
   2.9982330e+01   1.0007158e+01  -4.9870557e+00   1.9977829e+01
   2.9982330e+01   1.0007158e+01  -4.9870557e+00   1.9977829e+01
   2.9982330e+01   1.0007158e+01  -4.9870557e+00   1.9977829e+01
   2.9945188e+01   1.0044177e+01  -4.9928085e+00   1.9969794e+01
   2.9965247e+01   1.0011909e+01  -4.9860027e+00   1.9981967e+01
   2.9986567e+01   9.9929949e+00  -4.9496999e+00   1.9980667e+01
   2.9986567e+01   9.9929949e+00  -4.9496999e+00   1.9980667e+01
   3.0025511e+01   1.0019561e+01  -4.9811526e+00   1.9995244e+01
   2.9974792e+01   9.9819811e+00  -4.9606468e+00   1.9948844e+01
   3.0029738e+01   9.9759973e+00  -5.0236127e+00   2.0027544e+01
   3.0029738e+01   9.9759973e+00  -5.0236127e+00   2.0027544e+01
   3.0009972e+01   9.9801450e+00  -4.9796522e+00   1.9978534e+01
   3.0009972e+01   9.9801450e+00  -4.9796522e+00   1.9978534e+01
   2.9958697e+01   1.0000572e+01  -4.9625355e+00   1.9992716e+01
   3.0006077e+01   9.9916946e+00  -4.9669089e+00   1.9988940e+01
   3.0006077e+01   9.9916946e+00  -4.9669089e+00   1.9988940e+01
   3.0035198e+01   1.0077785e+01  -4.9694594e+00   1.9987757e+01
   3.0027138e+01   1.0053157e+01  -4.9626489e+00   2.0008270e+01
   3.0027138e+01   1.0053157e+01  -4.9626489e+00   2.0008270e+01
   3.0027138e+01   1.0053157e+01  -4.9626489e+00   2.0008270e+01
   3.0027138e+01   1.0053157e+01  -4.9626489e+00   2.0008270e+01
   3.0027138e+01   1.0053157e+01  -4.9626489e+00   2.0008270e+01
   3.0027138e+01   1.0053157e+01  -4.9626489e+00   2.0008270e+01
   3.0027138e+01   1.0053157e+01  -4.9626489e+00   2.0008270e+01
   3.0027138e+01   1.0053157e+01  -4.9626489e+00   2.0008270e+01
   3.0027138e+01   1.0053157e+01  -4.9626489e+00   2.0008270e+01
   3.0027138e+01   1.0053157e+01  -4.9626489e+00   2.0008270e+01
   3.0027138e+01   1.0053157e+01  -4.9626489e+00   2.0008270e+01
   3.0027138e+01   1.0053157e+01  -4.9626489e+00   2.0008270e+01
   2.9963566e+01   1.0024483e+01  -4.9935093e+00   1.9965360e+01
   2.9963566e+01   1.0024483e+01  -4.9935093e+00   1.9965360e+01
   2.9963566e+01   1.0024483e+01  -4.9935093e+00   1.9965360e+01
   2.9963566e+01   1.0024483e+01  -4.9935093e+00   1.9965360e+01
   2.9963566e+01   1.0024483e+01  -4.9935093e+00   1.9965360e+01
   2.9963566e+01   1.0024483e+01  -4.9935093e+00   1.9965360e+01
   2.9963566e+01   1.0024483e+01  -4.9935093e+00   1.9965360e+01
