   2.3842017e+01   7.5752003e-01   4.9593504e+01   4.9278523e+01
   2.3842017e+01   7.5752003e-01   4.9593504e+01   4.9278523e+01
   2.3949403e+01   6.3854691e-01   4.9258692e+01   4.9807139e+01
   2.3872327e+01   4.5827604e-01   4.9538284e+01   4.9754895e+01
   2.3805446e+01   7.3008132e-01   4.9576427e+01   4.9783771e+01
   2.3805446e+01   7.3008132e-01   4.9576427e+01   4.9783771e+01
   2.3805446e+01   7.3008132e-01   4.9576427e+01   4.9783771e+01
   2.3788508e+01   5.4994581e-01   4.9374105e+01   4.9883412e+01
   2.3840926e+01   5.5069946e-01   4.9264655e+01   5.0139902e+01
   2.3742714e+01   7.7658611e-01   4.8889332e+01   5.0030959e+01
   2.3742714e+01   7.7658611e-01   4.8889332e+01   5.0030959e+01
   2.3742714e+01   7.7658611e-01   4.8889332e+01   5.0030959e+01
   2.3928610e+01   7.0872897e-01   4.8645213e+01   4.9842152e+01
   2.3928610e+01   7.0872897e-01   4.8645213e+01   4.9842152e+01
   2.3965153e+01   3.6561983e-01   4.8595433e+01   5.0007807e+01
   2.4089162e+01   2.2367258e-01   4.8592415e+01   4.9754274e+01
   2.3838312e+01   4.7378205e-02   4.8499464e+01   4.9541826e+01
   2.3605954e+01   1.4256123e-01   4.8177703e+01   4.9835796e+01
   2.3302827e+01   2.0781148e-01   4.8294603e+01   4.9538810e+01
   2.3302827e+01   2.0781148e-01   4.8294603e+01   4.9538810e+01
   2.3018758e+01   2.4341318e-01   4.8040719e+01   4.9609147e+01
   2.3018758e+01   2.4341318e-01   4.8040719e+01   4.9609147e+01
   2.3176667e+01   2.3728609e-01   4.8249749e+01   4.9392097e+01
   2.3176667e+01   2.3728609e-01   4.8249749e+01   4.9392097e+01
   2.3330987e+01   2.1506763e-01   4.8091460e+01   4.9551640e+01
   2.3330987e+01   2.1506763e-01   4.8091460e+01   4.9551640e+01
   2.3330987e+01   2.1506763e-01   4.8091460e+01   4.9551640e+01
   2.2998542e+01   5.4034222e-01   4.8070688e+01   4.9654261e+01
   2.2998542e+01   5.4034222e-01   4.8070688e+01   4.9654261e+01
   2.2998542e+01   5.4034222e-01   4.8070688e+01   4.9654261e+01
   2.2786299e+01   6.3903534e-01   4.7856488e+01   4.9554905e+01
   2.2786299e+01   6.3903534e-01   4.7856488e+01   4.9554905e+01
   2.2786299e+01   6.3903534e-01   4.7856488e+01   4.9554905e+01
   2.2786299e+01   6.3903534e-01   4.7856488e+01   4.9554905e+01
   2.2786299e+01   6.3903534e-01   4.7856488e+01   4.9554905e+01
   2.2274068e+01   9.2657823e-01   4.7630996e+01   4.9757624e+01
   2.2295623e+01   9.9569560e-01   4.7350513e+01   4.9722381e+01
   2.2386236e+01   9.2003570e-01   4.7110482e+01   4.9690173e+01
   2.2325530e+01   9.0318318e-01   4.7192551e+01   4.9460018e+01
   2.2325530e+01   9.0318318e-01   4.7192551e+01   4.9460018e+01
   2.1914887e+01   7.5128085e-01   4.7215299e+01   4.9449228e+01
   2.1914887e+01   7.5128085e-01   4.7215299e+01   4.9449228e+01
   2.1677172e+01   5.7209468e-01   4.6867944e+01   4.9626415e+01
   2.1808592e+01   7.9373202e-01   4.6739833e+01   4.9434100e+01
   2.1808592e+01   7.9373202e-01   4.6739833e+01   4.9434100e+01
   2.1808592e+01   7.9373202e-01   4.6739833e+01   4.9434100e+01
   2.1808592e+01   7.9373202e-01   4.6739833e+01   4.9434100e+01
   2.1808592e+01   7.9373202e-01   4.6739833e+01   4.9434100e+01
   2.1808592e+01   7.9373202e-01   4.6739833e+01   4.9434100e+01
  -5.5320375e+00   9.4730335e+00   9.6508129e+00   2.0219683e+01
  -4.9779375e+00   1.0000123e+01   9.9319178e+00   1.9957277e+01
  -4.9779375e+00   1.0000123e+01   9.9319178e+00   1.9957277e+01
  -4.9388667e+00   9.9702109e+00   9.9623991e+00   1.9988845e+01
  -4.9290860e+00   9.9313861e+00   9.9928981e+00   1.9996639e+01
  -4.9290860e+00   9.9313861e+00   9.9928981e+00   1.9996639e+01
  -5.0262851e+00   1.0004001e+01   1.0015370e+01   1.9969109e+01
  -5.0072026e+00   9.9990121e+00   9.9758112e+00   1.9993700e+01
  -4.9804307e+00   9.9695070e+00   9.9877157e+00   2.0041363e+01
  -5.0014292e+00   1.0043339e+01   9.9831586e+00   2.0017694e+01
  -4.9822609e+00   1.0011531e+01   9.9921743e+00   1.9985893e+01
  -5.0079040e+00   9.9966460e+00   9.9827231e+00   1.9995674e+01
  -5.0079040e+00   9.9966460e+00   9.9827231e+00   1.9995674e+01
  -5.0079040e+00   9.9966460e+00   9.9827231e+00   1.9995674e+01
  -4.9825742e+00   9.9658488e+00   1.0005604e+01   2.0016451e+01
  -4.9825742e+00   9.9658488e+00   1.0005604e+01   2.0016451e+01
  -4.9825742e+00   9.9658488e+00   1.0005604e+01   2.0016451e+01
  -4.9825742e+00   9.9658488e+00   1.0005604e+01   2.0016451e+01
  -4.9825742e+00   9.9658488e+00   1.0005604e+01   2.0016451e+01
  -4.9825742e+00   9.9658488e+00   1.0005604e+01   2.0016451e+01
  -4.9901748e+00   9.9555740e+00   9.9657250e+00   2.0001798e+01
  -4.9901748e+00   9.9555740e+00   9.9657250e+00   2.0001798e+01
  -4.9669103e+00   1.0014822e+01   1.0008725e+01   1.9991744e+01
  -4.9865653e+00   9.9855536e+00   9.9910011e+00   2.0026322e+01
  -5.0028901e+00   9.9977616e+00   9.9773140e+00   1.9979102e+01
  -4.9785034e+00   1.0011659e+01   1.0011045e+01   1.9968120e+01
  -4.9995191e+00   1.0023752e+01   9.9894844e+00   1.9983373e+01
  -4.9995191e+00   1.0023752e+01   9.9894844e+00   1.9983373e+01
  -4.9995191e+00   1.0023752e+01   9.9894844e+00   1.9983373e+01
  -4.9783197e+00   9.9719969e+00   9.9792822e+00   1.9991237e+01
  -4.9783197e+00   9.9719969e+00   9.9792822e+00   1.9991237e+01
  -4.9783197e+00   9.9719969e+00   9.9792822e+00   1.9991237e+01
  -4.9783197e+00   9.9719969e+00   9.9792822e+00   1.9991237e+01
  -4.9783197e+00   9.9719969e+00   9.9792822e+00   1.9991237e+01
  -4.9783197e+00   9.9719969e+00   9.9792822e+00   1.9991237e+01
  -4.9783197e+00   9.9719969e+00   9.9792822e+00   1.9991237e+01
  -4.9783197e+00   9.9719969e+00   9.9792822e+00   1.9991237e+01
  -4.9783197e+00   9.9719969e+00   9.9792822e+00   1.9991237e+01
  -5.0690629e+00   9.9911501e+00   9.9691087e+00   1.9996380e+01
  -5.0690629e+00   9.9911501e+00   9.9691087e+00   1.9996380e+01
  -5.0690629e+00   9.9911501e+00   9.9691087e+00   1.9996380e+01
  -5.0690629e+00   9.9911501e+00   9.9691087e+00   1.9996380e+01
  -5.0690629e+00   9.9911501e+00   9.9691087e+00   1.9996380e+01
  -5.0690629e+00   9.9911501e+00   9.9691087e+00   1.9996380e+01
  -5.0690629e+00   9.9911501e+00   9.9691087e+00   1.9996380e+01
  -5.0690629e+00   9.9911501e+00   9.9691087e+00   1.9996380e+01
  -5.0690629e+00   9.9911501e+00   9.9691087e+00   1.9996380e+01
  -4.9909617e+00   9.9929778e+00   1.0002363e+01   2.0011763e+01
  -4.9909617e+00   9.9929778e+00   1.0002363e+01   2.0011763e+01
  -4.9133989e+00   9.9588519e+00   1.0010410e+01   2.0001081e+01
  -4.9133989e+00   9.9588519e+00   1.0010410e+01   2.0001081e+01
