  -2.3377626e+01  -9.0390995e+00  -1.4791008e+01  -3.6762999e+00
  -2.3566400e+01  -8.9595111e+00  -1.4686254e+01  -3.8746467e+00
  -2.3853557e+01  -9.0148486e+00  -1.4752133e+01  -3.5947921e+00
  -2.3964371e+01  -8.8519735e+00  -1.4108542e+01  -3.4350412e+00
  -2.3964371e+01  -8.8519735e+00  -1.4108542e+01  -3.4350412e+00
  -2.3964371e+01  -8.8519735e+00  -1.4108542e+01  -3.4350412e+00
  -2.4160082e+01  -8.7320395e+00  -1.3792914e+01  -3.3791818e+00
  -2.4160082e+01  -8.7320395e+00  -1.3792914e+01  -3.3791818e+00
  -2.4160082e+01  -8.7320395e+00  -1.3792914e+01  -3.3791818e+00
  -2.4316466e+01  -8.5832170e+00  -1.3625757e+01  -3.4127220e+00
  -2.4531956e+01  -8.7209476e+00  -1.3750149e+01  -3.4856678e+00
  -2.4546900e+01  -8.7235203e+00  -1.3721527e+01  -3.3145608e+00
  -2.4461075e+01  -8.7872982e+00  -1.3809606e+01  -3.5411019e+00
  -2.3976187e+01  -9.0246374e+00  -1.3998044e+01  -3.2501916e+00
  -2.3976187e+01  -9.0246374e+00  -1.3998044e+01  -3.2501916e+00
  -2.3976187e+01  -9.0246374e+00  -1.3998044e+01  -3.2501916e+00
  -2.3976187e+01  -9.0246374e+00  -1.3998044e+01  -3.2501916e+00
  -2.3482743e+01  -8.9403629e+00  -1.4297105e+01  -3.3531947e+00
  -2.3450788e+01  -9.1417797e+00  -1.4278795e+01  -3.2476490e+00
  -2.3418299e+01  -8.8799046e+00  -1.4275390e+01  -3.2804061e+00
  -2.3314699e+01  -8.8160422e+00  -1.4225342e+01  -3.2919515e+00
  -2.3170694e+01  -8.9079222e+00  -1.4208162e+01  -3.2520650e+00
  -2.3170694e+01  -8.9079222e+00  -1.4208162e+01  -3.2520650e+00
  -2.3065082e+01  -9.0257260e+00  -1.3964493e+01  -3.0477912e+00
  -2.3134138e+01  -8.8577595e+00  -1.3632694e+01  -2.6484004e+00
  -2.3006599e+01  -8.7363715e+00  -1.3567388e+01  -2.4123766e+00
  -2.3006599e+01  -8.7363715e+00  -1.3567388e+01  -2.4123766e+00
  -2.3169706e+01  -8.6197185e+00  -1.3697786e+01  -2.2888546e+00
  -2.3554692e+01  -8.5376266e+00  -1.3824466e+01  -1.9488513e+00
  -2.3554692e+01  -8.5376266e+00  -1.3824466e+01  -1.9488513e+00
  -2.3359054e+01  -8.5963159e+00  -1.3814753e+01  -2.0146854e+00
  -2.3436325e+01  -8.5150129e+00  -1.3547739e+01  -2.2945520e+00
  -2.3537282e+01  -8.3601107e+00  -1.3533793e+01  -2.0971050e+00
  -2.3537282e+01  -8.3601107e+00  -1.3533793e+01  -2.0971050e+00
  -2.3537282e+01  -8.3601107e+00  -1.3533793e+01  -2.0971050e+00
  -2.3537282e+01  -8.3601107e+00  -1.3533793e+01  -2.0971050e+00
  -2.3537282e+01  -8.3601107e+00  -1.3533793e+01  -2.0971050e+00
  -2.3584127e+01  -8.6689465e+00  -1.3330284e+01  -2.4532447e+00
  -2.3952673e+01  -8.4461845e+00  -1.3196259e+01  -2.3966613e+00
  -2.3952673e+01  -8.4461845e+00  -1.3196259e+01  -2.3966613e+00
  -2.3952673e+01  -8.4461845e+00  -1.3196259e+01  -2.3966613e+00
  -2.3863590e+01  -8.4489332e+00  -1.3203256e+01  -2.3414017e+00
  -2.3863590e+01  -8.4489332e+00  -1.3203256e+01  -2.3414017e+00
  -2.3896328e+01  -8.5652853e+00  -1.3291509e+01  -1.9655768e+00
  -2.3896328e+01  -8.5652853e+00  -1.3291509e+01  -1.9655768e+00
  -2.3965868e+01  -8.3779295e+00  -1.3132403e+01  -2.0877326e+00
  -2.3995784e+01  -8.1810456e+00  -1.3147881e+01  -1.8191633e+00
  -2.3533114e+01  -8.5136256e+00  -1.3229414e+01  -1.6047846e+00
  -2.3187823e+01  -8.5720794e+00  -1.3054364e+01  -1.6699336e+00
  -5.9171770e+00   9.9004241e+00   1.2666066e+01   1.8455629e+01
  -5.6009534e+00   9.5221157e+00   1.1043564e+01   2.0350853e+01
  -5.6009534e+00   9.5221157e+00   1.1043564e+01   2.0350853e+01
  -5.6009534e+00   9.5221157e+00   1.1043564e+01   2.0350853e+01
  -5.7370907e+00   9.5035928e+00   1.0626358e+01   2.0419048e+01
  -5.7255267e+00   9.5468231e+00   1.0649542e+01   2.0499530e+01
  -5.7255267e+00   9.5468231e+00   1.0649542e+01   2.0499530e+01
  -5.7255267e+00   9.5468231e+00   1.0649542e+01   2.0499530e+01
  -5.7255267e+00   9.5468231e+00   1.0649542e+01   2.0499530e+01
  -5.7255267e+00   9.5468231e+00   1.0649542e+01   2.0499530e+01
  -5.6110745e+00   9.5261217e+00   1.0754859e+01   2.0522863e+01
  -5.6110745e+00   9.5261217e+00   1.0754859e+01   2.0522863e+01
  -5.6110745e+00   9.5261217e+00   1.0754859e+01   2.0522863e+01
  -5.6186536e+00   9.5465486e+00   1.0665068e+01   2.0332794e+01
  -5.6186536e+00   9.5465486e+00   1.0665068e+01   2.0332794e+01
  -5.5507791e+00   9.6506642e+00   1.0744089e+01   2.0442212e+01
  -5.5114810e+00   9.5210861e+00   1.0591267e+01   2.0271248e+01
  -5.5114810e+00   9.5210861e+00   1.0591267e+01   2.0271248e+01
  -5.5512697e+00   9.5523871e+00   1.0725480e+01   2.0452304e+01
  -5.5512697e+00   9.5523871e+00   1.0725480e+01   2.0452304e+01
  -5.7026620e+00   9.5939907e+00   1.0657492e+01   2.0327680e+01
  -5.6692080e+00   9.5729113e+00   1.0688256e+01   2.0443998e+01
  -5.6692080e+00   9.5729113e+00   1.0688256e+01   2.0443998e+01
  -5.6692080e+00   9.5729113e+00   1.0688256e+01   2.0443998e+01
  -5.6692080e+00   9.5729113e+00   1.0688256e+01   2.0443998e+01
  -5.6692080e+00   9.5729113e+00   1.0688256e+01   2.0443998e+01
  -5.6692080e+00   9.5729113e+00   1.0688256e+01   2.0443998e+01
  -5.6692080e+00   9.5729113e+00   1.0688256e+01   2.0443998e+01
  -5.6692080e+00   9.5729113e+00   1.0688256e+01   2.0443998e+01
  -5.6692080e+00   9.5729113e+00   1.0688256e+01   2.0443998e+01
  -5.6692080e+00   9.5729113e+00   1.0688256e+01   2.0443998e+01
  -5.6692080e+00   9.5729113e+00   1.0688256e+01   2.0443998e+01
  -5.6692080e+00   9.5729113e+00   1.0688256e+01   2.0443998e+01
  -5.6692080e+00   9.5729113e+00   1.0688256e+01   2.0443998e+01
  -5.6692080e+00   9.5729113e+00   1.0688256e+01   2.0443998e+01
  -5.6692080e+00   9.5729113e+00   1.0688256e+01   2.0443998e+01
  -5.6692080e+00   9.5729113e+00   1.0688256e+01   2.0443998e+01
  -5.6932890e+00   9.5711719e+00   1.0629642e+01   2.0592096e+01
  -5.6932890e+00   9.5711719e+00   1.0629642e+01   2.0592096e+01
  -5.6932890e+00   9.5711719e+00   1.0629642e+01   2.0592096e+01
  -5.6932890e+00   9.5711719e+00   1.0629642e+01   2.0592096e+01
  -5.6932890e+00   9.5711719e+00   1.0629642e+01   2.0592096e+01
  -5.6932890e+00   9.5711719e+00   1.0629642e+01   2.0592096e+01
  -5.6932890e+00   9.5711719e+00   1.0629642e+01   2.0592096e+01
  -5.6932890e+00   9.5711719e+00   1.0629642e+01   2.0592096e+01
  -5.6932890e+00   9.5711719e+00   1.0629642e+01   2.0592096e+01
  -5.6932890e+00   9.5711719e+00   1.0629642e+01   2.0592096e+01
  -5.6013176e+00   9.5410721e+00   1.0697485e+01   2.0514021e+01
  -5.6013176e+00   9.5410721e+00   1.0697485e+01   2.0514021e+01
  -5.6013176e+00   9.5410721e+00   1.0697485e+01   2.0514021e+01
  -5.6013176e+00   9.5410721e+00   1.0697485e+01   2.0514021e+01
