   4.7366946e+01   2.4785108e+01  -5.2538835e+00   2.0028132e+00
   4.7366946e+01   2.4785108e+01  -5.2538835e+00   2.0028132e+00
   4.7366946e+01   2.4785108e+01  -5.2538835e+00   2.0028132e+00
   4.7459964e+01   2.4741002e+01  -5.0803992e+00   1.8748384e+00
   4.7458398e+01   2.4613158e+01  -5.3759397e+00   1.9782601e+00
   4.7458398e+01   2.4613158e+01  -5.3759397e+00   1.9782601e+00
   4.7420001e+01   2.4649113e+01  -5.4536836e+00   2.0644306e+00
   4.7420001e+01   2.4649113e+01  -5.4536836e+00   2.0644306e+00
   4.7420001e+01   2.4649113e+01  -5.4536836e+00   2.0644306e+00
   4.7014173e+01   2.4839831e+01  -5.2671234e+00   2.1056990e+00
   4.7014173e+01   2.4839831e+01  -5.2671234e+00   2.1056990e+00
   4.6981568e+01   2.4766490e+01  -5.3804449e+00   1.9901421e+00
   4.6981568e+01   2.4766490e+01  -5.3804449e+00   1.9901421e+00
   4.6857841e+01   2.4691451e+01  -5.4905374e+00   2.0073883e+00
   4.6859477e+01   2.4853459e+01  -5.7250558e+00   2.3223530e+00
   4.6918966e+01   2.5128014e+01  -5.4453515e+00   2.1734516e+00
   4.6957267e+01   2.5085968e+01  -5.5473114e+00   2.0454449e+00
   4.6861825e+01   2.5048987e+01  -5.3874878e+00   2.2387343e+00
   4.6739073e+01   2.4841345e+01  -5.1835737e+00   2.0269433e+00
   4.6325073e+01   2.5116853e+01  -5.1873959e+00   2.1687964e+00
   4.6325073e+01   2.5116853e+01  -5.1873959e+00   2.1687964e+00
   4.6225818e+01   2.5079911e+01  -5.0025342e+00   2.0176103e+00
   4.6181983e+01   2.5103793e+01  -5.0489748e+00   2.4617782e+00
   4.6181983e+01   2.5103793e+01  -5.0489748e+00   2.4617782e+00
   4.6345028e+01   2.4865540e+01  -5.0314617e+00   2.5112370e+00
   4.6345028e+01   2.4865540e+01  -5.0314617e+00   2.5112370e+00
   4.6245452e+01   2.4594853e+01  -4.9744390e+00   2.5439934e+00
   4.5808946e+01   2.4649328e+01  -5.1729416e+00   2.6721750e+00
   4.5808946e+01   2.4649328e+01  -5.1729416e+00   2.6721750e+00
   4.5808946e+01   2.4649328e+01  -5.1729416e+00   2.6721750e+00
   4.5808946e+01   2.4649328e+01  -5.1729416e+00   2.6721750e+00
   4.5808946e+01   2.4649328e+01  -5.1729416e+00   2.6721750e+00
   4.5883672e+01   2.4770236e+01  -5.5479440e+00   2.6078626e+00
   4.5883672e+01   2.4770236e+01  -5.5479440e+00   2.6078626e+00
   4.6182140e+01   2.5010273e+01  -5.5523988e+00   2.5145765e+00
   4.6182140e+01   2.5010273e+01  -5.5523988e+00   2.5145765e+00
   4.6252004e+01   2.4990203e+01  -5.2478737e+00   2.6884781e+00
   4.6319182e+01   2.5075414e+01  -5.1986119e+00   2.8360730e+00
   4.6584563e+01   2.4766632e+01  -5.1568243e+00   3.1107783e+00
   4.6182873e+01   2.4710305e+01  -5.1082584e+00   3.1437579e+00
   4.6057802e+01   2.4603817e+01  -5.0056523e+00   3.3590371e+00
   4.6190154e+01   2.4459697e+01  -4.7048928e+00   3.6197163e+00
   4.6190154e+01   2.4459697e+01  -4.7048928e+00   3.6197163e+00
   4.5997853e+01   2.4523707e+01  -4.6170018e+00   3.8998931e+00
   4.5997853e+01   2.4523707e+01  -4.6170018e+00   3.8998931e+00
   4.5841939e+01   2.4685722e+01  -4.4271434e+00   3.9628140e+00
   4.5973302e+01   2.5069495e+01  -4.4866106e+00   4.4428526e+00
   4.5867462e+01   2.4903978e+01  -4.2941515e+00   4.5866738e+00
   4.5867462e+01   2.4903978e+01  -4.2941515e+00   4.5866738e+00
   8.9977954e+00   2.0081366e+01  -4.3555595e+00   1.0653493e+01
   9.9658386e+00   2.0054569e+01  -4.9761072e+00   9.9374531e+00
   9.9589199e+00   1.9947647e+01  -4.9174835e+00   1.0009130e+01
   9.9792596e+00   1.9936396e+01  -4.9500656e+00   1.0023131e+01
   9.9996095e+00   2.0020587e+01  -4.9882434e+00   9.9640970e+00
   9.9996095e+00   2.0020587e+01  -4.9882434e+00   9.9640970e+00
   9.9996095e+00   2.0020587e+01  -4.9882434e+00   9.9640970e+00
   1.0028815e+01   2.0028003e+01  -5.0194592e+00   9.9990125e+00
   9.9880110e+00   2.0027189e+01  -5.0038534e+00   1.0014029e+01
   9.9913986e+00   1.9974199e+01  -4.9765057e+00   9.9687471e+00
   9.9913986e+00   1.9974199e+01  -4.9765057e+00   9.9687471e+00
   9.9913986e+00   1.9974199e+01  -4.9765057e+00   9.9687471e+00
   9.9913986e+00   1.9974199e+01  -4.9765057e+00   9.9687471e+00
   9.9913986e+00   1.9974199e+01  -4.9765057e+00   9.9687471e+00
   1.0003440e+01   1.9996646e+01  -4.9963219e+00   9.9313020e+00
   1.0003440e+01   1.9996646e+01  -4.9963219e+00   9.9313020e+00
   1.0003440e+01   1.9996646e+01  -4.9963219e+00   9.9313020e+00
   1.0003440e+01   1.9996646e+01  -4.9963219e+00   9.9313020e+00
   1.0003440e+01   1.9996646e+01  -4.9963219e+00   9.9313020e+00
   1.0003440e+01   1.9996646e+01  -4.9963219e+00   9.9313020e+00
   1.0003440e+01   1.9996646e+01  -4.9963219e+00   9.9313020e+00
   1.0010681e+01   1.9978058e+01  -4.9968355e+00   9.9963650e+00
   1.0010681e+01   1.9978058e+01  -4.9968355e+00   9.9963650e+00
   1.0010681e+01   1.9978058e+01  -4.9968355e+00   9.9963650e+00
   1.0010681e+01   1.9978058e+01  -4.9968355e+00   9.9963650e+00
   1.0010681e+01   1.9978058e+01  -4.9968355e+00   9.9963650e+00
   1.0001263e+01   1.9994805e+01  -5.0228656e+00   1.0023546e+01
   1.0035707e+01   2.0015504e+01  -5.0075575e+00   9.9529889e+00
   1.0018388e+01   2.0009939e+01  -5.0628672e+00   9.9780165e+00
   1.0009982e+01   1.9995356e+01  -4.9821848e+00   1.0012767e+01
   1.0049341e+01   2.0020875e+01  -5.0376209e+00   9.9598947e+00
   9.9814946e+00   1.9986140e+01  -4.9687077e+00   9.9967267e+00
   1.0071283e+01   1.9969980e+01  -5.0074784e+00   9.9377330e+00
   1.0071283e+01   1.9969980e+01  -5.0074784e+00   9.9377330e+00
   1.0071283e+01   1.9969980e+01  -5.0074784e+00   9.9377330e+00
   1.0071283e+01   1.9969980e+01  -5.0074784e+00   9.9377330e+00
   1.0071283e+01   1.9969980e+01  -5.0074784e+00   9.9377330e+00
   1.0071283e+01   1.9969980e+01  -5.0074784e+00   9.9377330e+00
   1.0273283e+01   1.9941847e+01  -5.1480004e+00   9.7649448e+00
   1.0273283e+01   1.9941847e+01  -5.1480004e+00   9.7649448e+00
   1.0273283e+01   1.9941847e+01  -5.1480004e+00   9.7649448e+00
   1.0273283e+01   1.9941847e+01  -5.1480004e+00   9.7649448e+00
   1.0273283e+01   1.9941847e+01  -5.1480004e+00   9.7649448e+00
   1.0273283e+01   1.9941847e+01  -5.1480004e+00   9.7649448e+00
   1.0273283e+01   1.9941847e+01  -5.1480004e+00   9.7649448e+00
   9.9237505e+00   1.9982851e+01  -4.9682403e+00   1.0094000e+01
   9.9237505e+00   1.9982851e+01  -4.9682403e+00   1.0094000e+01
   9.9237505e+00   1.9982851e+01  -4.9682403e+00   1.0094000e+01
   9.9237505e+00   1.9982851e+01  -4.9682403e+00   1.0094000e+01
   9.9237505e+00   1.9982851e+01  -4.9682403e+00   1.0094000e+01
   9.9237505e+00   1.9982851e+01  -4.9682403e+00   1.0094000e+01
