   4.5539968e+01  -2.8514519e+01   1.3065961e+01  -3.2832814e-01
   4.5579083e+01  -2.8184779e+01   1.2837654e+01  -4.6805323e-01
   4.5579083e+01  -2.8184779e+01   1.2837654e+01  -4.6805323e-01
   4.5207207e+01  -2.8364250e+01   1.2847158e+01  -6.0670604e-01
   4.5157670e+01  -2.8108563e+01   1.3006580e+01  -7.0951499e-01
   4.5157670e+01  -2.8108563e+01   1.3006580e+01  -7.0951499e-01
   4.5157670e+01  -2.8108563e+01   1.3006580e+01  -7.0951499e-01
   4.5254614e+01  -2.8166918e+01   1.3135443e+01  -6.7153198e-01
   4.5254614e+01  -2.8166918e+01   1.3135443e+01  -6.7153198e-01
   4.5254614e+01  -2.8166918e+01   1.3135443e+01  -6.7153198e-01
   4.5066867e+01  -2.8321231e+01   1.2914793e+01  -7.0740891e-01
   4.4946247e+01  -2.8187910e+01   1.2734452e+01  -8.7858605e-01
   4.4805230e+01  -2.8373112e+01   1.2636951e+01  -8.6978092e-01
   4.4805230e+01  -2.8373112e+01   1.2636951e+01  -8.6978092e-01
   4.4734876e+01  -2.8330967e+01   1.2638375e+01  -9.7775922e-01
   4.4714781e+01  -2.8416557e+01   1.2070078e+01  -9.2317321e-01
   4.4714781e+01  -2.8416557e+01   1.2070078e+01  -9.2317321e-01
   4.4714781e+01  -2.8416557e+01   1.2070078e+01  -9.2317321e-01
   4.4816125e+01  -2.8708858e+01   1.1872286e+01  -9.8288991e-01
   4.4816125e+01  -2.8708858e+01   1.1872286e+01  -9.8288991e-01
   4.4948299e+01  -2.8753461e+01   1.1828556e+01  -8.6858544e-01
   4.5037600e+01  -2.8835962e+01   1.1675284e+01  -4.9176517e-01
   4.5037600e+01  -2.8835962e+01   1.1675284e+01  -4.9176517e-01
   4.5191351e+01  -2.8660772e+01   1.1250188e+01  -4.8256856e-01
   4.5191351e+01  -2.8660772e+01   1.1250188e+01  -4.8256856e-01
   4.5191351e+01  -2.8660772e+01   1.1250188e+01  -4.8256856e-01
   4.5451651e+01  -2.8810380e+01   1.1165968e+01  -3.1756009e-01
   4.5479088e+01  -2.8976991e+01   1.1507270e+01  -2.3620599e-01
   4.5479088e+01  -2.8976991e+01   1.1507270e+01  -2.3620599e-01
   4.5337542e+01  -2.8995065e+01   1.1558033e+01  -1.6445473e-01
   4.5235357e+01  -2.8918200e+01   1.1390423e+01  -9.0269397e-02
   4.5235357e+01  -2.8918200e+01   1.1390423e+01  -9.0269397e-02
   4.5235357e+01  -2.8918200e+01   1.1390423e+01  -9.0269397e-02
   4.5235357e+01  -2.8918200e+01   1.1390423e+01  -9.0269397e-02
   4.5235357e+01  -2.8918200e+01   1.1390423e+01  -9.0269397e-02
   4.5235357e+01  -2.8918200e+01   1.1390423e+01  -9.0269397e-02
   4.4998696e+01  -2.8587810e+01   1.1417567e+01   3.4904038e-02
   4.4906550e+01  -2.8293352e+01   1.1248022e+01   3.2301161e-01
   4.4906550e+01  -2.8293352e+01   1.1248022e+01   3.2301161e-01
   4.4906550e+01  -2.8293352e+01   1.1248022e+01   3.2301161e-01
   4.4906550e+01  -2.8293352e+01   1.1248022e+01   3.2301161e-01
   4.4906550e+01  -2.8293352e+01   1.1248022e+01   3.2301161e-01
   4.4882636e+01  -2.7942779e+01   1.1078949e+01   2.1328270e-01
   4.4824084e+01  -2.7900297e+01   1.1139071e+01   4.3971021e-01
   4.5045364e+01  -2.7974712e+01   1.1083707e+01   8.9661553e-01
   4.4896787e+01  -2.7875495e+01   1.0981013e+01   8.8437973e-01
   4.4576006e+01  -2.7663221e+01   1.1396461e+01   9.1593696e-01
   4.4661028e+01  -2.7793981e+01   1.1243699e+01   1.0421207e+00
   4.4608433e+01  -2.7800281e+01   1.1147771e+01   1.0706232e+00
   2.9135012e+01   8.6665492e+00  -5.1297002e+00   1.8630946e+01
   3.0103252e+01   9.8473953e+00  -5.3400262e+00   2.0012432e+01
   2.9962157e+01   9.9068531e+00  -5.1042629e+00   1.9956452e+01
   2.9968930e+01   9.9777384e+00  -5.0854320e+00   1.9991178e+01
   2.9952289e+01   9.9493970e+00  -4.9948854e+00   1.9961503e+01
   2.9961468e+01   9.9873841e+00  -4.9600511e+00   1.9994011e+01
   2.9946640e+01   9.9960813e+00  -4.9992290e+00   1.9972688e+01
   2.9970854e+01   9.9877242e+00  -4.9838731e+00   1.9954319e+01
   3.0000135e+01   1.0028690e+01  -5.0118433e+00   2.0022754e+01
   2.9997867e+01   9.9388800e+00  -5.0529526e+00   1.9970921e+01
   2.9981399e+01   9.9679176e+00  -5.0169811e+00   1.9983593e+01
   2.9981399e+01   9.9679176e+00  -5.0169811e+00   1.9983593e+01
   3.0036724e+01   1.0019763e+01  -4.9698931e+00   2.0035799e+01
   3.0046699e+01   9.9688134e+00  -5.0637851e+00   2.0022159e+01
   2.9980638e+01   9.9966320e+00  -5.0101357e+00   1.9979199e+01
   3.0015555e+01   9.9850265e+00  -5.0173302e+00   1.9993519e+01
   3.0015555e+01   9.9850265e+00  -5.0173302e+00   1.9993519e+01
   3.0007508e+01   1.0011192e+01  -4.9664978e+00   1.9984266e+01
   3.0006634e+01   9.9748524e+00  -4.9711912e+00   2.0031829e+01
   2.9976785e+01   9.9933022e+00  -5.0289463e+00   1.9987997e+01
   3.0005494e+01   9.9729611e+00  -4.9945529e+00   2.0021030e+01
   3.0005494e+01   9.9729611e+00  -4.9945529e+00   2.0021030e+01
   3.0005494e+01   9.9729611e+00  -4.9945529e+00   2.0021030e+01
   3.0018286e+01   9.9648522e+00  -5.0562578e+00   1.9999082e+01
   3.0018286e+01   9.9648522e+00  -5.0562578e+00   1.9999082e+01
   3.0018286e+01   9.9648522e+00  -5.0562578e+00   1.9999082e+01
   3.0016607e+01   9.9393315e+00  -5.0073634e+00   2.0004754e+01
   3.0003853e+01   1.0014654e+01  -5.0099143e+00   1.9992932e+01
   3.0034307e+01   1.0025703e+01  -5.0233187e+00   2.0062267e+01
   3.0051750e+01   9.9969094e+00  -5.0291723e+00   2.0066086e+01
   3.0051750e+01   9.9969094e+00  -5.0291723e+00   2.0066086e+01
   2.9999124e+01   9.9892035e+00  -4.9625736e+00   2.0021082e+01
   2.9999124e+01   9.9892035e+00  -4.9625736e+00   2.0021082e+01
   2.9999124e+01   9.9892035e+00  -4.9625736e+00   2.0021082e+01
   2.9999124e+01   9.9892035e+00  -4.9625736e+00   2.0021082e+01
   2.9999124e+01   9.9892035e+00  -4.9625736e+00   2.0021082e+01
   2.9999124e+01   9.9892035e+00  -4.9625736e+00   2.0021082e+01
   2.9999124e+01   9.9892035e+00  -4.9625736e+00   2.0021082e+01
   2.9993840e+01   9.9583017e+00  -5.0013702e+00   1.9981607e+01
   2.9993840e+01   9.9583017e+00  -5.0013702e+00   1.9981607e+01
   3.0027381e+01   1.0037263e+01  -4.9558817e+00   2.0037984e+01
   2.9945319e+01   9.9139180e+00  -4.9482493e+00   1.9926921e+01
   2.9945319e+01   9.9139180e+00  -4.9482493e+00   1.9926921e+01
   2.9945319e+01   9.9139180e+00  -4.9482493e+00   1.9926921e+01
   2.9945319e+01   9.9139180e+00  -4.9482493e+00   1.9926921e+01
   2.9945319e+01   9.9139180e+00  -4.9482493e+00   1.9926921e+01
   2.9945319e+01   9.9139180e+00  -4.9482493e+00   1.9926921e+01
   2.9945319e+01   9.9139180e+00  -4.9482493e+00   1.9926921e+01
   2.9945319e+01   9.9139180e+00  -4.9482493e+00   1.9926921e+01
   2.9945319e+01   9.9139180e+00  -4.9482493e+00   1.9926921e+01
   2.9945319e+01   9.9139180e+00  -4.9482493e+00   1.9926921e+01
