  -1.6553481e+01  -6.1929717e+00   4.7767408e+01  -3.8141349e+00
  -1.6553481e+01  -6.1929717e+00   4.7767408e+01  -3.8141349e+00
  -1.6553481e+01  -6.1929717e+00   4.7767408e+01  -3.8141349e+00
  -1.6678731e+01  -6.4386764e+00   4.7722404e+01  -3.7254984e+00
  -1.6843556e+01  -6.3046449e+00   4.7542767e+01  -3.8292769e+00
  -1.6537616e+01  -6.2394329e+00   4.7372881e+01  -3.9991743e+00
  -1.6497194e+01  -6.4740607e+00   4.7671206e+01  -3.8131481e+00
  -1.6497194e+01  -6.4740607e+00   4.7671206e+01  -3.8131481e+00
  -1.6497194e+01  -6.4740607e+00   4.7671206e+01  -3.8131481e+00
  -1.6584135e+01  -6.4217522e+00   4.7596690e+01  -3.9147046e+00
  -1.6889048e+01  -6.4352783e+00   4.7529889e+01  -3.6340853e+00
  -1.6879556e+01  -6.2963111e+00   4.7681566e+01  -3.6527184e+00
  -1.7015693e+01  -6.2704933e+00   4.7563415e+01  -3.4672519e+00
  -1.7015693e+01  -6.2704933e+00   4.7563415e+01  -3.4672519e+00
  -1.7015693e+01  -6.2704933e+00   4.7563415e+01  -3.4672519e+00
  -1.7288106e+01  -6.1022754e+00   4.7384338e+01  -3.5898508e+00
  -1.7288106e+01  -6.1022754e+00   4.7384338e+01  -3.5898508e+00
  -1.7288106e+01  -6.1022754e+00   4.7384338e+01  -3.5898508e+00
  -1.7306345e+01  -5.9608739e+00   4.7597035e+01  -3.5285592e+00
  -1.7357033e+01  -6.1106798e+00   4.7794373e+01  -3.4184153e+00
  -1.7717844e+01  -6.1431004e+00   4.7610811e+01  -3.3481196e+00
  -1.7744122e+01  -6.0849246e+00   4.7550636e+01  -3.1352015e+00
  -1.7523474e+01  -5.9006144e+00   4.7612387e+01  -3.3248992e+00
  -1.7488027e+01  -5.8228305e+00   4.7808938e+01  -3.1550213e+00
  -1.7537341e+01  -6.0795712e+00   4.7731022e+01  -3.1232109e+00
  -1.7537341e+01  -6.0795712e+00   4.7731022e+01  -3.1232109e+00
  -1.7537341e+01  -6.0795712e+00   4.7731022e+01  -3.1232109e+00
  -1.7547246e+01  -5.6645140e+00   4.7788179e+01  -3.0760097e+00
  -1.7547246e+01  -5.6645140e+00   4.7788179e+01  -3.0760097e+00
  -1.7547246e+01  -5.6645140e+00   4.7788179e+01  -3.0760097e+00
  -1.7547246e+01  -5.6645140e+00   4.7788179e+01  -3.0760097e+00
  -1.7547246e+01  -5.6645140e+00   4.7788179e+01  -3.0760097e+00
  -1.7547246e+01  -5.6645140e+00   4.7788179e+01  -3.0760097e+00
  -1.7649256e+01  -5.6735336e+00   4.7973611e+01  -3.4831168e+00
  -1.7649256e+01  -5.6735336e+00   4.7973611e+01  -3.4831168e+00
  -1.7649256e+01  -5.6735336e+00   4.7973611e+01  -3.4831168e+00
  -1.7551415e+01  -5.6664293e+00   4.7581314e+01  -3.4303234e+00
  -1.7288729e+01  -5.6959555e+00   4.7402101e+01  -3.2989766e+00
  -1.6851840e+01  -5.9046983e+00   4.7275584e+01  -3.2555526e+00
  -1.6896374e+01  -5.7422254e+00   4.7087911e+01  -3.1415663e+00
  -1.6727889e+01  -5.8665399e+00   4.6963968e+01  -3.1473450e+00
  -1.6805379e+01  -5.9878887e+00   4.6689700e+01  -3.0318976e+00
  -1.6630050e+01  -6.0183038e+00   4.6636255e+01  -3.0911288e+00
  -1.6630050e+01  -6.0183038e+00   4.6636255e+01  -3.0911288e+00
  -1.6630050e+01  -6.0183038e+00   4.6636255e+01  -3.0911288e+00
  -1.6630050e+01  -6.0183038e+00   4.6636255e+01  -3.0911288e+00
  -1.6630050e+01  -6.0183038e+00   4.6636255e+01  -3.0911288e+00
  -1.6630050e+01  -6.0183038e+00   4.6636255e+01  -3.0911288e+00
  -1.6470679e+01  -5.9763500e+00   4.6639095e+01  -3.3805019e+00
  -6.7471986e+00   5.5111463e+00   2.5894311e+01   1.8833439e+01
  -5.0206870e+00   8.7935486e+00   2.9132028e+01   2.0176301e+01
  -4.9819911e+00   9.9723161e+00   3.0045437e+01   2.0002099e+01
  -4.9821271e+00   9.9690848e+00   2.9983115e+01   2.0022706e+01
  -5.0002388e+00   9.9920642e+00   3.0019796e+01   2.0033298e+01
  -5.0002388e+00   9.9920642e+00   3.0019796e+01   2.0033298e+01
  -5.0002388e+00   9.9920642e+00   3.0019796e+01   2.0033298e+01
  -5.0253076e+00   1.0009382e+01   2.9959950e+01   2.0005066e+01
  -4.9465115e+00   9.9945534e+00   3.0020525e+01   2.0039668e+01
  -4.9809433e+00   1.0028683e+01   3.0033720e+01   2.0055349e+01
  -5.0101492e+00   1.0029099e+01   3.0005880e+01   2.0010686e+01
  -5.0101492e+00   1.0029099e+01   3.0005880e+01   2.0010686e+01
  -5.0101492e+00   1.0029099e+01   3.0005880e+01   2.0010686e+01
  -5.0101492e+00   1.0029099e+01   3.0005880e+01   2.0010686e+01
  -5.0101492e+00   1.0029099e+01   3.0005880e+01   2.0010686e+01
  -5.0171679e+00   1.0019436e+01   3.0011931e+01   2.0038636e+01
  -5.0124339e+00   9.9942202e+00   2.9978514e+01   2.0019659e+01
  -5.0124339e+00   9.9942202e+00   2.9978514e+01   2.0019659e+01
  -5.0102096e+00   1.0007800e+01   3.0043137e+01   2.0043325e+01
  -5.0015930e+00   1.0015298e+01   2.9992578e+01   1.9989347e+01
  -5.0090657e+00   9.9750038e+00   2.9983807e+01   1.9997926e+01
  -5.0090657e+00   9.9750038e+00   2.9983807e+01   1.9997926e+01
  -4.9736276e+00   1.0017793e+01   3.0026009e+01   2.0029823e+01
  -4.9736276e+00   1.0017793e+01   3.0026009e+01   2.0029823e+01
  -4.9808802e+00   1.0020222e+01   2.9997141e+01   1.9996358e+01
  -5.0051716e+00   1.0000527e+01   2.9990377e+01   2.0014550e+01
  -4.9800092e+00   1.0001445e+01   2.9962963e+01   1.9997570e+01
  -4.9800092e+00   1.0001445e+01   2.9962963e+01   1.9997570e+01
  -5.0129050e+00   9.9913309e+00   2.9982543e+01   1.9981006e+01
  -5.0129050e+00   9.9913309e+00   2.9982543e+01   1.9981006e+01
  -5.0129050e+00   9.9913309e+00   2.9982543e+01   1.9981006e+01
  -5.0129050e+00   9.9913309e+00   2.9982543e+01   1.9981006e+01
  -5.0129050e+00   9.9913309e+00   2.9982543e+01   1.9981006e+01
  -5.0129050e+00   9.9913309e+00   2.9982543e+01   1.9981006e+01
  -5.0129050e+00   9.9913309e+00   2.9982543e+01   1.9981006e+01
  -5.0129050e+00   9.9913309e+00   2.9982543e+01   1.9981006e+01
  -5.0129050e+00   9.9913309e+00   2.9982543e+01   1.9981006e+01
  -5.0129050e+00   9.9913309e+00   2.9982543e+01   1.9981006e+01
  -5.0129050e+00   9.9913309e+00   2.9982543e+01   1.9981006e+01
  -5.0129050e+00   9.9913309e+00   2.9982543e+01   1.9981006e+01
  -5.0129050e+00   9.9913309e+00   2.9982543e+01   1.9981006e+01
  -5.0129050e+00   9.9913309e+00   2.9982543e+01   1.9981006e+01
  -5.0129050e+00   9.9913309e+00   2.9982543e+01   1.9981006e+01
  -5.0129050e+00   9.9913309e+00   2.9982543e+01   1.9981006e+01
  -5.0129050e+00   9.9913309e+00   2.9982543e+01   1.9981006e+01
  -5.0129050e+00   9.9913309e+00   2.9982543e+01   1.9981006e+01
  -5.0129050e+00   9.9913309e+00   2.9982543e+01   1.9981006e+01
  -5.0129050e+00   9.9913309e+00   2.9982543e+01   1.9981006e+01
  -5.0875293e+00   9.9658991e+00   2.9938372e+01   1.9921542e+01
  -5.0875293e+00   9.9658991e+00   2.9938372e+01   1.9921542e+01
  -5.0875293e+00   9.9658991e+00   2.9938372e+01   1.9921542e+01
