  -2.4969858e+01  -1.4819576e+01   1.7245046e+01  -1.9476638e+01
  -2.4816743e+01  -1.4458820e+01   1.6962619e+01  -1.9728970e+01
  -2.4584690e+01  -1.4472518e+01   1.6760411e+01  -1.9902120e+01
  -2.4714383e+01  -1.4239728e+01   1.6707164e+01  -1.9613666e+01
  -2.4714383e+01  -1.4239728e+01   1.6707164e+01  -1.9613666e+01
  -2.4714383e+01  -1.4239728e+01   1.6707164e+01  -1.9613666e+01
  -2.4714383e+01  -1.4239728e+01   1.6707164e+01  -1.9613666e+01
  -2.4924309e+01  -1.4301367e+01   1.6323662e+01  -1.9265893e+01
  -2.4924309e+01  -1.4301367e+01   1.6323662e+01  -1.9265893e+01
  -2.4867960e+01  -1.3959768e+01   1.6497293e+01  -1.8908171e+01
  -2.4867960e+01  -1.3959768e+01   1.6497293e+01  -1.8908171e+01
  -2.4584683e+01  -1.3860852e+01   1.6483754e+01  -1.8801390e+01
  -2.4246903e+01  -1.3699417e+01   1.6396085e+01  -1.8525098e+01
  -2.4246903e+01  -1.3699417e+01   1.6396085e+01  -1.8525098e+01
  -2.4246903e+01  -1.3699417e+01   1.6396085e+01  -1.8525098e+01
  -2.3977739e+01  -1.3763207e+01   1.6555587e+01  -1.8123308e+01
  -2.4443446e+01  -1.3706316e+01   1.6498022e+01  -1.7931258e+01
  -2.4443446e+01  -1.3706316e+01   1.6498022e+01  -1.7931258e+01
  -2.4092326e+01  -1.4000786e+01   1.6274642e+01  -1.7646377e+01
  -2.4092326e+01  -1.4000786e+01   1.6274642e+01  -1.7646377e+01
  -2.4035290e+01  -1.4016758e+01   1.6309779e+01  -1.7779416e+01
  -2.4035290e+01  -1.4016758e+01   1.6309779e+01  -1.7779416e+01
  -2.4244519e+01  -1.3981077e+01   1.6636868e+01  -1.8005599e+01
  -2.4244519e+01  -1.3981077e+01   1.6636868e+01  -1.8005599e+01
  -2.4244519e+01  -1.3981077e+01   1.6636868e+01  -1.8005599e+01
  -2.4244519e+01  -1.3981077e+01   1.6636868e+01  -1.8005599e+01
  -2.4244519e+01  -1.3981077e+01   1.6636868e+01  -1.8005599e+01
  -2.3890628e+01  -1.4036783e+01   1.6732823e+01  -1.8077827e+01
  -2.3890628e+01  -1.4036783e+01   1.6732823e+01  -1.8077827e+01
  -2.4176069e+01  -1.4038483e+01   1.7017983e+01  -1.8507734e+01
  -2.4055610e+01  -1.4042705e+01   1.6689670e+01  -1.8380540e+01
  -2.3836571e+01  -1.4026043e+01   1.6750889e+01  -1.8234298e+01
  -2.3836571e+01  -1.4026043e+01   1.6750889e+01  -1.8234298e+01
  -2.3728457e+01  -1.4124715e+01   1.7117459e+01  -1.8326812e+01
  -2.3728457e+01  -1.4124715e+01   1.7117459e+01  -1.8326812e+01
  -2.3276039e+01  -1.4235847e+01   1.7071142e+01  -1.8446248e+01
  -2.3153110e+01  -1.4247230e+01   1.7027003e+01  -1.8620031e+01
  -2.2896035e+01  -1.4210513e+01   1.7013903e+01  -1.8765702e+01
  -2.2896035e+01  -1.4210513e+01   1.7013903e+01  -1.8765702e+01
  -2.2896035e+01  -1.4210513e+01   1.7013903e+01  -1.8765702e+01
  -2.3152532e+01  -1.4147666e+01   1.7019901e+01  -1.8567089e+01
  -2.3282314e+01  -1.4229344e+01   1.7157404e+01  -1.8424617e+01
  -2.3182654e+01  -1.3989473e+01   1.7009840e+01  -1.8499018e+01
  -2.3182654e+01  -1.3989473e+01   1.7009840e+01  -1.8499018e+01
  -2.3182654e+01  -1.3989473e+01   1.7009840e+01  -1.8499018e+01
  -2.3182654e+01  -1.3989473e+01   1.7009840e+01  -1.8499018e+01
  -2.3069386e+01  -1.3494112e+01   1.6986874e+01  -1.8380255e+01
  -2.3298834e+01  -1.3633389e+01   1.6951872e+01  -1.7845174e+01
  -2.3521804e+01  -1.3371597e+01   1.7038181e+01  -1.8172510e+01
  -5.5658485e+00   1.7915839e+01   1.0038745e+01   9.6323622e+00
  -5.0423573e+00   1.9964242e+01   9.9539876e+00   9.9294275e+00
  -5.0423573e+00   1.9964242e+01   9.9539876e+00   9.9294275e+00
  -5.0423573e+00   1.9964242e+01   9.9539876e+00   9.9294275e+00
  -5.0423573e+00   1.9964242e+01   9.9539876e+00   9.9294275e+00
  -5.0423573e+00   1.9964242e+01   9.9539876e+00   9.9294275e+00
  -5.0877636e+00   1.9976087e+01   1.0125782e+01   9.9118291e+00
  -5.0149571e+00   2.0004211e+01   1.0051882e+01   9.8873308e+00
  -5.0380523e+00   1.9993061e+01   1.0019847e+01   1.0014125e+01
  -5.0380523e+00   1.9993061e+01   1.0019847e+01   1.0014125e+01
  -4.9451611e+00   1.9948565e+01   9.9719693e+00   9.9749233e+00
  -4.9834751e+00   1.9993531e+01   1.0026026e+01   9.9917667e+00
  -4.9834751e+00   1.9993531e+01   1.0026026e+01   9.9917667e+00
  -4.9834751e+00   1.9993531e+01   1.0026026e+01   9.9917667e+00
  -4.9834751e+00   1.9993531e+01   1.0026026e+01   9.9917667e+00
  -4.9834751e+00   1.9993531e+01   1.0026026e+01   9.9917667e+00
  -5.0121011e+00   2.0011644e+01   1.0010664e+01   1.0047010e+01
  -5.0121011e+00   2.0011644e+01   1.0010664e+01   1.0047010e+01
  -4.8764075e+00   1.9960919e+01   9.9224459e+00   1.0085572e+01
  -4.8764075e+00   1.9960919e+01   9.9224459e+00   1.0085572e+01
  -5.0606383e+00   1.9995078e+01   1.0025673e+01   9.9848389e+00
  -5.0606383e+00   1.9995078e+01   1.0025673e+01   9.9848389e+00
  -5.0606383e+00   1.9995078e+01   1.0025673e+01   9.9848389e+00
  -5.0606383e+00   1.9995078e+01   1.0025673e+01   9.9848389e+00
  -5.0606383e+00   1.9995078e+01   1.0025673e+01   9.9848389e+00
  -5.0020738e+00   2.0023208e+01   1.0057998e+01   9.9796811e+00
  -4.9435236e+00   1.9962729e+01   9.9647329e+00   1.0050177e+01
  -4.9435236e+00   1.9962729e+01   9.9647329e+00   1.0050177e+01
  -4.9435236e+00   1.9962729e+01   9.9647329e+00   1.0050177e+01
  -4.9435236e+00   1.9962729e+01   9.9647329e+00   1.0050177e+01
  -4.9435236e+00   1.9962729e+01   9.9647329e+00   1.0050177e+01
  -4.9435236e+00   1.9962729e+01   9.9647329e+00   1.0050177e+01
  -4.9435236e+00   1.9962729e+01   9.9647329e+00   1.0050177e+01
  -4.9435236e+00   1.9962729e+01   9.9647329e+00   1.0050177e+01
  -4.9435236e+00   1.9962729e+01   9.9647329e+00   1.0050177e+01
  -4.9435236e+00   1.9962729e+01   9.9647329e+00   1.0050177e+01
  -4.9435236e+00   1.9962729e+01   9.9647329e+00   1.0050177e+01
  -4.9435236e+00   1.9962729e+01   9.9647329e+00   1.0050177e+01
  -4.9435236e+00   1.9962729e+01   9.9647329e+00   1.0050177e+01
  -4.9435236e+00   1.9962729e+01   9.9647329e+00   1.0050177e+01
  -4.9435236e+00   1.9962729e+01   9.9647329e+00   1.0050177e+01
  -4.9435236e+00   1.9962729e+01   9.9647329e+00   1.0050177e+01
  -4.9435236e+00   1.9962729e+01   9.9647329e+00   1.0050177e+01
  -4.9435236e+00   1.9962729e+01   9.9647329e+00   1.0050177e+01
  -4.9435236e+00   1.9962729e+01   9.9647329e+00   1.0050177e+01
  -4.9435236e+00   1.9962729e+01   9.9647329e+00   1.0050177e+01
  -4.9435236e+00   1.9962729e+01   9.9647329e+00   1.0050177e+01
  -4.9435236e+00   1.9962729e+01   9.9647329e+00   1.0050177e+01
  -4.9435236e+00   1.9962729e+01   9.9647329e+00   1.0050177e+01
  -4.9435236e+00   1.9962729e+01   9.9647329e+00   1.0050177e+01
  -4.9435236e+00   1.9962729e+01   9.9647329e+00   1.0050177e+01
