  -3.7571652e+00   4.2547137e+01   2.3181926e+01   3.5537391e+01
  -3.7571652e+00   4.2547137e+01   2.3181926e+01   3.5537391e+01
  -3.7571652e+00   4.2547137e+01   2.3181926e+01   3.5537391e+01
  -3.7571652e+00   4.2547137e+01   2.3181926e+01   3.5537391e+01
  -3.7571652e+00   4.2547137e+01   2.3181926e+01   3.5537391e+01
  -3.7571652e+00   4.2547137e+01   2.3181926e+01   3.5537391e+01
  -4.1622633e+00   4.2086001e+01   2.3021321e+01   3.5510374e+01
  -4.1108053e+00   4.1968905e+01   2.2992852e+01   3.5473669e+01
  -3.9638988e+00   4.1881674e+01   2.2436445e+01   3.5192608e+01
  -3.9638988e+00   4.1881674e+01   2.2436445e+01   3.5192608e+01
  -3.9638988e+00   4.1881674e+01   2.2436445e+01   3.5192608e+01
  -3.9638988e+00   4.1881674e+01   2.2436445e+01   3.5192608e+01
  -4.0291685e+00   4.1483904e+01   2.2381857e+01   3.5266008e+01
  -4.0291685e+00   4.1483904e+01   2.2381857e+01   3.5266008e+01
  -4.0291685e+00   4.1483904e+01   2.2381857e+01   3.5266008e+01
  -3.8826638e+00   4.1742306e+01   2.2370662e+01   3.4924995e+01
  -3.8826638e+00   4.1742306e+01   2.2370662e+01   3.4924995e+01
  -3.9915656e+00   4.1668343e+01   2.2611586e+01   3.4979081e+01
  -3.7946938e+00   4.1619842e+01   2.2499434e+01   3.4838837e+01
  -3.7315523e+00   4.1837200e+01   2.2199557e+01   3.4988534e+01
  -3.9911105e+00   4.1966013e+01   2.2010857e+01   3.5107536e+01
  -4.0264849e+00   4.1725708e+01   2.1836140e+01   3.4684114e+01
  -4.1219270e+00   4.1232443e+01   2.2178767e+01   3.4914896e+01
  -4.1219270e+00   4.1232443e+01   2.2178767e+01   3.4914896e+01
  -4.1713771e+00   4.1216023e+01   2.2447337e+01   3.4576119e+01
  -4.3659617e+00   4.1057182e+01   2.2528742e+01   3.4590728e+01
  -4.5916346e+00   4.1127969e+01   2.2280188e+01   3.4709459e+01
  -4.5275499e+00   4.1154453e+01   2.1994724e+01   3.4644158e+01
  -4.5708130e+00   4.0801477e+01   2.1963468e+01   3.4648519e+01
  -4.7156522e+00   4.0744627e+01   2.2044204e+01   3.4593174e+01
  -4.7156522e+00   4.0744627e+01   2.2044204e+01   3.4593174e+01
  -4.7156522e+00   4.0744627e+01   2.2044204e+01   3.4593174e+01
  -4.7156522e+00   4.0744627e+01   2.2044204e+01   3.4593174e+01
  -4.7156522e+00   4.0744627e+01   2.2044204e+01   3.4593174e+01
  -4.5755357e+00   4.0867834e+01   2.1843932e+01   3.4472041e+01
  -4.5755357e+00   4.0867834e+01   2.1843932e+01   3.4472041e+01
  -4.3771139e+00   4.0848157e+01   2.1874583e+01   3.4400185e+01
  -4.3771139e+00   4.0848157e+01   2.1874583e+01   3.4400185e+01
  -4.6255001e+00   4.0668919e+01   2.1733521e+01   3.4548932e+01
  -4.6255001e+00   4.0668919e+01   2.1733521e+01   3.4548932e+01
  -4.6318701e+00   4.0693363e+01   2.1845498e+01   3.4402844e+01
  -4.6193771e+00   4.0788345e+01   2.1673286e+01   3.3858924e+01
  -4.5376929e+00   4.0719031e+01   2.1359688e+01   3.3708275e+01
  -4.5376929e+00   4.0719031e+01   2.1359688e+01   3.3708275e+01
  -4.5376929e+00   4.0719031e+01   2.1359688e+01   3.3708275e+01
  -4.7404718e+00   4.0586975e+01   2.1275879e+01   3.3872212e+01
  -5.2216721e+00   4.0607146e+01   2.1253765e+01   3.3776934e+01
  -4.9726366e+00   4.0537137e+01   2.1224507e+01   3.3759680e+01
  -4.6411298e+00   4.0615939e+01   2.1146062e+01   3.3649263e+01
  -6.4168409e+00   1.9452322e+01   2.9195909e+01   1.0663311e+01
  -5.0156209e+00   1.9914371e+01   2.9925293e+01   1.0069838e+01
  -5.0293468e+00   2.0015303e+01   3.0008205e+01   1.0025255e+01
  -4.9963719e+00   2.0014509e+01   3.0033825e+01   1.0012504e+01
  -5.0166954e+00   1.9968646e+01   2.9990069e+01   1.0017638e+01
  -5.0044384e+00   1.9983616e+01   3.0009764e+01   1.0019113e+01
  -5.0473188e+00   1.9933104e+01   2.9941212e+01   9.9943443e+00
  -5.0028808e+00   2.0023261e+01   2.9999028e+01   1.0028307e+01
  -5.0017221e+00   2.0009568e+01   3.0039083e+01   1.0011540e+01
  -5.0017221e+00   2.0009568e+01   3.0039083e+01   1.0011540e+01
  -5.0017221e+00   2.0009568e+01   3.0039083e+01   1.0011540e+01
  -5.0017221e+00   2.0009568e+01   3.0039083e+01   1.0011540e+01
  -5.0017221e+00   2.0009568e+01   3.0039083e+01   1.0011540e+01
  -4.9696486e+00   1.9947304e+01   2.9984324e+01   9.9828410e+00
  -5.0075322e+00   2.0028167e+01   3.0001725e+01   9.9998214e+00
  -5.0075322e+00   2.0028167e+01   3.0001725e+01   9.9998214e+00
  -4.9931737e+00   1.9966690e+01   2.9958344e+01   9.9928164e+00
  -4.9931737e+00   1.9966690e+01   2.9958344e+01   9.9928164e+00
  -4.9931737e+00   1.9966690e+01   2.9958344e+01   9.9928164e+00
  -4.9963793e+00   2.0002213e+01   3.0006638e+01   9.9740114e+00
  -5.0189984e+00   2.0013762e+01   3.0011893e+01   1.0024803e+01
  -5.0189984e+00   2.0013762e+01   3.0011893e+01   1.0024803e+01
  -5.0189984e+00   2.0013762e+01   3.0011893e+01   1.0024803e+01
  -4.9995939e+00   1.9958037e+01   2.9971313e+01   9.9986567e+00
  -4.9607694e+00   1.9962984e+01   2.9993150e+01   1.0011957e+01
  -5.0040991e+00   2.0050518e+01   3.0030301e+01   1.0018816e+01
  -5.0356091e+00   2.0000587e+01   2.9995103e+01   1.0026034e+01
  -4.9584995e+00   1.9956386e+01   2.9970746e+01   1.0001745e+01
  -5.0162886e+00   1.9960928e+01   2.9942365e+01   9.9739237e+00
  -5.0189019e+00   1.9973403e+01   2.9988927e+01   9.9562565e+00
  -5.1998322e+00   1.9934851e+01   2.9921382e+01   1.0053831e+01
  -5.1998322e+00   1.9934851e+01   2.9921382e+01   1.0053831e+01
  -5.1998322e+00   1.9934851e+01   2.9921382e+01   1.0053831e+01
  -5.1998322e+00   1.9934851e+01   2.9921382e+01   1.0053831e+01
  -5.1998322e+00   1.9934851e+01   2.9921382e+01   1.0053831e+01
  -5.1998322e+00   1.9934851e+01   2.9921382e+01   1.0053831e+01
  -5.0180999e+00   2.0016932e+01   3.0018721e+01   9.9818202e+00
  -4.9854859e+00   1.9992804e+01   3.0031355e+01   9.9947903e+00
  -4.9736319e+00   2.0019015e+01   3.0097573e+01   1.0024764e+01
  -4.9736319e+00   2.0019015e+01   3.0097573e+01   1.0024764e+01
  -4.9736319e+00   2.0019015e+01   3.0097573e+01   1.0024764e+01
  -4.9736319e+00   2.0019015e+01   3.0097573e+01   1.0024764e+01
  -4.9736319e+00   2.0019015e+01   3.0097573e+01   1.0024764e+01
  -4.9736319e+00   2.0019015e+01   3.0097573e+01   1.0024764e+01
  -4.9736319e+00   2.0019015e+01   3.0097573e+01   1.0024764e+01
  -4.9736319e+00   2.0019015e+01   3.0097573e+01   1.0024764e+01
  -4.9736319e+00   2.0019015e+01   3.0097573e+01   1.0024764e+01
  -4.9736319e+00   2.0019015e+01   3.0097573e+01   1.0024764e+01
  -4.9736319e+00   2.0019015e+01   3.0097573e+01   1.0024764e+01
  -4.9736319e+00   2.0019015e+01   3.0097573e+01   1.0024764e+01
  -4.9736319e+00   2.0019015e+01   3.0097573e+01   1.0024764e+01
