   6.1174209e+00   1.3447910e+01   4.2459171e+01   1.6357552e+01
   6.4222585e+00   1.3042890e+01   4.2423668e+01   1.6176599e+01
   6.4222585e+00   1.3042890e+01   4.2423668e+01   1.6176599e+01
   6.6204745e+00   1.2866376e+01   4.2329118e+01   1.5945714e+01
   6.7788675e+00   1.2919924e+01   4.2137577e+01   1.5937535e+01
   6.7514067e+00   1.3089101e+01   4.2178200e+01   1.5915106e+01
   6.7825166e+00   1.3188144e+01   4.1885267e+01   1.5952231e+01
   6.7825166e+00   1.3188144e+01   4.1885267e+01   1.5952231e+01
   7.0673196e+00   1.2711436e+01   4.1643687e+01   1.5926976e+01
   6.8465757e+00   1.2636187e+01   4.1639769e+01   1.5723888e+01
   7.0813972e+00   1.2813211e+01   4.1598683e+01   1.5623135e+01
   7.0155341e+00   1.2642446e+01   4.1453668e+01   1.5760076e+01
   6.8620239e+00   1.2663796e+01   4.1426581e+01   1.5886385e+01
   6.8620239e+00   1.2663796e+01   4.1426581e+01   1.5886385e+01
   6.8620239e+00   1.2663796e+01   4.1426581e+01   1.5886385e+01
   6.8620239e+00   1.2663796e+01   4.1426581e+01   1.5886385e+01
   6.6359220e+00   1.2504268e+01   4.1858665e+01   1.6051048e+01
   7.1139407e+00   1.2547408e+01   4.2019270e+01   1.6183790e+01
   7.1473741e+00   1.1997462e+01   4.2001065e+01   1.6061014e+01
   7.2230896e+00   1.2065030e+01   4.1764428e+01   1.6134690e+01
   7.4397664e+00   1.1985654e+01   4.2063462e+01   1.6438437e+01
   7.4397664e+00   1.1985654e+01   4.2063462e+01   1.6438437e+01
   7.5579481e+00   1.2031959e+01   4.1782916e+01   1.6679623e+01
   7.5579481e+00   1.2031959e+01   4.1782916e+01   1.6679623e+01
   7.7577461e+00   1.1993480e+01   4.1662974e+01   1.6804315e+01
   7.7577461e+00   1.1993480e+01   4.1662974e+01   1.6804315e+01
   7.7577461e+00   1.1993480e+01   4.1662974e+01   1.6804315e+01
   7.5774446e+00   1.2039262e+01   4.1629517e+01   1.7131666e+01
   7.3782633e+00   1.2297257e+01   4.1678088e+01   1.7135655e+01
   7.5905143e+00   1.2168995e+01   4.1769483e+01   1.7336452e+01
   7.5905143e+00   1.2168995e+01   4.1769483e+01   1.7336452e+01
   7.5905143e+00   1.2168995e+01   4.1769483e+01   1.7336452e+01
   7.7884096e+00   1.2129692e+01   4.1765935e+01   1.7394070e+01
   8.0764122e+00   1.2347374e+01   4.1681768e+01   1.7665057e+01
   8.0764122e+00   1.2347374e+01   4.1681768e+01   1.7665057e+01
   7.9958731e+00   1.2481616e+01   4.1415158e+01   1.7948937e+01
   7.9958731e+00   1.2481616e+01   4.1415158e+01   1.7948937e+01
   8.0147882e+00   1.2273350e+01   4.1178330e+01   1.8038936e+01
   7.9165709e+00   1.2338022e+01   4.1473364e+01   1.8275346e+01
   8.2466774e+00   1.2029318e+01   4.1368576e+01   1.8345020e+01
   8.0403175e+00   1.2052623e+01   4.1357497e+01   1.8448335e+01
   8.1679343e+00   1.2330019e+01   4.1441783e+01   1.8555928e+01
   7.7695875e+00   1.2328989e+01   4.1496276e+01   1.8294892e+01
   7.6803905e+00   1.2006250e+01   4.1217147e+01   1.8106660e+01
   7.8269957e+00   1.2045809e+01   4.1122868e+01   1.8090732e+01
   7.8269957e+00   1.2045809e+01   4.1122868e+01   1.8090732e+01
   7.9792115e+00   1.1745111e+01   4.1026353e+01   1.8014421e+01
   7.7540482e+00   1.1432106e+01   4.1018228e+01   1.7955548e+01
   7.6675012e+00   1.1740698e+01   4.1391707e+01   1.7920075e+01
   3.5525664e+00   1.0435836e+01   8.9773183e-01   1.8543586e+01
   3.9537867e+00   1.0061816e+01   1.1552691e+00   2.0101578e+01
   3.9537867e+00   1.0061816e+01   1.1552691e+00   2.0101578e+01
   3.9537867e+00   1.0061816e+01   1.1552691e+00   2.0101578e+01
   3.9537867e+00   1.0061816e+01   1.1552691e+00   2.0101578e+01
   3.7056354e+00   1.0432496e+01   1.3733610e+00   1.9650404e+01
   3.7056354e+00   1.0432496e+01   1.3733610e+00   1.9650404e+01
   3.7056354e+00   1.0432496e+01   1.3733610e+00   1.9650404e+01
   3.7056354e+00   1.0432496e+01   1.3733610e+00   1.9650404e+01
   3.7056354e+00   1.0432496e+01   1.3733610e+00   1.9650404e+01
   3.7056354e+00   1.0432496e+01   1.3733610e+00   1.9650404e+01
   3.7056354e+00   1.0432496e+01   1.3733610e+00   1.9650404e+01
   3.7056354e+00   1.0432496e+01   1.3733610e+00   1.9650404e+01
   3.7056354e+00   1.0432496e+01   1.3733610e+00   1.9650404e+01
   3.7056354e+00   1.0432496e+01   1.3733610e+00   1.9650404e+01
   3.7056354e+00   1.0432496e+01   1.3733610e+00   1.9650404e+01
   3.7056354e+00   1.0432496e+01   1.3733610e+00   1.9650404e+01
   3.7056354e+00   1.0432496e+01   1.3733610e+00   1.9650404e+01
   3.7056354e+00   1.0432496e+01   1.3733610e+00   1.9650404e+01
   3.7056354e+00   1.0432496e+01   1.3733610e+00   1.9650404e+01
   3.7056354e+00   1.0432496e+01   1.3733610e+00   1.9650404e+01
   3.7056354e+00   1.0432496e+01   1.3733610e+00   1.9650404e+01
   3.7056354e+00   1.0432496e+01   1.3733610e+00   1.9650404e+01
   3.7056354e+00   1.0432496e+01   1.3733610e+00   1.9650404e+01
   3.7056354e+00   1.0432496e+01   1.3733610e+00   1.9650404e+01
   3.7056354e+00   1.0432496e+01   1.3733610e+00   1.9650404e+01
   3.7056354e+00   1.0432496e+01   1.3733610e+00   1.9650404e+01
   3.7056354e+00   1.0432496e+01   1.3733610e+00   1.9650404e+01
   3.7056354e+00   1.0432496e+01   1.3733610e+00   1.9650404e+01
   3.7056354e+00   1.0432496e+01   1.3733610e+00   1.9650404e+01
   3.7056354e+00   1.0432496e+01   1.3733610e+00   1.9650404e+01
   3.7056354e+00   1.0432496e+01   1.3733610e+00   1.9650404e+01
   3.7056354e+00   1.0432496e+01   1.3733610e+00   1.9650404e+01
   3.7056354e+00   1.0432496e+01   1.3733610e+00   1.9650404e+01
   3.7056354e+00   1.0432496e+01   1.3733610e+00   1.9650404e+01
   3.7056354e+00   1.0432496e+01   1.3733610e+00   1.9650404e+01
   3.7180913e+00   1.0402006e+01   1.3295662e+00   1.9627960e+01
   3.7180913e+00   1.0402006e+01   1.3295662e+00   1.9627960e+01
   3.8812903e+00   1.0132556e+01   1.1159409e+00   1.9829047e+01
   3.8812903e+00   1.0132556e+01   1.1159409e+00   1.9829047e+01
   3.8812903e+00   1.0132556e+01   1.1159409e+00   1.9829047e+01
   3.8812903e+00   1.0132556e+01   1.1159409e+00   1.9829047e+01
   3.8812903e+00   1.0132556e+01   1.1159409e+00   1.9829047e+01
   3.8812903e+00   1.0132556e+01   1.1159409e+00   1.9829047e+01
   3.8812903e+00   1.0132556e+01   1.1159409e+00   1.9829047e+01
   3.7494805e+00   1.0315652e+01   1.1943080e+00   1.9538883e+01
   3.8831313e+00   1.0036396e+01   8.6039971e-01   1.9486656e+01
   3.8831313e+00   1.0036396e+01   8.6039971e-01   1.9486656e+01
   3.8831313e+00   1.0036396e+01   8.6039971e-01   1.9486656e+01
   3.8831313e+00   1.0036396e+01   8.6039971e-01   1.9486656e+01
   3.8831313e+00   1.0036396e+01   8.6039971e-01   1.9486656e+01
