   3.8668011e+01  -8.7900303e+00  -2.9362896e+00   3.7557984e+01
   3.8843271e+01  -8.7284951e+00  -2.7277614e+00   3.7557721e+01
   3.8843271e+01  -8.7284951e+00  -2.7277614e+00   3.7557721e+01
   3.8843271e+01  -8.7284951e+00  -2.7277614e+00   3.7557721e+01
   3.8843271e+01  -8.7284951e+00  -2.7277614e+00   3.7557721e+01
   3.8919267e+01  -8.4353133e+00  -2.5439704e+00   3.7549510e+01
   3.8919267e+01  -8.4353133e+00  -2.5439704e+00   3.7549510e+01
   3.8768465e+01  -8.3060529e+00  -2.8911088e+00   3.7548014e+01
   3.8768465e+01  -8.3060529e+00  -2.8911088e+00   3.7548014e+01
   3.9143740e+01  -8.0172529e+00  -3.1094007e+00   3.7084252e+01
   3.9282544e+01  -8.3115721e+00  -2.9359761e+00   3.6883488e+01
   3.9282544e+01  -8.3115721e+00  -2.9359761e+00   3.6883488e+01
   3.8996005e+01  -8.7915339e+00  -2.7068425e+00   3.6942888e+01
   3.9116635e+01  -8.3499265e+00  -2.4964212e+00   3.6987209e+01
   3.9490508e+01  -8.5344468e+00  -2.7591904e+00   3.6667206e+01
   3.9490508e+01  -8.5344468e+00  -2.7591904e+00   3.6667206e+01
   3.9796178e+01  -8.6080266e+00  -2.7284335e+00   3.6612201e+01
   3.9603371e+01  -8.6513308e+00  -2.6183889e+00   3.6792977e+01
   3.9598284e+01  -8.7660611e+00  -2.7640104e+00   3.6905336e+01
   3.9530257e+01  -8.6199049e+00  -2.9450992e+00   3.6674848e+01
   3.9332546e+01  -8.7127982e+00  -2.6380615e+00   3.6495530e+01
   3.9765724e+01  -8.7069711e+00  -2.7555612e+00   3.6300622e+01
   3.9672842e+01  -8.9457162e+00  -2.8591580e+00   3.6505993e+01
   3.9672842e+01  -8.9457162e+00  -2.8591580e+00   3.6505993e+01
   3.9797442e+01  -8.9189038e+00  -2.7834000e+00   3.6418182e+01
   3.9896164e+01  -8.3491627e+00  -2.6372655e+00   3.6602243e+01
   4.0126251e+01  -8.5217084e+00  -2.3623311e+00   3.6373636e+01
   4.0046766e+01  -8.2558463e+00  -2.6630743e+00   3.6567912e+01
   3.9904341e+01  -7.8194294e+00  -3.0565867e+00   3.6435908e+01
   3.9904341e+01  -7.8194294e+00  -3.0565867e+00   3.6435908e+01
   3.9904341e+01  -7.8194294e+00  -3.0565867e+00   3.6435908e+01
   3.9904341e+01  -7.8194294e+00  -3.0565867e+00   3.6435908e+01
   3.9807075e+01  -7.5357235e+00  -2.8474729e+00   3.6483501e+01
   3.9275631e+01  -7.4163681e+00  -2.9113200e+00   3.6602321e+01
   3.9478267e+01  -7.4138415e+00  -2.5742493e+00   3.6418766e+01
   3.9478267e+01  -7.4138415e+00  -2.5742493e+00   3.6418766e+01
   3.9478267e+01  -7.4138415e+00  -2.5742493e+00   3.6418766e+01
   3.9478267e+01  -7.4138415e+00  -2.5742493e+00   3.6418766e+01
   3.9487649e+01  -7.3461357e+00  -3.0952755e+00   3.6645548e+01
   3.9487649e+01  -7.3461357e+00  -3.0952755e+00   3.6645548e+01
   3.9487649e+01  -7.3461357e+00  -3.0952755e+00   3.6645548e+01
   3.9487649e+01  -7.3461357e+00  -3.0952755e+00   3.6645548e+01
   3.9710744e+01  -7.1945259e+00  -2.8829187e+00   3.6603374e+01
   3.9922200e+01  -7.2433106e+00  -3.5003502e+00   3.6541382e+01
   3.9624639e+01  -7.4191450e+00  -3.4626039e+00   3.6558750e+01
   3.9896342e+01  -7.3465237e+00  -3.4354958e+00   3.6555955e+01
   3.9896342e+01  -7.3465237e+00  -3.4354958e+00   3.6555955e+01
   3.9707427e+01  -7.1766042e+00  -3.4747170e+00   3.6388989e+01
   3.9707427e+01  -7.1766042e+00  -3.4747170e+00   3.6388989e+01
   2.9617277e+01   9.5967350e+00  -3.8976262e+00   1.9191611e+01
   3.0018083e+01   9.9572297e+00  -4.9716550e+00   1.9966822e+01
   3.0018929e+01   9.9643745e+00  -5.0007283e+00   2.0021245e+01
   2.9985499e+01   9.9685399e+00  -5.0029142e+00   1.9962505e+01
   2.9984389e+01   9.9726489e+00  -4.9770547e+00   1.9981262e+01
   2.9984389e+01   9.9726489e+00  -4.9770547e+00   1.9981262e+01
   3.0003123e+01   9.9979411e+00  -5.0361657e+00   2.0009412e+01
   3.0001816e+01   9.9886996e+00  -5.0123220e+00   2.0004686e+01
   2.9980064e+01   9.9886233e+00  -5.0156379e+00   1.9982645e+01
   2.9992615e+01   9.9882376e+00  -5.0317113e+00   1.9985458e+01
   3.0003076e+01   9.9993438e+00  -4.9830382e+00   1.9973637e+01
   2.9960413e+01   1.0009634e+01  -4.9988890e+00   1.9954149e+01
   2.9960413e+01   1.0009634e+01  -4.9988890e+00   1.9954149e+01
   2.9960413e+01   1.0009634e+01  -4.9988890e+00   1.9954149e+01
   2.9975846e+01   9.9670939e+00  -5.0108439e+00   1.9989164e+01
   3.0030445e+01   9.9861480e+00  -4.9938112e+00   2.0018388e+01
   2.9998935e+01   9.9632083e+00  -5.0489070e+00   2.0000264e+01
   2.9998935e+01   9.9632083e+00  -5.0489070e+00   2.0000264e+01
   2.9998935e+01   9.9632083e+00  -5.0489070e+00   2.0000264e+01
   2.9998935e+01   9.9632083e+00  -5.0489070e+00   2.0000264e+01
   2.9985370e+01   9.9849444e+00  -4.9916837e+00   1.9975377e+01
   2.9987907e+01   1.0054801e+01  -4.9652671e+00   2.0003858e+01
   2.9968565e+01   9.9816626e+00  -5.0141596e+00   1.9999249e+01
   2.9981621e+01   1.0013477e+01  -4.9628489e+00   1.9954519e+01
   2.9977755e+01   1.0012105e+01  -5.0100891e+00   1.9983411e+01
   2.9983419e+01   1.0023397e+01  -5.0050820e+00   1.9961533e+01
   2.9983419e+01   1.0023397e+01  -5.0050820e+00   1.9961533e+01
   2.9983419e+01   1.0023397e+01  -5.0050820e+00   1.9961533e+01
   2.9983419e+01   1.0023397e+01  -5.0050820e+00   1.9961533e+01
   2.9983419e+01   1.0023397e+01  -5.0050820e+00   1.9961533e+01
   2.9983419e+01   1.0023397e+01  -5.0050820e+00   1.9961533e+01
   2.9983419e+01   1.0023397e+01  -5.0050820e+00   1.9961533e+01
   2.9983419e+01   1.0023397e+01  -5.0050820e+00   1.9961533e+01
   2.9983419e+01   1.0023397e+01  -5.0050820e+00   1.9961533e+01
   2.9983419e+01   1.0023397e+01  -5.0050820e+00   1.9961533e+01
   2.9983419e+01   1.0023397e+01  -5.0050820e+00   1.9961533e+01
   3.0030746e+01   1.0029143e+01  -5.0792287e+00   2.0031998e+01
   3.0030746e+01   1.0029143e+01  -5.0792287e+00   2.0031998e+01
   3.0030746e+01   1.0029143e+01  -5.0792287e+00   2.0031998e+01
   3.0030746e+01   1.0029143e+01  -5.0792287e+00   2.0031998e+01
   3.0030746e+01   1.0029143e+01  -5.0792287e+00   2.0031998e+01
   3.0030746e+01   1.0029143e+01  -5.0792287e+00   2.0031998e+01
   3.0030746e+01   1.0029143e+01  -5.0792287e+00   2.0031998e+01
   3.0030746e+01   1.0029143e+01  -5.0792287e+00   2.0031998e+01
   3.0030746e+01   1.0029143e+01  -5.0792287e+00   2.0031998e+01
   3.0030746e+01   1.0029143e+01  -5.0792287e+00   2.0031998e+01
   3.0030746e+01   1.0029143e+01  -5.0792287e+00   2.0031998e+01
   3.0030746e+01   1.0029143e+01  -5.0792287e+00   2.0031998e+01
   3.0030746e+01   1.0029143e+01  -5.0792287e+00   2.0031998e+01
   3.0030746e+01   1.0029143e+01  -5.0792287e+00   2.0031998e+01
   3.0030746e+01   1.0029143e+01  -5.0792287e+00   2.0031998e+01
