   1.7879870e+00   1.8194016e+01   3.3388365e+01   2.4081723e+01
   1.7879870e+00   1.8194016e+01   3.3388365e+01   2.4081723e+01
   1.7879870e+00   1.8194016e+01   3.3388365e+01   2.4081723e+01
   2.0090740e+00   1.8379755e+01   3.3169195e+01   2.3965643e+01
   1.8494523e+00   1.8248853e+01   3.3191734e+01   2.3864725e+01
   1.8253271e+00   1.8251907e+01   3.3296597e+01   2.4095059e+01
   1.8253271e+00   1.8251907e+01   3.3296597e+01   2.4095059e+01
   1.8253271e+00   1.8251907e+01   3.3296597e+01   2.4095059e+01
   1.8253271e+00   1.8251907e+01   3.3296597e+01   2.4095059e+01
   1.8253271e+00   1.8251907e+01   3.3296597e+01   2.4095059e+01
   1.7511635e+00   1.8231405e+01   3.3453893e+01   2.4302604e+01
   1.7329091e+00   1.8135568e+01   3.3587129e+01   2.4283995e+01
   1.7483975e+00   1.8204741e+01   3.3584335e+01   2.4449573e+01
   1.5587693e+00   1.8348876e+01   3.3508357e+01   2.4338940e+01
   1.4876414e+00   1.8240611e+01   3.3717184e+01   2.4494778e+01
   1.4876414e+00   1.8240611e+01   3.3717184e+01   2.4494778e+01
   1.0357966e+00   1.8066281e+01   3.3696317e+01   2.4743072e+01
   1.0357966e+00   1.8066281e+01   3.3696317e+01   2.4743072e+01
   1.1113040e+00   1.7863775e+01   3.3575473e+01   2.5209955e+01
   1.0433634e+00   1.8205336e+01   3.3731788e+01   2.5090530e+01
   1.1046082e+00   1.8335342e+01   3.3946616e+01   2.4966680e+01
   1.1046082e+00   1.8335342e+01   3.3946616e+01   2.4966680e+01
   1.1046082e+00   1.8335342e+01   3.3946616e+01   2.4966680e+01
   1.1686179e+00   1.8176163e+01   3.3888314e+01   2.4803420e+01
   1.1686179e+00   1.8176163e+01   3.3888314e+01   2.4803420e+01
   1.1686179e+00   1.8176163e+01   3.3888314e+01   2.4803420e+01
   1.1686179e+00   1.8176163e+01   3.3888314e+01   2.4803420e+01
   1.2598307e+00   1.8305087e+01   3.3814178e+01   2.4566493e+01
   1.4667027e+00   1.8126350e+01   3.3762356e+01   2.4771776e+01
   1.8819697e+00   1.7978116e+01   3.3534993e+01   2.4958142e+01
   2.1960277e+00   1.7912163e+01   3.3305979e+01   2.5075835e+01
   2.1960277e+00   1.7912163e+01   3.3305979e+01   2.5075835e+01
   2.1145089e+00   1.7609912e+01   3.3155282e+01   2.5150821e+01
   2.2702397e+00   1.7500970e+01   3.2903674e+01   2.5084265e+01
   2.4578189e+00   1.7570001e+01   3.2744900e+01   2.4866974e+01
   2.8136668e+00   1.7665109e+01   3.3130466e+01   2.5040466e+01
   2.9099948e+00   1.7861786e+01   3.3470070e+01   2.5003502e+01
   2.8719669e+00   1.8033570e+01   3.3530027e+01   2.4778272e+01
   2.8719669e+00   1.8033570e+01   3.3530027e+01   2.4778272e+01
   2.8719669e+00   1.8033570e+01   3.3530027e+01   2.4778272e+01
   2.8719669e+00   1.8033570e+01   3.3530027e+01   2.4778272e+01
   2.8940887e+00   1.8127524e+01   3.3573648e+01   2.4108513e+01
   3.0584644e+00   1.8227661e+01   3.3291947e+01   2.3809201e+01
   3.0584644e+00   1.8227661e+01   3.3291947e+01   2.3809201e+01
   3.0584644e+00   1.8227661e+01   3.3291947e+01   2.3809201e+01
   3.0817511e+00   1.8339489e+01   3.3168702e+01   2.4033687e+01
   3.0080071e+00   1.8466700e+01   3.3114883e+01   2.4346027e+01
   3.1599353e+00   1.8067480e+01   3.3146978e+01   2.4188808e+01
   3.0564572e+00   1.7748457e+01   3.2952483e+01   2.3986917e+01
  -4.9597584e+00   9.4837486e+00   1.0219369e+01   1.9689565e+01
  -5.0504797e+00   9.9584605e+00   9.9971255e+00   2.0038861e+01
  -4.9705490e+00   9.9834998e+00   9.9777263e+00   1.9996122e+01
  -4.9318664e+00   9.9743155e+00   9.9945668e+00   1.9992050e+01
  -4.9871883e+00   9.9807829e+00   9.9892743e+00   2.0063045e+01
  -5.0206659e+00   9.9875599e+00   9.9697993e+00   1.9994239e+01
  -5.0206659e+00   9.9875599e+00   9.9697993e+00   1.9994239e+01
  -5.0206659e+00   9.9875599e+00   9.9697993e+00   1.9994239e+01
  -5.0206659e+00   9.9875599e+00   9.9697993e+00   1.9994239e+01
  -4.9797831e+00   9.9650280e+00   9.9695990e+00   1.9999000e+01
  -4.9797831e+00   9.9650280e+00   9.9695990e+00   1.9999000e+01
  -4.9797831e+00   9.9650280e+00   9.9695990e+00   1.9999000e+01
  -4.9758712e+00   9.9645530e+00   9.9716917e+00   1.9948725e+01
  -4.9627024e+00   9.9801725e+00   9.9971457e+00   1.9979370e+01
  -4.9997637e+00   9.9949663e+00   1.0001323e+01   1.9965907e+01
  -4.9729575e+00   1.0003150e+01   9.9997520e+00   1.9994949e+01
  -4.9729575e+00   1.0003150e+01   9.9997520e+00   1.9994949e+01
  -4.9729575e+00   1.0003150e+01   9.9997520e+00   1.9994949e+01
  -4.9729575e+00   1.0003150e+01   9.9997520e+00   1.9994949e+01
  -4.9729575e+00   1.0003150e+01   9.9997520e+00   1.9994949e+01
  -4.9924602e+00   1.0001630e+01   9.9611127e+00   1.9994765e+01
  -4.9924602e+00   1.0001630e+01   9.9611127e+00   1.9994765e+01
  -5.0039462e+00   9.9877962e+00   9.9312790e+00   1.9986108e+01
  -4.9979680e+00   1.0001269e+01   9.9647731e+00   2.0046652e+01
  -4.9979680e+00   1.0001269e+01   9.9647731e+00   2.0046652e+01
  -5.0098939e+00   1.0027988e+01   9.9836264e+00   1.9992224e+01
  -5.0098939e+00   1.0027988e+01   9.9836264e+00   1.9992224e+01
  -5.0098939e+00   1.0027988e+01   9.9836264e+00   1.9992224e+01
  -5.0048852e+00   1.0000126e+01   9.9740144e+00   2.0017053e+01
  -5.0349667e+00   9.9682728e+00   9.9580401e+00   1.9991117e+01
  -5.0349667e+00   9.9682728e+00   9.9580401e+00   1.9991117e+01
  -5.0349667e+00   9.9682728e+00   9.9580401e+00   1.9991117e+01
  -5.0793392e+00   1.0063872e+01   9.9010245e+00   2.0045945e+01
  -5.0680864e+00   1.0056221e+01   9.8985013e+00   2.0049441e+01
  -5.0680864e+00   1.0056221e+01   9.8985013e+00   2.0049441e+01
  -5.0680864e+00   1.0056221e+01   9.8985013e+00   2.0049441e+01
  -5.0680864e+00   1.0056221e+01   9.8985013e+00   2.0049441e+01
  -5.0845191e+00   9.8591092e+00   9.9609432e+00   1.9920858e+01
  -5.0845191e+00   9.8591092e+00   9.9609432e+00   1.9920858e+01
  -5.0845191e+00   9.8591092e+00   9.9609432e+00   1.9920858e+01
  -5.0845191e+00   9.8591092e+00   9.9609432e+00   1.9920858e+01
  -5.0845191e+00   9.8591092e+00   9.9609432e+00   1.9920858e+01
  -5.0845191e+00   9.8591092e+00   9.9609432e+00   1.9920858e+01
  -5.0845191e+00   9.8591092e+00   9.9609432e+00   1.9920858e+01
  -5.0845191e+00   9.8591092e+00   9.9609432e+00   1.9920858e+01
  -5.0845191e+00   9.8591092e+00   9.9609432e+00   1.9920858e+01
  -5.0845191e+00   9.8591092e+00   9.9609432e+00   1.9920858e+01
  -5.0845191e+00   9.8591092e+00   9.9609432e+00   1.9920858e+01
  -5.0845191e+00   9.8591092e+00   9.9609432e+00   1.9920858e+01
  -5.0845191e+00   9.8591092e+00   9.9609432e+00   1.9920858e+01
  -5.0845191e+00   9.8591092e+00   9.9609432e+00   1.9920858e+01
