   4.9469612e+01   1.8741716e+00  -2.6708398e+01   3.4463124e+01
   4.9936211e+01   1.8676839e+00  -2.7145702e+01   3.4514538e+01
   4.9936211e+01   1.8676839e+00  -2.7145702e+01   3.4514538e+01
   4.9957618e+01   1.7371860e+00  -2.6924978e+01   3.4701996e+01
   4.9817346e+01   1.7658845e+00  -2.6765130e+01   3.4515225e+01
   4.9817346e+01   1.7658845e+00  -2.6765130e+01   3.4515225e+01
   4.9917944e+01   2.0423170e+00  -2.6748175e+01   3.4246673e+01
   4.9844303e+01   2.1896974e+00  -2.6739807e+01   3.3996464e+01
   4.9844303e+01   2.1896974e+00  -2.6739807e+01   3.3996464e+01
   4.9869889e+01   2.0927032e+00  -2.6641747e+01   3.4149430e+01
   4.9869889e+01   2.0927032e+00  -2.6641747e+01   3.4149430e+01
   4.9913836e+01   2.0286581e+00  -2.6594328e+01   3.4159107e+01
   4.9697004e+01   1.7314203e+00  -2.6715890e+01   3.4025502e+01
   4.9687090e+01   1.3287738e+00  -2.6555024e+01   3.3820477e+01
   4.9609122e+01   1.5705716e+00  -2.6553396e+01   3.3803247e+01
   4.9572914e+01   1.5159483e+00  -2.6372612e+01   3.3571579e+01
   4.9208541e+01   9.5101951e-01  -2.6694376e+01   3.3663980e+01
   4.9208541e+01   9.5101951e-01  -2.6694376e+01   3.3663980e+01
   4.9208541e+01   9.5101951e-01  -2.6694376e+01   3.3663980e+01
   4.9243862e+01   5.8198497e-01  -2.6304158e+01   3.3814667e+01
   4.9243862e+01   5.8198497e-01  -2.6304158e+01   3.3814667e+01
   4.9055935e+01   3.9648049e-01  -2.6247433e+01   3.3648201e+01
   4.9055935e+01   3.9648049e-01  -2.6247433e+01   3.3648201e+01
   4.8802245e+01   5.7064736e-01  -2.6493056e+01   3.3699360e+01
   4.8815915e+01   6.3067408e-01  -2.6068330e+01   3.3547091e+01
   4.8675485e+01   3.2117976e-01  -2.5663858e+01   3.3576417e+01
   4.8596549e+01   5.3990341e-01  -2.5577347e+01   3.3899970e+01
   4.8596549e+01   5.3990341e-01  -2.5577347e+01   3.3899970e+01
   4.8596549e+01   5.3990341e-01  -2.5577347e+01   3.3899970e+01
   4.8638221e+01   5.4439610e-01  -2.5653805e+01   3.3617910e+01
   4.8528329e+01   5.8925081e-01  -2.5976157e+01   3.3213982e+01
   4.8528329e+01   5.8925081e-01  -2.5976157e+01   3.3213982e+01
   4.8687477e+01   3.0334226e-01  -2.5661345e+01   3.3435636e+01
   4.8727582e+01   5.8374228e-01  -2.5886565e+01   3.3514052e+01
   4.8510008e+01   7.0089950e-01  -2.5760678e+01   3.3168815e+01
   4.8205638e+01   6.3948052e-01  -2.5726772e+01   3.3235406e+01
   4.7837787e+01   7.2005428e-01  -2.5718549e+01   3.3372879e+01
   4.8157031e+01   1.0037381e+00  -2.5551111e+01   3.3043965e+01
   4.8177165e+01   1.0638577e+00  -2.5240268e+01   3.3153841e+01
   4.8093670e+01   1.3994685e+00  -2.5024481e+01   3.3114924e+01
   4.7836777e+01   1.3033425e+00  -2.5074663e+01   3.3057551e+01
   4.7836777e+01   1.3033425e+00  -2.5074663e+01   3.3057551e+01
   4.7836777e+01   1.3033425e+00  -2.5074663e+01   3.3057551e+01
   4.7836777e+01   1.3033425e+00  -2.5074663e+01   3.3057551e+01
   4.7561665e+01   1.1483198e+00  -2.5064681e+01   3.2847313e+01
   4.7827574e+01   1.2772717e+00  -2.4694651e+01   3.2636019e+01
   4.7569475e+01   1.0787288e+00  -2.4724692e+01   3.2672211e+01
   4.7827085e+01   1.3096055e+00  -2.4922052e+01   3.2633028e+01
   4.8039480e+01   1.3344733e+00  -2.4893787e+01   3.2314007e+01
   1.0952567e+01   9.1208039e+00  -5.5770855e+00   2.0069881e+01
   1.0952567e+01   9.1208039e+00  -5.5770855e+00   2.0069881e+01
   1.1109415e+01   9.2916629e+00  -6.1119241e+00   2.0631756e+01
   1.0788454e+01   9.5044999e+00  -5.8330521e+00   2.0458260e+01
   1.0788454e+01   9.5044999e+00  -5.8330521e+00   2.0458260e+01
   1.0788454e+01   9.5044999e+00  -5.8330521e+00   2.0458260e+01
   1.0788454e+01   9.5044999e+00  -5.8330521e+00   2.0458260e+01
   1.0788454e+01   9.5044999e+00  -5.8330521e+00   2.0458260e+01
   1.0788454e+01   9.5044999e+00  -5.8330521e+00   2.0458260e+01
   1.0788454e+01   9.5044999e+00  -5.8330521e+00   2.0458260e+01
   1.0788454e+01   9.5044999e+00  -5.8330521e+00   2.0458260e+01
   1.0788454e+01   9.5044999e+00  -5.8330521e+00   2.0458260e+01
   1.0788454e+01   9.5044999e+00  -5.8330521e+00   2.0458260e+01
   1.0788454e+01   9.5044999e+00  -5.8330521e+00   2.0458260e+01
   1.0788454e+01   9.5044999e+00  -5.8330521e+00   2.0458260e+01
   1.0788454e+01   9.5044999e+00  -5.8330521e+00   2.0458260e+01
   1.0788454e+01   9.5044999e+00  -5.8330521e+00   2.0458260e+01
   1.0788454e+01   9.5044999e+00  -5.8330521e+00   2.0458260e+01
   1.0788454e+01   9.5044999e+00  -5.8330521e+00   2.0458260e+01
   1.0788454e+01   9.5044999e+00  -5.8330521e+00   2.0458260e+01
   1.0788454e+01   9.5044999e+00  -5.8330521e+00   2.0458260e+01
   1.0788454e+01   9.5044999e+00  -5.8330521e+00   2.0458260e+01
   1.0788454e+01   9.5044999e+00  -5.8330521e+00   2.0458260e+01
   1.0788454e+01   9.5044999e+00  -5.8330521e+00   2.0458260e+01
   1.0788454e+01   9.5044999e+00  -5.8330521e+00   2.0458260e+01
   1.0788454e+01   9.5044999e+00  -5.8330521e+00   2.0458260e+01
   1.0998759e+01   9.4529230e+00  -6.0428887e+00   2.0646736e+01
   1.0437541e+01   9.7444115e+00  -5.4641241e+00   2.0232060e+01
   1.0437541e+01   9.7444115e+00  -5.4641241e+00   2.0232060e+01
   1.0437541e+01   9.7444115e+00  -5.4641241e+00   2.0232060e+01
   1.0437541e+01   9.7444115e+00  -5.4641241e+00   2.0232060e+01
   1.0437541e+01   9.7444115e+00  -5.4641241e+00   2.0232060e+01
   1.0437541e+01   9.7444115e+00  -5.4641241e+00   2.0232060e+01
   1.0437541e+01   9.7444115e+00  -5.4641241e+00   2.0232060e+01
   1.0365885e+01   9.8816769e+00  -5.5368780e+00   2.0353375e+01
   1.0365885e+01   9.8816769e+00  -5.5368780e+00   2.0353375e+01
   1.0365885e+01   9.8816769e+00  -5.5368780e+00   2.0353375e+01
   1.0365885e+01   9.8816769e+00  -5.5368780e+00   2.0353375e+01
   1.0365885e+01   9.8816769e+00  -5.5368780e+00   2.0353375e+01
   1.0365885e+01   9.8816769e+00  -5.5368780e+00   2.0353375e+01
   1.0365885e+01   9.8816769e+00  -5.5368780e+00   2.0353375e+01
   1.0365885e+01   9.8816769e+00  -5.5368780e+00   2.0353375e+01
   1.0365885e+01   9.8816769e+00  -5.5368780e+00   2.0353375e+01
   1.0365885e+01   9.8816769e+00  -5.5368780e+00   2.0353375e+01
   1.0365885e+01   9.8816769e+00  -5.5368780e+00   2.0353375e+01
   1.0365885e+01   9.8816769e+00  -5.5368780e+00   2.0353375e+01
   1.0365885e+01   9.8816769e+00  -5.5368780e+00   2.0353375e+01
   1.0365885e+01   9.8816769e+00  -5.5368780e+00   2.0353375e+01
   1.0365885e+01   9.8816769e+00  -5.5368780e+00   2.0353375e+01
   1.0365885e+01   9.8816769e+00  -5.5368780e+00   2.0353375e+01
   1.0365885e+01   9.8816769e+00  -5.5368780e+00   2.0353375e+01
