   2.6083505e+01   4.3929536e+00  -1.5033374e+01   3.3545150e+01
   2.6083505e+01   4.3929536e+00  -1.5033374e+01   3.3545150e+01
   2.6012648e+01   4.5200946e+00  -1.4990184e+01   3.3581778e+01
   2.6266471e+01   4.1110813e+00  -1.4914240e+01   3.3792334e+01
   2.6117135e+01   4.3595822e+00  -1.5049744e+01   3.3819298e+01
   2.6569643e+01   4.4409430e+00  -1.5086429e+01   3.3528823e+01
   2.6569643e+01   4.4409430e+00  -1.5086429e+01   3.3528823e+01
   2.6569643e+01   4.4409430e+00  -1.5086429e+01   3.3528823e+01
   2.6567350e+01   4.7930175e+00  -1.5068816e+01   3.3547764e+01
   2.6699900e+01   4.6480059e+00  -1.5092030e+01   3.3621320e+01
   2.6895484e+01   4.7228839e+00  -1.5032298e+01   3.3924191e+01
   2.6895484e+01   4.7228839e+00  -1.5032298e+01   3.3924191e+01
   2.6895484e+01   4.7228839e+00  -1.5032298e+01   3.3924191e+01
   2.6990160e+01   5.0959168e+00  -1.5233317e+01   3.3969909e+01
   2.7067514e+01   4.9977162e+00  -1.5108224e+01   3.4527974e+01
   2.6903721e+01   4.9611037e+00  -1.5100731e+01   3.4500293e+01
   2.6548102e+01   5.3139108e+00  -1.4948512e+01   3.4776320e+01
   2.6834107e+01   5.4059724e+00  -1.4793406e+01   3.5023041e+01
   2.6834107e+01   5.4059724e+00  -1.4793406e+01   3.5023041e+01
   2.6764731e+01   5.4866818e+00  -1.4630832e+01   3.5013315e+01
   2.6764731e+01   5.4866818e+00  -1.4630832e+01   3.5013315e+01
   2.6849428e+01   5.3893037e+00  -1.4603799e+01   3.4741592e+01
   2.7296210e+01   5.6519386e+00  -1.4645403e+01   3.4573720e+01
   2.6940335e+01   5.6267426e+00  -1.4475965e+01   3.4789221e+01
   2.6940335e+01   5.6267426e+00  -1.4475965e+01   3.4789221e+01
   2.6641696e+01   5.6975883e+00  -1.4315874e+01   3.4977633e+01
   2.6769831e+01   5.6564295e+00  -1.4123128e+01   3.4573322e+01
   2.6769831e+01   5.6564295e+00  -1.4123128e+01   3.4573322e+01
   2.6991107e+01   5.5921581e+00  -1.4055130e+01   3.4165526e+01
   2.7044452e+01   5.4203429e+00  -1.3942921e+01   3.3964638e+01
   2.7044452e+01   5.4203429e+00  -1.3942921e+01   3.3964638e+01
   2.7044452e+01   5.4203429e+00  -1.3942921e+01   3.3964638e+01
   2.7044452e+01   5.4203429e+00  -1.3942921e+01   3.3964638e+01
   2.7044452e+01   5.4203429e+00  -1.3942921e+01   3.3964638e+01
   2.7091362e+01   5.4413400e+00  -1.3712970e+01   3.3983322e+01
   2.7532865e+01   5.3964294e+00  -1.3667212e+01   3.3895803e+01
   2.7532865e+01   5.3964294e+00  -1.3667212e+01   3.3895803e+01
   2.7707780e+01   5.3543927e+00  -1.3666510e+01   3.3611849e+01
   2.7605517e+01   5.1496646e+00  -1.3566081e+01   3.3737603e+01
   2.8058419e+01   5.1596775e+00  -1.3393228e+01   3.3492867e+01
   2.8066397e+01   5.0368121e+00  -1.3650522e+01   3.3778811e+01
   2.8259798e+01   5.1606326e+00  -1.3399891e+01   3.3857238e+01
   2.8259798e+01   5.1606326e+00  -1.3399891e+01   3.3857238e+01
   2.8207220e+01   5.3740127e+00  -1.3339524e+01   3.3574602e+01
   2.8116492e+01   5.6151497e+00  -1.3375453e+01   3.3697175e+01
   2.8116492e+01   5.6151497e+00  -1.3375453e+01   3.3697175e+01
   2.8116492e+01   5.6151497e+00  -1.3375453e+01   3.3697175e+01
   2.8096585e+01   5.7280254e+00  -1.3301417e+01   3.3693455e+01
   2.8337082e+01   5.9102650e+00  -1.3360598e+01   3.3493232e+01
   2.9929645e+01   9.8380575e+00  -4.5256644e+00   1.9742761e+01
   3.0085630e+01   1.0063211e+01  -4.8774897e+00   2.0055718e+01
   3.0085630e+01   1.0063211e+01  -4.8774897e+00   2.0055718e+01
   3.0000141e+01   1.0038670e+01  -4.8766553e+00   1.9999566e+01
   3.0023926e+01   1.0047165e+01  -4.9189809e+00   1.9997553e+01
   3.0000355e+01   1.0027112e+01  -4.9784055e+00   1.9991125e+01
   3.0033539e+01   1.0021960e+01  -4.9869456e+00   2.0011359e+01
   3.0033539e+01   1.0021960e+01  -4.9869456e+00   2.0011359e+01
   3.0033539e+01   1.0021960e+01  -4.9869456e+00   2.0011359e+01
   3.0033539e+01   1.0021960e+01  -4.9869456e+00   2.0011359e+01
   3.0033539e+01   1.0021960e+01  -4.9869456e+00   2.0011359e+01
   2.9987917e+01   1.0047600e+01  -4.9742913e+00   1.9977103e+01
   2.9981223e+01   1.0025638e+01  -5.0516181e+00   1.9995939e+01
   3.0021421e+01   1.0036523e+01  -4.9968452e+00   2.0004815e+01
   2.9982568e+01   1.0011536e+01  -5.0459583e+00   1.9986045e+01
   2.9982568e+01   1.0011536e+01  -5.0459583e+00   1.9986045e+01
   2.9948614e+01   9.9699115e+00  -5.0662696e+00   1.9945852e+01
   2.9990890e+01   1.0015062e+01  -4.9985237e+00   1.9995883e+01
   2.9959851e+01   9.9964652e+00  -4.9974902e+00   1.9926796e+01
   2.9983753e+01   1.0056203e+01  -5.0238714e+00   1.9991371e+01
   3.0043634e+01   1.0054564e+01  -5.0257983e+00   2.0020396e+01
   3.0002913e+01   1.0013461e+01  -4.9955280e+00   1.9979619e+01
   2.9986085e+01   1.0008062e+01  -4.9605096e+00   2.0007239e+01
   2.9999043e+01   1.0025462e+01  -4.9614093e+00   1.9976308e+01
   2.9986725e+01   9.9960246e+00  -4.9693821e+00   1.9994498e+01
   2.9986725e+01   9.9960246e+00  -4.9693821e+00   1.9994498e+01
   3.0015495e+01   1.0055710e+01  -5.0799974e+00   2.0031386e+01
   2.9992562e+01   1.0007328e+01  -5.0169132e+00   2.0007911e+01
   2.9981148e+01   1.0009639e+01  -5.0115362e+00   1.9944735e+01
   3.0010483e+01   1.0057787e+01  -4.9785362e+00   1.9984900e+01
   3.0010483e+01   1.0057787e+01  -4.9785362e+00   1.9984900e+01
   3.0010483e+01   1.0057787e+01  -4.9785362e+00   1.9984900e+01
   3.0020329e+01   1.0028630e+01  -4.9531448e+00   2.0011074e+01
   3.0020329e+01   1.0028630e+01  -4.9531448e+00   2.0011074e+01
   3.0023498e+01   1.0017050e+01  -4.9388712e+00   2.0015966e+01
   3.0023498e+01   1.0017050e+01  -4.9388712e+00   2.0015966e+01
   3.0066448e+01   1.0016851e+01  -4.9074585e+00   2.0036945e+01
   3.0132442e+01   1.0092735e+01  -5.0459991e+00   2.0117496e+01
   3.0132442e+01   1.0092735e+01  -5.0459991e+00   2.0117496e+01
   3.0132442e+01   1.0092735e+01  -5.0459991e+00   2.0117496e+01
   3.0132442e+01   1.0092735e+01  -5.0459991e+00   2.0117496e+01
   3.0084665e+01   1.0056084e+01  -5.0149026e+00   2.0070267e+01
   3.0084665e+01   1.0056084e+01  -5.0149026e+00   2.0070267e+01
   3.0084665e+01   1.0056084e+01  -5.0149026e+00   2.0070267e+01
   3.0057983e+01   1.0041005e+01  -5.0143685e+00   2.0052817e+01
   3.0057983e+01   1.0041005e+01  -5.0143685e+00   2.0052817e+01
   3.0065270e+01   1.0039123e+01  -4.9962534e+00   2.0032405e+01
   3.0067355e+01   1.0047776e+01  -5.0200955e+00   2.0045380e+01
   3.0067355e+01   1.0047776e+01  -5.0200955e+00   2.0045380e+01
   3.0067355e+01   1.0047776e+01  -5.0200955e+00   2.0045380e+01
   3.0067355e+01   1.0047776e+01  -5.0200955e+00   2.0045380e+01
