   1.2502411e+01   1.5708834e+00   1.2877179e+01   3.8265810e+01
   1.2502411e+01   1.5708834e+00   1.2877179e+01   3.8265810e+01
   1.2331494e+01   1.7116302e+00   1.2792963e+01   3.8488422e+01
   1.2331494e+01   1.7116302e+00   1.2792963e+01   3.8488422e+01
   1.2331494e+01   1.7116302e+00   1.2792963e+01   3.8488422e+01
   1.2681545e+01   1.8230799e+00   1.2792716e+01   3.8045570e+01
   1.2681545e+01   1.8230799e+00   1.2792716e+01   3.8045570e+01
   1.2317457e+01   1.8209480e+00   1.2973390e+01   3.7756056e+01
   1.2334917e+01   1.6820524e+00   1.2880493e+01   3.7901120e+01
   1.2334917e+01   1.6820524e+00   1.2880493e+01   3.7901120e+01
   1.2334917e+01   1.6820524e+00   1.2880493e+01   3.7901120e+01
   1.2334917e+01   1.6820524e+00   1.2880493e+01   3.7901120e+01
   1.2364627e+01   1.7087977e+00   1.2693740e+01   3.8034692e+01
   1.2364627e+01   1.7087977e+00   1.2693740e+01   3.8034692e+01
   1.2364627e+01   1.7087977e+00   1.2693740e+01   3.8034692e+01
   1.2486816e+01   1.9074726e+00   1.2807595e+01   3.8106841e+01
   1.2382072e+01   2.0195222e+00   1.2566041e+01   3.8021048e+01
   1.2382072e+01   2.0195222e+00   1.2566041e+01   3.8021048e+01
   1.1742826e+01   2.1770050e+00   1.2545785e+01   3.8042133e+01
   1.1742826e+01   2.1770050e+00   1.2545785e+01   3.8042133e+01
   1.1496966e+01   2.0338735e+00   1.2680701e+01   3.8006987e+01
   1.0959086e+01   2.0652122e+00   1.2585797e+01   3.7877938e+01
   1.1006576e+01   1.8702862e+00   1.2666256e+01   3.7943015e+01
   1.0927425e+01   1.9958124e+00   1.2296250e+01   3.7940315e+01
   1.0927425e+01   1.9958124e+00   1.2296250e+01   3.7940315e+01
   1.0899730e+01   2.3132775e+00   1.2279482e+01   3.7474735e+01
   1.1312868e+01   2.2809646e+00   1.2282030e+01   3.7804779e+01
   1.1254311e+01   2.0854907e+00   1.2448270e+01   3.7395212e+01
   1.1133134e+01   2.3302420e+00   1.2294995e+01   3.7274154e+01
   1.1133134e+01   2.3302420e+00   1.2294995e+01   3.7274154e+01
   1.1338879e+01   2.2890694e+00   1.2668877e+01   3.7257926e+01
   1.1338879e+01   2.2890694e+00   1.2668877e+01   3.7257926e+01
   1.1338879e+01   2.2890694e+00   1.2668877e+01   3.7257926e+01
   1.1271168e+01   2.2480875e+00   1.2442079e+01   3.7640431e+01
   1.1271168e+01   2.2480875e+00   1.2442079e+01   3.7640431e+01
   1.1038551e+01   2.3850547e+00   1.2339141e+01   3.7347104e+01
   1.0701752e+01   2.6004506e+00   1.2341006e+01   3.7544070e+01
   1.0977280e+01   2.8514476e+00   1.2112218e+01   3.7758847e+01
   1.1263720e+01   2.5804847e+00   1.2059344e+01   3.7499473e+01
   1.1115384e+01   2.5935156e+00   1.2162056e+01   3.7343478e+01
   1.0634912e+01   2.6372691e+00   1.2075055e+01   3.7456950e+01
   1.0634912e+01   2.6372691e+00   1.2075055e+01   3.7456950e+01
   1.0634912e+01   2.6372691e+00   1.2075055e+01   3.7456950e+01
   1.0552736e+01   2.6970105e+00   1.2236883e+01   3.7721166e+01
   1.0389713e+01   2.6997091e+00   1.2461888e+01   3.7630568e+01
   1.0135454e+01   2.8011170e+00   1.2284784e+01   3.7960312e+01
   9.8193540e+00   2.8603298e+00   1.2256117e+01   3.8287595e+01
   9.7656714e+00   3.0942354e+00   1.2239105e+01   3.8418274e+01
   9.5875277e+00   2.8715780e+00   1.2813748e+01   3.8125292e+01
  -4.1903625e+00  -1.4942038e+00   2.7270024e+01   3.0431446e+01
  -4.0997722e+00  -1.9389004e+00   2.8297376e+01   3.0833729e+01
  -4.0997722e+00  -1.9389004e+00   2.8297376e+01   3.0833729e+01
  -4.0997722e+00  -1.9389004e+00   2.8297376e+01   3.0833729e+01
  -4.0446781e+00  -2.0051254e+00   2.8352670e+01   3.0911225e+01
  -4.0088351e+00  -1.8801482e+00   2.8393576e+01   3.0951092e+01
  -4.0088351e+00  -1.8801482e+00   2.8393576e+01   3.0951092e+01
  -4.0088351e+00  -1.8801482e+00   2.8393576e+01   3.0951092e+01
  -4.0088351e+00  -1.8801482e+00   2.8393576e+01   3.0951092e+01
  -4.0088351e+00  -1.8801482e+00   2.8393576e+01   3.0951092e+01
  -4.0088351e+00  -1.8801482e+00   2.8393576e+01   3.0951092e+01
  -4.0088351e+00  -1.8801482e+00   2.8393576e+01   3.0951092e+01
  -4.0088351e+00  -1.8801482e+00   2.8393576e+01   3.0951092e+01
  -4.0088351e+00  -1.8801482e+00   2.8393576e+01   3.0951092e+01
  -4.1044030e+00  -1.6255895e+00   2.8369136e+01   3.0537685e+01
  -4.1044030e+00  -1.6255895e+00   2.8369136e+01   3.0537685e+01
  -4.1044030e+00  -1.6255895e+00   2.8369136e+01   3.0537685e+01
  -4.0975080e+00  -1.6427317e+00   2.8411186e+01   3.0555148e+01
  -4.1644189e+00  -1.3879218e+00   2.8389551e+01   3.0290515e+01
  -4.1821298e+00  -1.0996660e+00   2.8473142e+01   3.0094460e+01
  -4.1821298e+00  -1.0996660e+00   2.8473142e+01   3.0094460e+01
  -4.2592570e+00  -3.8540325e-01   2.8526575e+01   2.9425044e+01
  -4.3222139e+00   1.4933804e+00   2.8762846e+01   2.7708053e+01
  -4.5841730e+00   5.2139664e+00   2.9335334e+01   2.4415919e+01
  -4.8609792e+00   8.3943164e+00   2.9804414e+01   2.1527337e+01
  -4.9215918e+00   9.3586237e+00   2.9924483e+01   2.0621678e+01
  -4.9215918e+00   9.3586237e+00   2.9924483e+01   2.0621678e+01
  -4.9215918e+00   9.3586237e+00   2.9924483e+01   2.0621678e+01
  -4.9215918e+00   9.3586237e+00   2.9924483e+01   2.0621678e+01
  -4.9215918e+00   9.3586237e+00   2.9924483e+01   2.0621678e+01
  -4.9215918e+00   9.3586237e+00   2.9924483e+01   2.0621678e+01
  -5.2732759e+00   1.3489084e+01   3.0691907e+01   1.6811331e+01
  -5.2732759e+00   1.3489084e+01   3.0691907e+01   1.6811331e+01
  -5.2732759e+00   1.3489084e+01   3.0691907e+01   1.6811331e+01
  -5.0317358e+00   1.0973761e+01   3.0531699e+01   1.9172430e+01
  -5.0317358e+00   1.0973761e+01   3.0531699e+01   1.9172430e+01
  -5.0317358e+00   1.0973761e+01   3.0531699e+01   1.9172430e+01
  -5.0490104e+00   1.1357875e+01   3.0551115e+01   1.8829273e+01
  -5.0490104e+00   1.1357875e+01   3.0551115e+01   1.8829273e+01
  -5.0490104e+00   1.1357875e+01   3.0551115e+01   1.8829273e+01
  -5.0490104e+00   1.1357875e+01   3.0551115e+01   1.8829273e+01
  -5.0490104e+00   1.1357875e+01   3.0551115e+01   1.8829273e+01
  -5.0490104e+00   1.1357875e+01   3.0551115e+01   1.8829273e+01
  -5.0490104e+00   1.1357875e+01   3.0551115e+01   1.8829273e+01
  -5.0490104e+00   1.1357875e+01   3.0551115e+01   1.8829273e+01
  -5.5934916e+00   1.9278334e+01   3.1743982e+01   1.1745036e+01
  -5.5934916e+00   1.9278334e+01   3.1743982e+01   1.1745036e+01
  -5.5934916e+00   1.9278334e+01   3.1743982e+01   1.1745036e+01
  -4.9355348e+00   1.1213257e+01   3.0365088e+01   1.9061954e+01
  -4.9355348e+00   1.1213257e+01   3.0365088e+01   1.9061954e+01
  -4.5114428e+00   5.7990004e+00   2.9231514e+01   2.3998712e+01
