  -1.1704405e+01   2.4257355e+01   2.5287297e+01  -6.7843828e-01
  -1.1484550e+01   2.4469854e+01   2.5062889e+01  -8.0979536e-01
  -1.1484550e+01   2.4469854e+01   2.5062889e+01  -8.0979536e-01
  -1.1877850e+01   2.4808281e+01   2.5348519e+01  -5.5469276e-01
  -1.1770407e+01   2.4741276e+01   2.5045540e+01  -6.8132549e-01
  -1.1809143e+01   2.4965021e+01   2.4836678e+01  -2.9763495e-01
  -1.1878147e+01   2.4748463e+01   2.4779982e+01  -3.5865436e-01
  -1.1878147e+01   2.4748463e+01   2.4779982e+01  -3.5865436e-01
  -1.1586365e+01   2.4785639e+01   2.4535576e+01  -7.1720925e-01
  -1.1303594e+01   2.5122599e+01   2.4602210e+01  -3.1943705e-01
  -1.1303594e+01   2.5122599e+01   2.4602210e+01  -3.1943705e-01
  -1.1244706e+01   2.4886653e+01   2.4297449e+01  -4.1777315e-01
  -1.1530338e+01   2.4775239e+01   2.4320849e+01  -7.4085817e-01
  -1.1530338e+01   2.4775239e+01   2.4320849e+01  -7.4085817e-01
  -1.1512645e+01   2.4456190e+01   2.4515271e+01  -7.6782325e-01
  -1.1256988e+01   2.4512428e+01   2.4536928e+01  -5.8856541e-01
  -1.1256988e+01   2.4512428e+01   2.4536928e+01  -5.8856541e-01
  -1.1008284e+01   2.4219771e+01   2.4825597e+01  -9.3415989e-01
  -1.1008284e+01   2.4219771e+01   2.4825597e+01  -9.3415989e-01
  -1.0872967e+01   2.4434320e+01   2.5007523e+01  -8.7184228e-01
  -1.1086086e+01   2.4737002e+01   2.5254564e+01  -3.9751016e-01
  -1.1232672e+01   2.4638578e+01   2.5374332e+01  -1.5086324e-01
  -1.1208267e+01   2.4660187e+01   2.5401506e+01  -7.9707063e-02
  -1.1208267e+01   2.4660187e+01   2.5401506e+01  -7.9707063e-02
  -1.1210633e+01   2.4512509e+01   2.5076177e+01  -2.2690323e-02
  -1.1321972e+01   2.4565979e+01   2.5572974e+01   1.0564632e-02
  -1.1107958e+01   2.4533326e+01   2.5407309e+01   7.9961089e-02
  -1.1044439e+01   2.4552952e+01   2.5641792e+01  -2.4026002e-01
  -1.1044439e+01   2.4552952e+01   2.5641792e+01  -2.4026002e-01
  -1.1044439e+01   2.4552952e+01   2.5641792e+01  -2.4026002e-01
  -1.1350985e+01   2.4935838e+01   2.5717345e+01  -2.5008463e-01
  -1.1339595e+01   2.4898841e+01   2.5666501e+01  -7.5550788e-02
  -1.1083266e+01   2.5053195e+01   2.5743864e+01   2.4348192e-01
  -1.0917596e+01   2.5096614e+01   2.5634918e+01   1.6869950e-01
  -1.0917596e+01   2.5096614e+01   2.5634918e+01   1.6869950e-01
  -1.0659947e+01   2.5294795e+01   2.5957219e+01   2.4222048e-01
  -1.0531114e+01   2.5347595e+01   2.6305562e+01   4.5056202e-01
  -1.0531114e+01   2.5347595e+01   2.6305562e+01   4.5056202e-01
  -1.0531114e+01   2.5347595e+01   2.6305562e+01   4.5056202e-01
  -1.0531114e+01   2.5347595e+01   2.6305562e+01   4.5056202e-01
  -1.0537151e+01   2.5337649e+01   2.6008304e+01   5.3884096e-01
  -1.0537151e+01   2.5337649e+01   2.6008304e+01   5.3884096e-01
  -1.0629780e+01   2.5678675e+01   2.6217464e+01   7.1462045e-01
  -1.0629780e+01   2.5678675e+01   2.6217464e+01   7.1462045e-01
  -1.0388219e+01   2.5933182e+01   2.6457164e+01   6.2081540e-01
  -1.0388219e+01   2.5933182e+01   2.6457164e+01   6.2081540e-01
  -1.0261055e+01   2.5685747e+01   2.6622535e+01   6.6070529e-01
  -1.0295478e+01   2.5435663e+01   2.6370501e+01   5.3710550e-01
  -1.0273759e+01   2.5377526e+01   2.6455671e+01   4.1772383e-01
  -6.3423775e+00   2.0317754e+01   3.0591016e+01   1.0861353e+01
  -5.1193766e+00   2.0022751e+01   3.0089625e+01   9.9348568e+00
  -5.0439924e+00   2.0002488e+01   3.0022523e+01   1.0008245e+01
  -5.0165044e+00   2.0029786e+01   3.0009035e+01   1.0020955e+01
  -5.0413986e+00   1.9980673e+01   3.0024412e+01   9.9997697e+00
  -5.0022952e+00   1.9974992e+01   2.9983378e+01   9.9837431e+00
  -5.0022952e+00   1.9974992e+01   2.9983378e+01   9.9837431e+00
  -4.9968141e+00   2.0003128e+01   3.0031260e+01   1.0060516e+01
  -5.0037195e+00   2.0036560e+01   3.0050944e+01   1.0008736e+01
  -5.0176730e+00   2.0004282e+01   3.0001955e+01   1.0039712e+01
  -5.0020455e+00   1.9990932e+01   2.9960703e+01   1.0017106e+01
  -4.9880066e+00   1.9992617e+01   2.9985938e+01   9.9944985e+00
  -4.9600531e+00   2.0019098e+01   2.9988403e+01   1.0000689e+01
  -5.0129726e+00   2.0002685e+01   3.0000390e+01   9.9694831e+00
  -4.9699859e+00   1.9998404e+01   2.9993281e+01   1.0009848e+01
  -4.9996010e+00   2.0035540e+01   3.0049412e+01   1.0070974e+01
  -4.9996010e+00   2.0035540e+01   3.0049412e+01   1.0070974e+01
  -4.9948673e+00   1.9955838e+01   2.9966744e+01   9.9760885e+00
  -5.0209001e+00   2.0012505e+01   3.0024719e+01   1.0011592e+01
  -4.9888217e+00   1.9952406e+01   2.9974851e+01   1.0010850e+01
  -4.9934217e+00   2.0033837e+01   3.0055045e+01   1.0012581e+01
  -4.9934217e+00   2.0033837e+01   3.0055045e+01   1.0012581e+01
  -5.0117333e+00   2.0022881e+01   2.9996878e+01   1.0032488e+01
  -4.9960235e+00   2.0037959e+01   3.0031422e+01   9.9867620e+00
  -4.9650799e+00   2.0005853e+01   2.9988282e+01   9.9749126e+00
  -4.9775211e+00   1.9987252e+01   3.0016121e+01   1.0039785e+01
  -4.9775211e+00   1.9987252e+01   3.0016121e+01   1.0039785e+01
  -5.0014078e+00   2.0004379e+01   3.0005392e+01   9.9899292e+00
  -5.0014078e+00   2.0004379e+01   3.0005392e+01   9.9899292e+00
  -5.0041109e+00   1.9958656e+01   2.9942884e+01   9.9923353e+00
  -5.0041109e+00   1.9958656e+01   2.9942884e+01   9.9923353e+00
  -5.0041109e+00   1.9958656e+01   2.9942884e+01   9.9923353e+00
  -5.0041109e+00   1.9958656e+01   2.9942884e+01   9.9923353e+00
  -5.0041109e+00   1.9958656e+01   2.9942884e+01   9.9923353e+00
  -4.9818303e+00   1.9950329e+01   2.9918137e+01   9.9354185e+00
  -5.1772974e+00   1.9977839e+01   2.9975324e+01   1.0111749e+01
  -5.0598414e+00   1.9976343e+01   2.9933584e+01   1.0038980e+01
  -5.0805412e+00   2.0026342e+01   2.9993494e+01   1.0075055e+01
  -5.0805412e+00   2.0026342e+01   2.9993494e+01   1.0075055e+01
  -5.0805412e+00   2.0026342e+01   2.9993494e+01   1.0075055e+01
  -5.0805412e+00   2.0026342e+01   2.9993494e+01   1.0075055e+01
  -5.0805412e+00   2.0026342e+01   2.9993494e+01   1.0075055e+01
  -5.0805412e+00   2.0026342e+01   2.9993494e+01   1.0075055e+01
  -5.0805412e+00   2.0026342e+01   2.9993494e+01   1.0075055e+01
  -5.0805412e+00   2.0026342e+01   2.9993494e+01   1.0075055e+01
  -5.0805412e+00   2.0026342e+01   2.9993494e+01   1.0075055e+01
  -5.0805412e+00   2.0026342e+01   2.9993494e+01   1.0075055e+01
  -5.0805412e+00   2.0026342e+01   2.9993494e+01   1.0075055e+01
  -5.0805412e+00   2.0026342e+01   2.9993494e+01   1.0075055e+01
  -5.0805412e+00   2.0026342e+01   2.9993494e+01   1.0075055e+01
  -5.0805412e+00   2.0026342e+01   2.9993494e+01   1.0075055e+01
