   3.7614303e+01   4.5516979e+01  -1.2452974e+01  -1.7644456e+01
   3.7614303e+01   4.5516979e+01  -1.2452974e+01  -1.7644456e+01
   3.7614303e+01   4.5516979e+01  -1.2452974e+01  -1.7644456e+01
   3.7614303e+01   4.5516979e+01  -1.2452974e+01  -1.7644456e+01
   3.7614303e+01   4.5516979e+01  -1.2452974e+01  -1.7644456e+01
   3.7614303e+01   4.5516979e+01  -1.2452974e+01  -1.7644456e+01
   3.7614303e+01   4.5516979e+01  -1.2452974e+01  -1.7644456e+01
   3.7426254e+01   4.5267419e+01  -1.2321316e+01  -1.7357841e+01
   3.7111903e+01   4.5480608e+01  -1.2623092e+01  -1.7363022e+01
   3.7005206e+01   4.5157978e+01  -1.2840904e+01  -1.7523990e+01
   3.7079703e+01   4.5179751e+01  -1.2972790e+01  -1.7801623e+01
   3.6861393e+01   4.5001240e+01  -1.2918754e+01  -1.7667487e+01
   3.6887751e+01   4.5020130e+01  -1.2808564e+01  -1.7815753e+01
   3.6887751e+01   4.5020130e+01  -1.2808564e+01  -1.7815753e+01
   3.6950888e+01   4.5178179e+01  -1.2789319e+01  -1.7887912e+01
   3.6950888e+01   4.5178179e+01  -1.2789319e+01  -1.7887912e+01
   3.7198559e+01   4.4737349e+01  -1.2742468e+01  -1.7830141e+01
   3.7322211e+01   4.4890834e+01  -1.2296421e+01  -1.8026825e+01
   3.7435289e+01   4.5030838e+01  -1.2307034e+01  -1.7879281e+01
   3.7435289e+01   4.5030838e+01  -1.2307034e+01  -1.7879281e+01
   3.7435289e+01   4.5030838e+01  -1.2307034e+01  -1.7879281e+01
   3.7435289e+01   4.5030838e+01  -1.2307034e+01  -1.7879281e+01
   3.7300802e+01   4.4883201e+01  -1.2248207e+01  -1.7782859e+01
   3.7035105e+01   4.4972990e+01  -1.2194476e+01  -1.7567302e+01
   3.7045924e+01   4.4630630e+01  -1.2267479e+01  -1.7721042e+01
   3.7008317e+01   4.4631163e+01  -1.2131972e+01  -1.7793390e+01
   3.7054838e+01   4.4550344e+01  -1.2218756e+01  -1.7648722e+01
   3.7376418e+01   4.4697407e+01  -1.2284197e+01  -1.7561544e+01
   3.7495922e+01   4.4588420e+01  -1.2746337e+01  -1.7378125e+01
   3.7495922e+01   4.4588420e+01  -1.2746337e+01  -1.7378125e+01
   3.7565556e+01   4.4488532e+01  -1.2793342e+01  -1.7661937e+01
   3.7477697e+01   4.4544697e+01  -1.2748058e+01  -1.7727723e+01
   3.7404494e+01   4.4518038e+01  -1.3098031e+01  -1.7769480e+01
   3.7072418e+01   4.4669985e+01  -1.2813184e+01  -1.7670451e+01
   3.6874745e+01   4.4982017e+01  -1.2770506e+01  -1.7667981e+01
   3.6874745e+01   4.4982017e+01  -1.2770506e+01  -1.7667981e+01
   3.6562922e+01   4.4676759e+01  -1.2538625e+01  -1.7706484e+01
   3.6562922e+01   4.4676759e+01  -1.2538625e+01  -1.7706484e+01
   3.6903215e+01   4.4808549e+01  -1.2573116e+01  -1.7602825e+01
   3.6828541e+01   4.4869991e+01  -1.2395901e+01  -1.7767321e+01
   3.6948355e+01   4.4606786e+01  -1.2096099e+01  -1.7681157e+01
   3.6948355e+01   4.4606786e+01  -1.2096099e+01  -1.7681157e+01
   3.6942254e+01   4.4605911e+01  -1.1996717e+01  -1.7547053e+01
   3.6942254e+01   4.4605911e+01  -1.1996717e+01  -1.7547053e+01
   3.6947697e+01   4.4664361e+01  -1.2053246e+01  -1.7178776e+01
   3.6947697e+01   4.4664361e+01  -1.2053246e+01  -1.7178776e+01
   3.7170686e+01   4.4706434e+01  -1.1902494e+01  -1.7017967e+01
   3.7170686e+01   4.4706434e+01  -1.1902494e+01  -1.7017967e+01
   3.7170686e+01   4.4706434e+01  -1.1902494e+01  -1.7017967e+01
   3.0434968e+01   2.0750942e+01  -5.8412559e+00   1.0581368e+01
   3.0434968e+01   2.0750942e+01  -5.8412559e+00   1.0581368e+01
   3.0043548e+01   2.0040779e+01  -4.9622450e+00   9.9165573e+00
   3.0036678e+01   2.0041145e+01  -4.9798270e+00   1.0036802e+01
   3.0007369e+01   2.0012991e+01  -4.9970730e+00   9.9785079e+00
   3.0022332e+01   2.0012059e+01  -4.9758344e+00   1.0047825e+01
   3.0049496e+01   2.0044126e+01  -4.9860875e+00   1.0010575e+01
   3.0020945e+01   2.0027731e+01  -4.9746625e+00   1.0030343e+01
   3.0053157e+01   2.0053588e+01  -4.9653043e+00   9.9493980e+00
   3.0030425e+01   2.0013990e+01  -5.0200990e+00   1.0021477e+01
   3.0022584e+01   2.0042316e+01  -4.9741336e+00   9.9640715e+00
   3.0040987e+01   2.0031157e+01  -4.9952321e+00   9.9829024e+00
   3.0040987e+01   2.0031157e+01  -4.9952321e+00   9.9829024e+00
   3.0010071e+01   2.0015121e+01  -5.0051182e+00   9.9570091e+00
   3.0014341e+01   2.0026183e+01  -5.0235055e+00   1.0010683e+01
   3.0037564e+01   2.0026535e+01  -4.9735573e+00   1.0036855e+01
   2.9988839e+01   1.9995513e+01  -5.0480641e+00   1.0040392e+01
   3.0013155e+01   2.0024271e+01  -5.0648665e+00   1.0016788e+01
   2.9930064e+01   1.9963917e+01  -5.0102721e+00   1.0024469e+01
   2.9995131e+01   1.9993562e+01  -4.9569262e+00   9.9931382e+00
   3.0024624e+01   2.0000784e+01  -5.0217744e+00   1.0009310e+01
   2.9967810e+01   1.9996367e+01  -4.9958562e+00   9.9671361e+00
   3.0014512e+01   2.0002981e+01  -4.9918739e+00   1.0017740e+01
   3.0005654e+01   2.0012146e+01  -5.0287313e+00   1.0011165e+01
   3.0032353e+01   2.0033606e+01  -4.9665150e+00   9.9962891e+00
   3.0032353e+01   2.0033606e+01  -4.9665150e+00   9.9962891e+00
   3.0032353e+01   2.0033606e+01  -4.9665150e+00   9.9962891e+00
   3.0032353e+01   2.0033606e+01  -4.9665150e+00   9.9962891e+00
   3.0002209e+01   2.0021601e+01  -4.9852234e+00   1.0040069e+01
   3.0002209e+01   2.0021601e+01  -4.9852234e+00   1.0040069e+01
   3.0002209e+01   2.0021601e+01  -4.9852234e+00   1.0040069e+01
   3.0002209e+01   2.0021601e+01  -4.9852234e+00   1.0040069e+01
   2.9952820e+01   1.9950400e+01  -4.8739982e+00   9.9040791e+00
   2.9952820e+01   1.9950400e+01  -4.8739982e+00   9.9040791e+00
   2.9952820e+01   1.9950400e+01  -4.8739982e+00   9.9040791e+00
   2.9952820e+01   1.9950400e+01  -4.8739982e+00   9.9040791e+00
   3.0059956e+01   2.0124456e+01  -5.0025196e+00   9.9782938e+00
   3.0059956e+01   2.0124456e+01  -5.0025196e+00   9.9782938e+00
   3.0023539e+01   2.0108101e+01  -5.0195763e+00   1.0039038e+01
   3.0023539e+01   2.0108101e+01  -5.0195763e+00   1.0039038e+01
   3.0023539e+01   2.0108101e+01  -5.0195763e+00   1.0039038e+01
   3.0023539e+01   2.0108101e+01  -5.0195763e+00   1.0039038e+01
   3.0023539e+01   2.0108101e+01  -5.0195763e+00   1.0039038e+01
   3.0023539e+01   2.0108101e+01  -5.0195763e+00   1.0039038e+01
   3.0009437e+01   2.0070765e+01  -5.0446248e+00   1.0071832e+01
   3.0009437e+01   2.0070765e+01  -5.0446248e+00   1.0071832e+01
   3.0009437e+01   2.0070765e+01  -5.0446248e+00   1.0071832e+01
   3.0009437e+01   2.0070765e+01  -5.0446248e+00   1.0071832e+01
   3.0009437e+01   2.0070765e+01  -5.0446248e+00   1.0071832e+01
   3.0009437e+01   2.0070765e+01  -5.0446248e+00   1.0071832e+01
   3.0009437e+01   2.0070765e+01  -5.0446248e+00   1.0071832e+01
