   3.5004939e+01   1.5711275e+00   1.2790565e+01   4.2130300e+01
   3.5004939e+01   1.5711275e+00   1.2790565e+01   4.2130300e+01
   3.5004939e+01   1.5711275e+00   1.2790565e+01   4.2130300e+01
   3.5071422e+01   1.5855749e+00   1.2597990e+01   4.2085795e+01
   3.4924517e+01   1.2008791e+00   1.2253752e+01   4.2256811e+01
   3.4924517e+01   1.2008791e+00   1.2253752e+01   4.2256811e+01
   3.5198567e+01   1.5012777e+00   1.2350847e+01   4.2254156e+01
   3.4962223e+01   1.5943946e+00   1.2117271e+01   4.2436116e+01
   3.4891299e+01   1.2746182e+00   1.2156162e+01   4.2681238e+01
   3.4643524e+01   1.1174635e+00   1.2101807e+01   4.2619055e+01
   3.4774560e+01   9.3539893e-01   1.2046392e+01   4.2734025e+01
   3.4985122e+01   6.1531052e-01   1.1906033e+01   4.2496467e+01
   3.5013963e+01   7.3447665e-01   1.2029758e+01   4.2558221e+01
   3.5160303e+01   6.9060324e-01   1.1925196e+01   4.2363845e+01
   3.5160303e+01   6.9060324e-01   1.1925196e+01   4.2363845e+01
   3.5371301e+01   6.9176828e-01   1.1753643e+01   4.2615273e+01
   3.5561837e+01   3.6945354e-01   1.2024209e+01   4.2403728e+01
   3.5555744e+01   2.9133071e-01   1.1919289e+01   4.2339744e+01
   3.5300090e+01   3.5742019e-01   1.1732723e+01   4.2222677e+01
   3.5366013e+01   4.4338531e-01   1.1772812e+01   4.2218943e+01
   3.5167927e+01   4.6490966e-01   1.1920199e+01   4.2136074e+01
   3.5006986e+01   4.2616401e-01   1.1902816e+01   4.1679093e+01
   3.4879289e+01   1.7186412e-01   1.1912885e+01   4.2040475e+01
   3.4970178e+01   3.1686922e-01   1.1590008e+01   4.1841563e+01
   3.4995276e+01   6.8334019e-01   1.1746796e+01   4.1877528e+01
   3.5068490e+01   5.3478295e-01   1.1561171e+01   4.1895568e+01
   3.5002542e+01   4.3239458e-01   1.1459844e+01   4.1679955e+01
   3.4863919e+01   6.2154158e-01   1.1290469e+01   4.1798855e+01
   3.4579074e+01   5.2610446e-01   1.1278575e+01   4.1823341e+01
   3.4579074e+01   5.2610446e-01   1.1278575e+01   4.1823341e+01
   3.4579074e+01   5.2610446e-01   1.1278575e+01   4.1823341e+01
   3.5026238e+01   3.9267188e-01   1.1411925e+01   4.1979586e+01
   3.5026238e+01   3.9267188e-01   1.1411925e+01   4.1979586e+01
   3.5026238e+01   3.9267188e-01   1.1411925e+01   4.1979586e+01
   3.5228130e+01   5.7105355e-01   1.1125345e+01   4.1850508e+01
   3.5228130e+01   5.7105355e-01   1.1125345e+01   4.1850508e+01
   3.5228130e+01   5.7105355e-01   1.1125345e+01   4.1850508e+01
   3.5447498e+01   4.3072060e-01   1.0913375e+01   4.1900068e+01
   3.5447498e+01   4.3072060e-01   1.0913375e+01   4.1900068e+01
   3.5573830e+01   2.5259010e-01   1.1002306e+01   4.1674191e+01
   3.5756218e+01   3.8697914e-01   1.1056324e+01   4.1508489e+01
   3.5659419e+01   3.2784550e-01   1.1232029e+01   4.1610681e+01
   3.5615155e+01   2.3790700e-01   1.1424051e+01   4.1730820e+01
   3.5663664e+01   1.5796274e-01   1.1518239e+01   4.1469102e+01
   3.5272274e+01   2.0293376e-01   1.1080280e+01   4.1270235e+01
   3.5395558e+01   7.2253814e-02   1.1225317e+01   4.1144671e+01
   3.5601820e+01   5.3624942e-01   1.1283747e+01   4.1139330e+01
   3.5500983e+01   4.6859627e-01   1.0918098e+01   4.0879678e+01
   3.5121499e+01   4.4099537e-01   1.0778192e+01   4.0727188e+01
   2.8990034e+01   9.2361507e+00  -4.2702330e+00   1.9215002e+01
   2.8990034e+01   9.2361507e+00  -4.2702330e+00   1.9215002e+01
   2.8990034e+01   9.2361507e+00  -4.2702330e+00   1.9215002e+01
   2.8990034e+01   9.2361507e+00  -4.2702330e+00   1.9215002e+01
   2.8990034e+01   9.2361507e+00  -4.2702330e+00   1.9215002e+01
   2.9971777e+01   9.9622069e+00  -4.8555278e+00   2.0041032e+01
   2.9968770e+01   1.0013206e+01  -4.9184387e+00   1.9987232e+01
   3.0021466e+01   9.9873928e+00  -4.9650178e+00   2.0020160e+01
   3.0021466e+01   9.9873928e+00  -4.9650178e+00   2.0020160e+01
   3.0021466e+01   9.9873928e+00  -4.9650178e+00   2.0020160e+01
   3.0021466e+01   9.9873928e+00  -4.9650178e+00   2.0020160e+01
   2.9996996e+01   1.0009406e+01  -4.9921878e+00   1.9992332e+01
   2.9996996e+01   1.0009406e+01  -4.9921878e+00   1.9992332e+01
   2.9996996e+01   1.0009406e+01  -4.9921878e+00   1.9992332e+01
   3.0032210e+01   1.0027016e+01  -4.9610082e+00   2.0027401e+01
   3.0032210e+01   1.0027016e+01  -4.9610082e+00   2.0027401e+01
   3.0009553e+01   1.0013446e+01  -4.9620974e+00   2.0006976e+01
   3.0011477e+01   9.9758225e+00  -4.9804233e+00   1.9993324e+01
   3.0011477e+01   9.9758225e+00  -4.9804233e+00   1.9993324e+01
   3.0011477e+01   9.9758225e+00  -4.9804233e+00   1.9993324e+01
   3.0011477e+01   9.9758225e+00  -4.9804233e+00   1.9993324e+01
   3.0003436e+01   9.9518647e+00  -5.0161346e+00   2.0005878e+01
   3.0003436e+01   9.9518647e+00  -5.0161346e+00   2.0005878e+01
   3.0014876e+01   9.9881813e+00  -4.9946176e+00   1.9978112e+01
   2.9982271e+01   9.9645912e+00  -5.0021068e+00   2.0008584e+01
   2.9982271e+01   9.9645912e+00  -5.0021068e+00   2.0008584e+01
   2.9982271e+01   9.9645912e+00  -5.0021068e+00   2.0008584e+01
   2.9982271e+01   9.9645912e+00  -5.0021068e+00   2.0008584e+01
   2.9982271e+01   9.9645912e+00  -5.0021068e+00   2.0008584e+01
   2.9982271e+01   9.9645912e+00  -5.0021068e+00   2.0008584e+01
   2.9982271e+01   9.9645912e+00  -5.0021068e+00   2.0008584e+01
   2.9982271e+01   9.9645912e+00  -5.0021068e+00   2.0008584e+01
   2.9982271e+01   9.9645912e+00  -5.0021068e+00   2.0008584e+01
   2.9982271e+01   9.9645912e+00  -5.0021068e+00   2.0008584e+01
   2.9982271e+01   9.9645912e+00  -5.0021068e+00   2.0008584e+01
   2.9982271e+01   9.9645912e+00  -5.0021068e+00   2.0008584e+01
   2.9982271e+01   9.9645912e+00  -5.0021068e+00   2.0008584e+01
   2.9982271e+01   9.9645912e+00  -5.0021068e+00   2.0008584e+01
   2.9982271e+01   9.9645912e+00  -5.0021068e+00   2.0008584e+01
   2.9982271e+01   9.9645912e+00  -5.0021068e+00   2.0008584e+01
   2.9982271e+01   9.9645912e+00  -5.0021068e+00   2.0008584e+01
   2.9982271e+01   9.9645912e+00  -5.0021068e+00   2.0008584e+01
   2.9982271e+01   9.9645912e+00  -5.0021068e+00   2.0008584e+01
   2.9982271e+01   9.9645912e+00  -5.0021068e+00   2.0008584e+01
   2.9982271e+01   9.9645912e+00  -5.0021068e+00   2.0008584e+01
   2.9982271e+01   9.9645912e+00  -5.0021068e+00   2.0008584e+01
   2.9982271e+01   9.9645912e+00  -5.0021068e+00   2.0008584e+01
   2.9982271e+01   9.9645912e+00  -5.0021068e+00   2.0008584e+01
   2.9938502e+01   9.9440343e+00  -4.9427570e+00   1.9972818e+01
   2.9938502e+01   9.9440343e+00  -4.9427570e+00   1.9972818e+01
   2.9938502e+01   9.9440343e+00  -4.9427570e+00   1.9972818e+01
