  -3.7233167e+00  -9.7746725e+00  -6.5558962e+00   3.5774686e+01
  -3.5843876e+00  -9.8273918e+00  -6.4007307e+00   3.6043102e+01
  -3.5843876e+00  -9.8273918e+00  -6.4007307e+00   3.6043102e+01
  -3.5452911e+00  -9.4555598e+00  -6.5504215e+00   3.6059527e+01
  -3.7844179e+00  -9.3369198e+00  -6.4134915e+00   3.5760172e+01
  -3.6625841e+00  -9.2493324e+00  -6.3164858e+00   3.5662488e+01
  -3.6625841e+00  -9.2493324e+00  -6.3164858e+00   3.5662488e+01
  -3.4163258e+00  -9.1250493e+00  -6.1925668e+00   3.5656553e+01
  -3.4163258e+00  -9.1250493e+00  -6.1925668e+00   3.5656553e+01
  -3.5623955e+00  -9.1002698e+00  -6.2867400e+00   3.5532145e+01
  -3.6279396e+00  -9.0456377e+00  -6.3659494e+00   3.5419515e+01
  -3.6310495e+00  -8.9898270e+00  -6.1309421e+00   3.5593850e+01
  -3.6894244e+00  -8.9651813e+00  -6.2251528e+00   3.5612627e+01
  -3.5119047e+00  -9.1458115e+00  -6.1121174e+00   3.5544165e+01
  -3.5119047e+00  -9.1458115e+00  -6.1121174e+00   3.5544165e+01
  -3.4433268e+00  -8.9249248e+00  -5.8990870e+00   3.5539428e+01
  -3.7902701e+00  -9.0036004e+00  -5.8228649e+00   3.5923876e+01
  -3.9190662e+00  -8.9810532e+00  -6.0970592e+00   3.6048934e+01
  -3.9190662e+00  -8.9810532e+00  -6.0970592e+00   3.6048934e+01
  -3.9190662e+00  -8.9810532e+00  -6.0970592e+00   3.6048934e+01
  -3.9190662e+00  -8.9810532e+00  -6.0970592e+00   3.6048934e+01
  -3.8116245e+00  -8.8153638e+00  -5.9550859e+00   3.5848497e+01
  -4.0448145e+00  -8.8801445e+00  -6.1133287e+00   3.6075534e+01
  -4.0448145e+00  -8.8801445e+00  -6.1133287e+00   3.6075534e+01
  -4.0853947e+00  -8.6443311e+00  -6.0489408e+00   3.6265162e+01
  -4.0688614e+00  -8.7826361e+00  -6.1756476e+00   3.6199952e+01
  -4.0688614e+00  -8.7826361e+00  -6.1756476e+00   3.6199952e+01
  -4.0688614e+00  -8.7826361e+00  -6.1756476e+00   3.6199952e+01
  -4.0235058e+00  -9.0865257e+00  -6.2274073e+00   3.6244359e+01
  -4.0235058e+00  -9.0865257e+00  -6.2274073e+00   3.6244359e+01
  -4.0235058e+00  -9.0865257e+00  -6.2274073e+00   3.6244359e+01
  -4.0235058e+00  -9.0865257e+00  -6.2274073e+00   3.6244359e+01
  -3.6060763e+00  -8.9068620e+00  -6.4890743e+00   3.6068406e+01
  -3.6060763e+00  -8.9068620e+00  -6.4890743e+00   3.6068406e+01
  -3.6060763e+00  -8.9068620e+00  -6.4890743e+00   3.6068406e+01
  -3.2636472e+00  -8.9580316e+00  -6.4305476e+00   3.6035118e+01
  -3.3689516e+00  -9.0469322e+00  -6.1710687e+00   3.6175151e+01
  -3.2545469e+00  -8.6298449e+00  -6.3628681e+00   3.5748750e+01
  -2.9088691e+00  -8.8902330e+00  -6.1635281e+00   3.5954425e+01
  -3.1894329e+00  -8.7611948e+00  -6.3369416e+00   3.5627219e+01
  -3.1894329e+00  -8.7611948e+00  -6.3369416e+00   3.5627219e+01
  -3.1894329e+00  -8.7611948e+00  -6.3369416e+00   3.5627219e+01
  -3.1878296e+00  -8.8084715e+00  -6.4989270e+00   3.5291925e+01
  -3.4850189e+00  -8.8129674e+00  -6.2186927e+00   3.5351544e+01
  -3.4850189e+00  -8.8129674e+00  -6.2186927e+00   3.5351544e+01
  -3.3524563e+00  -8.3092860e+00  -6.3316708e+00   3.5496611e+01
  -3.3524563e+00  -8.3092860e+00  -6.3316708e+00   3.5496611e+01
  -3.5207327e+00  -8.3437721e+00  -6.0704030e+00   3.5225250e+01
  -3.5207327e+00  -8.3437721e+00  -6.0704030e+00   3.5225250e+01
   8.4686774e+00  -5.2224627e+00  -5.8235977e+00   3.5747452e+01
   9.1480765e+00  -3.7106497e+00  -4.7804956e+00   3.3545250e+01
   9.4425663e+00  -3.0083990e+00  -4.5844586e+00   3.2993278e+01
   9.4750506e+00  -2.3349121e+00  -4.5567598e+00   3.2237700e+01
   9.6195307e+00  -2.0442516e+00  -4.5602017e+00   3.2118144e+01
   9.6195307e+00  -2.0442516e+00  -4.5602017e+00   3.2118144e+01
   9.5844441e+00  -1.3457792e+00  -4.6328201e+00   3.1314229e+01
   9.6557464e+00  -1.3754415e+00  -4.4900478e+00   3.1401787e+01
   9.5963964e+00  -9.6210859e-01  -4.6227292e+00   3.0955722e+01
   9.7683313e+00  -1.0358566e-01  -4.5538654e+00   3.0082400e+01
   9.7223136e+00  -3.8642085e-01  -4.6082453e+00   3.0296891e+01
   9.6228646e+00   7.7098611e-01  -4.6491678e+00   2.9093191e+01
   9.6945315e+00   2.3345090e+00  -4.7088611e+00   2.7569748e+01
   9.8611225e+00   4.1429699e+00  -4.6656347e+00   2.5849085e+01
   9.8611225e+00   4.1429699e+00  -4.6656347e+00   2.5849085e+01
   1.0028147e+01   6.3590376e+00  -4.8473393e+00   2.3667270e+01
   9.9558273e+00   7.0955007e+00  -4.8371260e+00   2.2853933e+01
   9.8874449e+00   6.9943432e+00  -4.8738575e+00   2.2951195e+01
   9.8952171e+00   7.4767871e+00  -4.8682482e+00   2.2428662e+01
   9.9197782e+00   8.9242223e+00  -4.9396078e+00   2.0979991e+01
   9.9197782e+00   8.9242223e+00  -4.9396078e+00   2.0979991e+01
   9.9197782e+00   8.9242223e+00  -4.9396078e+00   2.0979991e+01
   1.0024257e+01   1.0085986e+01  -4.9952150e+00   1.9911412e+01
   1.0024257e+01   1.0085986e+01  -4.9952150e+00   1.9911412e+01
   1.0024257e+01   1.0085986e+01  -4.9952150e+00   1.9911412e+01
   1.0024257e+01   1.0085986e+01  -4.9952150e+00   1.9911412e+01
   1.0024257e+01   1.0085986e+01  -4.9952150e+00   1.9911412e+01
   1.0024257e+01   1.0085986e+01  -4.9952150e+00   1.9911412e+01
   1.0024257e+01   1.0085986e+01  -4.9952150e+00   1.9911412e+01
   1.0024257e+01   1.0085986e+01  -4.9952150e+00   1.9911412e+01
   1.0024257e+01   1.0085986e+01  -4.9952150e+00   1.9911412e+01
   1.0024257e+01   1.0085986e+01  -4.9952150e+00   1.9911412e+01
   1.0024257e+01   1.0085986e+01  -4.9952150e+00   1.9911412e+01
   1.0024257e+01   1.0085986e+01  -4.9952150e+00   1.9911412e+01
   1.0024257e+01   1.0085986e+01  -4.9952150e+00   1.9911412e+01
   1.0024257e+01   1.0085986e+01  -4.9952150e+00   1.9911412e+01
   1.0024257e+01   1.0085986e+01  -4.9952150e+00   1.9911412e+01
   1.0024257e+01   1.0085986e+01  -4.9952150e+00   1.9911412e+01
   1.0024257e+01   1.0085986e+01  -4.9952150e+00   1.9911412e+01
   1.0024257e+01   1.0085986e+01  -4.9952150e+00   1.9911412e+01
   1.0024257e+01   1.0085986e+01  -4.9952150e+00   1.9911412e+01
   1.0024257e+01   1.0085986e+01  -4.9952150e+00   1.9911412e+01
   1.0024257e+01   1.0085986e+01  -4.9952150e+00   1.9911412e+01
   1.0024257e+01   1.0085986e+01  -4.9952150e+00   1.9911412e+01
   1.0024257e+01   1.0085986e+01  -4.9952150e+00   1.9911412e+01
   1.0024257e+01   1.0085986e+01  -4.9952150e+00   1.9911412e+01
   1.0024257e+01   1.0085986e+01  -4.9952150e+00   1.9911412e+01
   1.0024257e+01   1.0085986e+01  -4.9952150e+00   1.9911412e+01
   1.0024257e+01   1.0085986e+01  -4.9952150e+00   1.9911412e+01
   1.0024257e+01   1.0085986e+01  -4.9952150e+00   1.9911412e+01
   1.0024257e+01   1.0085986e+01  -4.9952150e+00   1.9911412e+01
