  -3.6018572e-01   4.5102887e+01   3.6050906e+01   4.8440627e+01
  -6.1546475e-01   4.5013666e+01   3.5876470e+01   4.8638410e+01
  -6.7494553e-01   4.5131101e+01   3.6033801e+01   4.8378123e+01
  -6.7494553e-01   4.5131101e+01   3.6033801e+01   4.8378123e+01
  -6.1433442e-01   4.5145197e+01   3.6133547e+01   4.8114273e+01
  -6.7751357e-01   4.4925085e+01   3.6259296e+01   4.8422211e+01
  -5.2500818e-01   4.4755220e+01   3.6143582e+01   4.8427925e+01
  -2.8293509e-01   4.4533693e+01   3.6104558e+01   4.8367473e+01
  -2.8293509e-01   4.4533693e+01   3.6104558e+01   4.8367473e+01
  -2.8293509e-01   4.4533693e+01   3.6104558e+01   4.8367473e+01
  -2.8293509e-01   4.4533693e+01   3.6104558e+01   4.8367473e+01
  -2.2204121e-01   4.4645563e+01   3.5732608e+01   4.8290460e+01
  -2.2204121e-01   4.4645563e+01   3.5732608e+01   4.8290460e+01
  -2.2625135e-01   4.4522538e+01   3.5570982e+01   4.8306674e+01
  -7.0990377e-02   4.4534133e+01   3.5767120e+01   4.8214864e+01
  -1.5964888e-01   4.4343884e+01   3.5707051e+01   4.8315017e+01
  -3.3343972e-01   4.4358246e+01   3.5770229e+01   4.8433500e+01
  -2.0423896e-01   4.4532528e+01   3.6017937e+01   4.8301497e+01
  -2.0423896e-01   4.4532528e+01   3.6017937e+01   4.8301497e+01
  -4.1155569e-01   4.4772927e+01   3.5747735e+01   4.8329247e+01
  -4.1155569e-01   4.4772927e+01   3.5747735e+01   4.8329247e+01
  -2.7426511e-01   4.4877974e+01   3.5580684e+01   4.8118151e+01
  -2.7426511e-01   4.4877974e+01   3.5580684e+01   4.8118151e+01
  -2.7426511e-01   4.4877974e+01   3.5580684e+01   4.8118151e+01
  -4.6216354e-01   4.4970812e+01   3.5986103e+01   4.7965730e+01
  -2.2410403e-01   4.5124046e+01   3.6116165e+01   4.7826493e+01
  -2.2410403e-01   4.5124046e+01   3.6116165e+01   4.7826493e+01
  -4.1168638e-01   4.4992220e+01   3.6076180e+01   4.7784058e+01
  -5.0538549e-01   4.4977717e+01   3.6295961e+01   4.7464376e+01
  -5.0538549e-01   4.4977717e+01   3.6295961e+01   4.7464376e+01
  -2.8863566e-01   4.5097989e+01   3.6599891e+01   4.7709701e+01
   2.3899730e-02   4.4821483e+01   3.6651028e+01   4.7492376e+01
   2.3899730e-02   4.4821483e+01   3.6651028e+01   4.7492376e+01
   2.3899730e-02   4.4821483e+01   3.6651028e+01   4.7492376e+01
   2.3899730e-02   4.4821483e+01   3.6651028e+01   4.7492376e+01
   2.1677904e-02   4.4621176e+01   3.6657969e+01   4.7250219e+01
  -3.7399642e-01   4.4694207e+01   3.6541854e+01   4.7205801e+01
  -3.3509563e-01   4.4692562e+01   3.6460205e+01   4.7270798e+01
  -3.3509563e-01   4.4692562e+01   3.6460205e+01   4.7270798e+01
  -7.3211628e-01   4.4787304e+01   3.6450930e+01   4.7297451e+01
  -7.9399851e-01   4.4965081e+01   3.6373303e+01   4.7567194e+01
  -7.9399851e-01   4.4965081e+01   3.6373303e+01   4.7567194e+01
  -8.9219794e-01   4.4979431e+01   3.6306286e+01   4.7474263e+01
  -6.3167192e-01   4.4924955e+01   3.6311417e+01   4.7570798e+01
  -8.3031428e-01   4.4661352e+01   3.6337671e+01   4.7675173e+01
  -9.1917281e-01   4.4684327e+01   3.6719578e+01   4.7420871e+01
  -8.9983118e-01   4.4765386e+01   3.6760128e+01   4.7545844e+01
  -8.8119962e-01   4.5063005e+01   3.6949709e+01   4.7645677e+01
  -8.8119962e-01   4.5063005e+01   3.6949709e+01   4.7645677e+01
   3.0453003e-01   9.4100443e+00   2.3424665e+01   1.9327304e+01
  -1.1273506e+00   9.6455660e+00   2.5655027e+01   2.0128976e+01
  -2.7549173e+00   9.8040918e+00   2.7648238e+01   2.0073739e+01
  -2.7549173e+00   9.8040918e+00   2.7648238e+01   2.0073739e+01
  -2.7549173e+00   9.8040918e+00   2.7648238e+01   2.0073739e+01
  -2.7549173e+00   9.8040918e+00   2.7648238e+01   2.0073739e+01
  -2.7549173e+00   9.8040918e+00   2.7648238e+01   2.0073739e+01
  -2.7549173e+00   9.8040918e+00   2.7648238e+01   2.0073739e+01
  -2.7549173e+00   9.8040918e+00   2.7648238e+01   2.0073739e+01
  -2.7549173e+00   9.8040918e+00   2.7648238e+01   2.0073739e+01
  -4.1650419e+00   9.8840911e+00   2.9125385e+01   2.0056599e+01
  -4.1650419e+00   9.8840911e+00   2.9125385e+01   2.0056599e+01
  -4.1650419e+00   9.8840911e+00   2.9125385e+01   2.0056599e+01
  -4.1650419e+00   9.8840911e+00   2.9125385e+01   2.0056599e+01
  -4.1650419e+00   9.8840911e+00   2.9125385e+01   2.0056599e+01
  -4.1650419e+00   9.8840911e+00   2.9125385e+01   2.0056599e+01
  -4.1650419e+00   9.8840911e+00   2.9125385e+01   2.0056599e+01
  -4.1650419e+00   9.8840911e+00   2.9125385e+01   2.0056599e+01
  -4.9748257e+00   1.0028510e+01   2.9953724e+01   1.9984724e+01
  -5.0420567e+00   1.0035188e+01   3.0027507e+01   1.9977732e+01
  -4.9668663e+00   9.9854950e+00   2.9991124e+01   2.0030428e+01
  -4.9668663e+00   9.9854950e+00   2.9991124e+01   2.0030428e+01
  -4.9668663e+00   9.9854950e+00   2.9991124e+01   2.0030428e+01
  -4.9668663e+00   9.9854950e+00   2.9991124e+01   2.0030428e+01
  -4.9668663e+00   9.9854950e+00   2.9991124e+01   2.0030428e+01
  -4.9668663e+00   9.9854950e+00   2.9991124e+01   2.0030428e+01
  -4.9838263e+00   9.9966656e+00   3.0008242e+01   1.9971750e+01
  -5.0259539e+00   1.0045358e+01   3.0015924e+01   1.9992152e+01
  -5.0259539e+00   1.0045358e+01   3.0015924e+01   1.9992152e+01
  -5.0259539e+00   1.0045358e+01   3.0015924e+01   1.9992152e+01
  -5.0259539e+00   1.0045358e+01   3.0015924e+01   1.9992152e+01
  -5.0259539e+00   1.0045358e+01   3.0015924e+01   1.9992152e+01
  -5.0259539e+00   1.0045358e+01   3.0015924e+01   1.9992152e+01
  -5.0259539e+00   1.0045358e+01   3.0015924e+01   1.9992152e+01
  -5.0259539e+00   1.0045358e+01   3.0015924e+01   1.9992152e+01
  -5.0259539e+00   1.0045358e+01   3.0015924e+01   1.9992152e+01
  -5.0259539e+00   1.0045358e+01   3.0015924e+01   1.9992152e+01
  -5.0259539e+00   1.0045358e+01   3.0015924e+01   1.9992152e+01
  -5.0259539e+00   1.0045358e+01   3.0015924e+01   1.9992152e+01
  -5.0259539e+00   1.0045358e+01   3.0015924e+01   1.9992152e+01
  -5.0259539e+00   1.0045358e+01   3.0015924e+01   1.9992152e+01
  -5.0259539e+00   1.0045358e+01   3.0015924e+01   1.9992152e+01
  -5.0259539e+00   1.0045358e+01   3.0015924e+01   1.9992152e+01
  -5.0259539e+00   1.0045358e+01   3.0015924e+01   1.9992152e+01
  -5.0259539e+00   1.0045358e+01   3.0015924e+01   1.9992152e+01
  -5.0259539e+00   1.0045358e+01   3.0015924e+01   1.9992152e+01
  -5.0259539e+00   1.0045358e+01   3.0015924e+01   1.9992152e+01
  -5.0259539e+00   1.0045358e+01   3.0015924e+01   1.9992152e+01
  -5.0259539e+00   1.0045358e+01   3.0015924e+01   1.9992152e+01
  -5.0259539e+00   1.0045358e+01   3.0015924e+01   1.9992152e+01
  -5.0259539e+00   1.0045358e+01   3.0015924e+01   1.9992152e+01
