   4.9569685e+01   2.9380003e+01  -1.6746049e+01   4.7042688e+01
   4.9275881e+01   2.9211672e+01  -1.6627113e+01   4.7235685e+01
   4.9275881e+01   2.9211672e+01  -1.6627113e+01   4.7235685e+01
   4.9275881e+01   2.9211672e+01  -1.6627113e+01   4.7235685e+01
   4.9350211e+01   2.9050402e+01  -1.6503642e+01   4.7363533e+01
   4.9163501e+01   2.9103230e+01  -1.6661671e+01   4.7272770e+01
   4.9163501e+01   2.9103230e+01  -1.6661671e+01   4.7272770e+01
   4.8980535e+01   2.8938370e+01  -1.6558996e+01   4.7045995e+01
   4.8960142e+01   2.8682238e+01  -1.6473597e+01   4.6566666e+01
   4.8648395e+01   2.8627268e+01  -1.6574517e+01   4.6587691e+01
   4.8826328e+01   2.8721735e+01  -1.6512632e+01   4.6338921e+01
   4.8826328e+01   2.8721735e+01  -1.6512632e+01   4.6338921e+01
   4.8775532e+01   2.8820762e+01  -1.6594881e+01   4.6528713e+01
   4.8783540e+01   2.8836442e+01  -1.6241585e+01   4.6705082e+01
   4.8830454e+01   2.9091090e+01  -1.6166684e+01   4.6433874e+01
   4.9229885e+01   2.9305081e+01  -1.6090788e+01   4.6385530e+01
   4.9170202e+01   2.9620209e+01  -1.6189254e+01   4.6317862e+01
   4.9201970e+01   2.9657328e+01  -1.5917916e+01   4.6186317e+01
   4.9201970e+01   2.9657328e+01  -1.5917916e+01   4.6186317e+01
   4.8756714e+01   2.9808966e+01  -1.6358506e+01   4.5991095e+01
   4.8756714e+01   2.9808966e+01  -1.6358506e+01   4.5991095e+01
   4.8533525e+01   2.9768140e+01  -1.6230765e+01   4.5600778e+01
   4.8468193e+01   2.9738612e+01  -1.6290466e+01   4.5283398e+01
   4.8468193e+01   2.9738612e+01  -1.6290466e+01   4.5283398e+01
   4.8468193e+01   2.9738612e+01  -1.6290466e+01   4.5283398e+01
   4.8510821e+01   2.9435409e+01  -1.6328033e+01   4.5401561e+01
   4.8510821e+01   2.9435409e+01  -1.6328033e+01   4.5401561e+01
   4.8391909e+01   2.9245658e+01  -1.6481786e+01   4.5286366e+01
   4.8391909e+01   2.9245658e+01  -1.6481786e+01   4.5286366e+01
   4.8298359e+01   2.9049700e+01  -1.6630748e+01   4.5361056e+01
   4.8298359e+01   2.9049700e+01  -1.6630748e+01   4.5361056e+01
   4.8021789e+01   2.8917172e+01  -1.6823540e+01   4.5353831e+01
   4.8021789e+01   2.8917172e+01  -1.6823540e+01   4.5353831e+01
   4.7740101e+01   2.8935860e+01  -1.6667686e+01   4.5639430e+01
   4.7938715e+01   2.8945212e+01  -1.6637321e+01   4.5352624e+01
   4.7903026e+01   2.8936604e+01  -1.6328838e+01   4.5150679e+01
   4.7903026e+01   2.8936604e+01  -1.6328838e+01   4.5150679e+01
   4.7903026e+01   2.8936604e+01  -1.6328838e+01   4.5150679e+01
   4.7903026e+01   2.8936604e+01  -1.6328838e+01   4.5150679e+01
   4.7585980e+01   2.8836907e+01  -1.6495964e+01   4.4776298e+01
   4.7545890e+01   2.9100098e+01  -1.6625341e+01   4.5107553e+01
   4.7545890e+01   2.9100098e+01  -1.6625341e+01   4.5107553e+01
   4.7545890e+01   2.9100098e+01  -1.6625341e+01   4.5107553e+01
   4.7545890e+01   2.9100098e+01  -1.6625341e+01   4.5107553e+01
   4.7517454e+01   2.9395652e+01  -1.6362172e+01   4.4936389e+01
   4.7517454e+01   2.9395652e+01  -1.6362172e+01   4.4936389e+01
   4.7152590e+01   2.9402828e+01  -1.6411056e+01   4.4638515e+01
   4.7372537e+01   2.9099389e+01  -1.6313086e+01   4.4482107e+01
   4.7332691e+01   2.8787396e+01  -1.6340844e+01   4.4692128e+01
   3.0246709e+01   1.0081889e+01  -5.1752170e+00   2.0225107e+01
   3.0020171e+01   9.9387850e+00  -5.0114393e+00   2.0013470e+01
   2.9988280e+01   9.9618873e+00  -5.0136801e+00   2.0004366e+01
   2.9988280e+01   9.9618873e+00  -5.0136801e+00   2.0004366e+01
   2.9999573e+01   9.9891423e+00  -5.0170108e+00   1.9989502e+01
   2.9990250e+01   9.9573552e+00  -4.9828874e+00   1.9956743e+01
   2.9998903e+01   1.0031837e+01  -4.9954737e+00   1.9957604e+01
   3.0057541e+01   9.9819361e+00  -5.0406400e+00   2.0038809e+01
   3.0057541e+01   9.9819361e+00  -5.0406400e+00   2.0038809e+01
   2.9983241e+01   1.0002375e+01  -5.0164100e+00   1.9971511e+01
   2.9970167e+01   9.9651782e+00  -5.0124382e+00   1.9974608e+01
   2.9970167e+01   9.9651782e+00  -5.0124382e+00   1.9974608e+01
   2.9974011e+01   9.9869338e+00  -4.9913321e+00   1.9976961e+01
   2.9956932e+01   1.0036125e+01  -5.0238082e+00   1.9951836e+01
   2.9952008e+01   1.0067495e+01  -5.0192958e+00   1.9946196e+01
   2.9995333e+01   1.0007366e+01  -5.0230291e+00   1.9986180e+01
   2.9995333e+01   1.0007366e+01  -5.0230291e+00   1.9986180e+01
   3.0038100e+01   1.0018431e+01  -4.9872735e+00   2.0012844e+01
   3.0030220e+01   9.9817493e+00  -5.0058219e+00   1.9993318e+01
   3.0021368e+01   1.0017120e+01  -4.9816367e+00   2.0018911e+01
   3.0029718e+01   9.9451661e+00  -5.0261289e+00   2.0021907e+01
   3.0008823e+01   1.0000391e+01  -5.0328756e+00   2.0013818e+01
   2.9963608e+01   9.9496072e+00  -4.9610172e+00   1.9979819e+01
   3.0005093e+01   9.9863499e+00  -5.0117913e+00   1.9979722e+01
   2.9987155e+01   9.9533655e+00  -4.9713979e+00   1.9991780e+01
   3.0005011e+01   9.9741115e+00  -5.0025796e+00   2.0000840e+01
   2.9989681e+01   9.9669588e+00  -4.9973451e+00   1.9975802e+01
   3.0000775e+01   1.0027853e+01  -5.0173682e+00   2.0002450e+01
   3.0030383e+01   9.9974153e+00  -4.9986201e+00   2.0027125e+01
   3.0030383e+01   9.9974153e+00  -4.9986201e+00   2.0027125e+01
   3.0030383e+01   9.9974153e+00  -4.9986201e+00   2.0027125e+01
   3.0071009e+01   1.0007840e+01  -4.9855511e+00   2.0063249e+01
   3.0075029e+01   1.0052841e+01  -5.0132687e+00   2.0079575e+01
   3.0075029e+01   1.0052841e+01  -5.0132687e+00   2.0079575e+01
   3.0075029e+01   1.0052841e+01  -5.0132687e+00   2.0079575e+01
   3.0063763e+01   1.0056111e+01  -4.9790718e+00   2.0047508e+01
   3.0064496e+01   1.0034051e+01  -5.0210224e+00   2.0057899e+01
   3.0107925e+01   1.0073937e+01  -5.0123205e+00   2.0074491e+01
   3.0107925e+01   1.0073937e+01  -5.0123205e+00   2.0074491e+01
   3.0117082e+01   1.0159886e+01  -5.0389703e+00   2.0079383e+01
   3.0044915e+01   1.0131550e+01  -5.0564553e+00   2.0030174e+01
   3.0089995e+01   1.0075512e+01  -5.0916152e+00   2.0048911e+01
   3.0089995e+01   1.0075512e+01  -5.0916152e+00   2.0048911e+01
   3.0089995e+01   1.0075512e+01  -5.0916152e+00   2.0048911e+01
   3.0074444e+01   1.0035707e+01  -5.1120066e+00   2.0055239e+01
   2.9960446e+01   1.0005521e+01  -5.0549000e+00   1.9950650e+01
   2.9947623e+01   9.9361232e+00  -5.0563336e+00   1.9945629e+01
   2.9947623e+01   9.9361232e+00  -5.0563336e+00   1.9945629e+01
   2.9947623e+01   9.9361232e+00  -5.0563336e+00   1.9945629e+01
   2.9947623e+01   9.9361232e+00  -5.0563336e+00   1.9945629e+01
   3.0004904e+01   1.0055306e+01  -5.0429004e+00   1.9999787e+01
