   4.5488614e+01   4.1505710e+01   6.8192696e+00   2.8789438e+00
   4.5495044e+01   4.1600934e+01   6.6888278e+00   3.3292725e+00
   4.5495044e+01   4.1600934e+01   6.6888278e+00   3.3292725e+00
   4.5495044e+01   4.1600934e+01   6.6888278e+00   3.3292725e+00
   4.5495044e+01   4.1600934e+01   6.6888278e+00   3.3292725e+00
   4.5234364e+01   4.1585908e+01   6.8245268e+00   3.5915479e+00
   4.5234364e+01   4.1585908e+01   6.8245268e+00   3.5915479e+00
   4.5234364e+01   4.1585908e+01   6.8245268e+00   3.5915479e+00
   4.5234364e+01   4.1585908e+01   6.8245268e+00   3.5915479e+00
   4.5234364e+01   4.1585908e+01   6.8245268e+00   3.5915479e+00
   4.5291077e+01   4.1677925e+01   6.4323325e+00   3.4275675e+00
   4.5416621e+01   4.1327962e+01   6.6059562e+00   3.2955738e+00
   4.5416621e+01   4.1327962e+01   6.6059562e+00   3.2955738e+00
   4.5367818e+01   4.1363795e+01   6.5323781e+00   3.3921142e+00
   4.5410416e+01   4.1272942e+01   6.6242160e+00   3.2332741e+00
   4.5525550e+01   4.1187851e+01   6.3716748e+00   3.2794289e+00
   4.5560372e+01   4.1130717e+01   6.4088821e+00   3.2528435e+00
   4.5784100e+01   4.1016844e+01   6.3540251e+00   2.9969477e+00
   4.5773231e+01   4.1126799e+01   6.4481923e+00   2.9966776e+00
   4.5873245e+01   4.1218315e+01   6.4496271e+00   3.1224687e+00
   4.5818179e+01   4.1307245e+01   6.7268150e+00   3.1017779e+00
   4.5888425e+01   4.1241272e+01   6.2856723e+00   2.9964738e+00
   4.6227217e+01   4.1348047e+01   6.1009489e+00   3.1407616e+00
   4.6227217e+01   4.1348047e+01   6.1009489e+00   3.1407616e+00
   4.6227217e+01   4.1348047e+01   6.1009489e+00   3.1407616e+00
   4.6240220e+01   4.1415271e+01   6.3486992e+00   3.1425211e+00
   4.5666578e+01   4.1284983e+01   6.3473988e+00   3.3365244e+00
   4.5357945e+01   4.1163718e+01   6.1945913e+00   3.2817458e+00
   4.5357945e+01   4.1163718e+01   6.1945913e+00   3.2817458e+00
   4.5363994e+01   4.1183939e+01   5.9731702e+00   3.2756322e+00
   4.5042023e+01   4.1262964e+01   6.0344973e+00   3.4070586e+00
   4.4795279e+01   4.1081877e+01   5.8981899e+00   3.2598670e+00
   4.4795279e+01   4.1081877e+01   5.8981899e+00   3.2598670e+00
   4.4992835e+01   4.1033217e+01   5.6261525e+00   3.0968802e+00
   4.4979981e+01   4.1205025e+01   5.5380700e+00   3.1324950e+00
   4.4543064e+01   4.1137249e+01   5.5104290e+00   2.5569020e+00
   4.4543064e+01   4.1137249e+01   5.5104290e+00   2.5569020e+00
   4.4710385e+01   4.1038018e+01   5.3178479e+00   2.5574114e+00
   4.4780911e+01   4.0768094e+01   5.2781611e+00   2.7962877e+00
   4.4423602e+01   4.1130422e+01   5.1264718e+00   2.7283895e+00
   4.4457933e+01   4.0968951e+01   4.7624003e+00   2.9423645e+00
   4.4621678e+01   4.0904612e+01   4.6160641e+00   3.1089442e+00
   4.4709535e+01   4.0600121e+01   4.6590997e+00   2.8564676e+00
   4.4815403e+01   4.0425871e+01   4.5099570e+00   3.0931273e+00
   4.4815403e+01   4.0425871e+01   4.5099570e+00   3.0931273e+00
   4.4191394e+01   3.9992073e+01   4.6799005e+00   3.0078115e+00
   4.3955337e+01   3.9914270e+01   4.7531467e+00   3.4546029e+00
   4.4104216e+01   4.0110988e+01   4.6182041e+00   3.8904229e+00
   4.4381773e+01   3.9751908e+01   4.5243925e+00   3.8904973e+00
   2.9959937e+01   1.9904048e+01  -4.8742248e+00   9.9349914e+00
   3.0021605e+01   1.9972153e+01  -5.0110941e+00   1.0050417e+01
   3.0021605e+01   1.9972153e+01  -5.0110941e+00   1.0050417e+01
   3.0021605e+01   1.9972153e+01  -5.0110941e+00   1.0050417e+01
   2.9981637e+01   1.9969280e+01  -4.9680683e+00   1.0041701e+01
   3.0011498e+01   1.9998416e+01  -4.9772682e+00   1.0033418e+01
   3.0011498e+01   1.9998416e+01  -4.9772682e+00   1.0033418e+01
   3.0011498e+01   1.9998416e+01  -4.9772682e+00   1.0033418e+01
   3.0028057e+01   1.9994276e+01  -5.0291975e+00   1.0066530e+01
   2.9998228e+01   1.9986382e+01  -4.9844887e+00   1.0000176e+01
   2.9979921e+01   1.9973597e+01  -5.0347173e+00   1.0035902e+01
   2.9979921e+01   1.9973597e+01  -5.0347173e+00   1.0035902e+01
   2.9979921e+01   1.9973597e+01  -5.0347173e+00   1.0035902e+01
   3.0003499e+01   1.9973881e+01  -5.0317839e+00   9.9838727e+00
   3.0049180e+01   2.0006134e+01  -5.0591388e+00   9.9349566e+00
   3.0011840e+01   2.0016513e+01  -5.0124193e+00   9.9773351e+00
   3.0048747e+01   2.0024502e+01  -4.9922139e+00   1.0028632e+01
   3.0048747e+01   2.0024502e+01  -4.9922139e+00   1.0028632e+01
   3.0046315e+01   2.0051835e+01  -4.9868920e+00   1.0055452e+01
   3.0046315e+01   2.0051835e+01  -4.9868920e+00   1.0055452e+01
   3.0046315e+01   2.0051835e+01  -4.9868920e+00   1.0055452e+01
   3.0046315e+01   2.0051835e+01  -4.9868920e+00   1.0055452e+01
   3.0006277e+01   1.9995625e+01  -5.0171759e+00   1.0024549e+01
   3.0006514e+01   1.9994233e+01  -4.9939043e+00   9.9960220e+00
   3.0041914e+01   2.0036529e+01  -5.0101999e+00   1.0026062e+01
   2.9971399e+01   1.9981636e+01  -4.9794468e+00   1.0016360e+01
   3.0004670e+01   1.9987894e+01  -5.0394530e+00   9.9828049e+00
   3.0022167e+01   2.0045795e+01  -4.9976151e+00   1.0010388e+01
   2.9989005e+01   1.9961429e+01  -4.9721610e+00   9.9808765e+00
   3.0030511e+01   2.0036221e+01  -5.0012055e+00   9.9879162e+00
   3.0020783e+01   2.0028095e+01  -4.9780967e+00   1.0018961e+01
   3.0020783e+01   2.0028095e+01  -4.9780967e+00   1.0018961e+01
   3.0014502e+01   2.0035349e+01  -5.0432553e+00   1.0000349e+01
   3.0014502e+01   2.0035349e+01  -5.0432553e+00   1.0000349e+01
   3.0014502e+01   2.0035349e+01  -5.0432553e+00   1.0000349e+01
   3.0014502e+01   2.0035349e+01  -5.0432553e+00   1.0000349e+01
   3.0014502e+01   2.0035349e+01  -5.0432553e+00   1.0000349e+01
   3.0014502e+01   2.0035349e+01  -5.0432553e+00   1.0000349e+01
   3.0019776e+01   2.0061390e+01  -5.0579934e+00   1.0048399e+01
   3.0019776e+01   2.0061390e+01  -5.0579934e+00   1.0048399e+01
   3.0019776e+01   2.0061390e+01  -5.0579934e+00   1.0048399e+01
   3.0019776e+01   2.0061390e+01  -5.0579934e+00   1.0048399e+01
   2.9998717e+01   2.0050539e+01  -5.1189024e+00   1.0032583e+01
   2.9998717e+01   2.0050539e+01  -5.1189024e+00   1.0032583e+01
   3.0017775e+01   2.0057176e+01  -5.0897919e+00   1.0013827e+01
   3.0017775e+01   2.0057176e+01  -5.0897919e+00   1.0013827e+01
   3.0017775e+01   2.0057176e+01  -5.0897919e+00   1.0013827e+01
   3.0017775e+01   2.0057176e+01  -5.0897919e+00   1.0013827e+01
   3.0017775e+01   2.0057176e+01  -5.0897919e+00   1.0013827e+01
   3.0017775e+01   2.0057176e+01  -5.0897919e+00   1.0013827e+01
   2.9969856e+01   1.9985970e+01  -5.0343492e+00   9.9757520e+00
