   2.8979440e+01  -2.9279838e+01  -2.1882633e+01  -1.5887749e+01
   2.8979440e+01  -2.9279838e+01  -2.1882633e+01  -1.5887749e+01
   2.8845483e+01  -2.9096548e+01  -2.1891031e+01  -1.5703722e+01
   2.8845483e+01  -2.9096548e+01  -2.1891031e+01  -1.5703722e+01
   2.8845483e+01  -2.9096548e+01  -2.1891031e+01  -1.5703722e+01
   2.8845483e+01  -2.9096548e+01  -2.1891031e+01  -1.5703722e+01
   2.8845483e+01  -2.9096548e+01  -2.1891031e+01  -1.5703722e+01
   2.8845483e+01  -2.9096548e+01  -2.1891031e+01  -1.5703722e+01
   2.8848082e+01  -2.9065886e+01  -2.1592463e+01  -1.5918827e+01
   2.8469349e+01  -2.8593790e+01  -2.1371485e+01  -1.6302006e+01
   2.8187073e+01  -2.8678283e+01  -2.1434589e+01  -1.6249664e+01
   2.8463341e+01  -2.8607155e+01  -2.1411510e+01  -1.6266156e+01
   2.8349233e+01  -2.8679689e+01  -2.1442416e+01  -1.6314123e+01
   2.8330121e+01  -2.8633162e+01  -2.1782883e+01  -1.6137691e+01
   2.8330121e+01  -2.8633162e+01  -2.1782883e+01  -1.6137691e+01
   2.8617584e+01  -2.8304974e+01  -2.2016814e+01  -1.6075711e+01
   2.8593286e+01  -2.8694716e+01  -2.2095306e+01  -1.5854519e+01
   2.8522332e+01  -2.8531830e+01  -2.1856626e+01  -1.5886906e+01
   2.8199696e+01  -2.8507362e+01  -2.1812885e+01  -1.5780890e+01
   2.8199696e+01  -2.8507362e+01  -2.1812885e+01  -1.5780890e+01
   2.8530319e+01  -2.8107263e+01  -2.1823700e+01  -1.6003442e+01
   2.8505088e+01  -2.7988402e+01  -2.1552250e+01  -1.5927869e+01
   2.8716936e+01  -2.7583548e+01  -2.1783702e+01  -1.6015163e+01
   2.8689892e+01  -2.7603123e+01  -2.1781620e+01  -1.5974445e+01
   2.8459528e+01  -2.7768824e+01  -2.1603579e+01  -1.5938117e+01
   2.8478638e+01  -2.7793580e+01  -2.1404574e+01  -1.5987375e+01
   2.8526730e+01  -2.7723527e+01  -2.1230643e+01  -1.5909014e+01
   2.8356558e+01  -2.7393309e+01  -2.1123692e+01  -1.6033334e+01
   2.8356558e+01  -2.7393309e+01  -2.1123692e+01  -1.6033334e+01
   2.8356558e+01  -2.7393309e+01  -2.1123692e+01  -1.6033334e+01
   2.8125797e+01  -2.7487328e+01  -2.1111079e+01  -1.6217759e+01
   2.8125797e+01  -2.7487328e+01  -2.1111079e+01  -1.6217759e+01
   2.7948053e+01  -2.7591088e+01  -2.0930822e+01  -1.6150960e+01
   2.7948053e+01  -2.7591088e+01  -2.0930822e+01  -1.6150960e+01
   2.7850333e+01  -2.7672334e+01  -2.0962135e+01  -1.5686270e+01
   2.7850333e+01  -2.7672334e+01  -2.0962135e+01  -1.5686270e+01
   2.7777920e+01  -2.7764781e+01  -2.1035110e+01  -1.5592458e+01
   2.7777920e+01  -2.7764781e+01  -2.1035110e+01  -1.5592458e+01
   2.7644975e+01  -2.7688715e+01  -2.0933331e+01  -1.5572479e+01
   2.7644975e+01  -2.7688715e+01  -2.0933331e+01  -1.5572479e+01
   2.7644975e+01  -2.7688715e+01  -2.0933331e+01  -1.5572479e+01
   2.7644975e+01  -2.7688715e+01  -2.0933331e+01  -1.5572479e+01
   2.7667191e+01  -2.7670828e+01  -2.1158474e+01  -1.5279459e+01
   2.7958137e+01  -2.7488383e+01  -2.1226576e+01  -1.5112742e+01
   2.7958137e+01  -2.7488383e+01  -2.1226576e+01  -1.5112742e+01
   2.7958137e+01  -2.7488383e+01  -2.1226576e+01  -1.5112742e+01
   2.7958137e+01  -2.7488383e+01  -2.1226576e+01  -1.5112742e+01
   2.7879856e+01  -2.7405427e+01  -2.1108379e+01  -1.4939123e+01
   2.7895029e+01  -2.7552763e+01  -2.0880370e+01  -1.4905788e+01
   2.9694852e+01   8.7829889e+00  -4.2183681e+00   1.9713235e+01
   2.9897764e+01   1.0102491e+01  -5.0434931e+00   1.9990532e+01
   3.0000217e+01   1.0041448e+01  -4.9884953e+00   2.0005537e+01
   2.9981660e+01   1.0006682e+01  -4.9675328e+00   1.9978681e+01
   2.9981660e+01   1.0006682e+01  -4.9675328e+00   1.9978681e+01
   2.9991294e+01   9.9924613e+00  -5.0322892e+00   2.0005514e+01
   3.0038605e+01   9.9816278e+00  -5.0129196e+00   2.0031330e+01
   2.9983580e+01   9.9636106e+00  -5.0064257e+00   2.0004422e+01
   2.9964720e+01   9.9961101e+00  -4.9758836e+00   1.9991106e+01
   3.0002051e+01   9.9663603e+00  -4.9996264e+00   2.0002855e+01
   3.0006259e+01   9.9796637e+00  -4.9763031e+00   2.0043158e+01
   3.0018054e+01   9.9887052e+00  -5.0089422e+00   2.0011394e+01
   3.0011085e+01   1.0040543e+01  -4.9961122e+00   2.0001190e+01
   3.0013531e+01   9.9850466e+00  -4.9945116e+00   2.0021913e+01
   2.9973194e+01   9.9752993e+00  -4.9657444e+00   1.9979808e+01
   2.9973338e+01   1.0018276e+01  -4.9867703e+00   1.9988511e+01
   2.9973287e+01   9.9918690e+00  -4.9612694e+00   1.9988469e+01
   2.9986733e+01   9.9972910e+00  -4.9887543e+00   1.9990646e+01
   2.9986733e+01   9.9972910e+00  -4.9887543e+00   1.9990646e+01
   2.9988954e+01   1.0022623e+01  -5.0252034e+00   2.0003114e+01
   2.9988954e+01   1.0022623e+01  -5.0252034e+00   2.0003114e+01
   2.9943605e+01   9.9825009e+00  -5.0009095e+00   1.9964154e+01
   2.9973355e+01   1.0000069e+01  -5.0063367e+00   1.9995641e+01
   2.9973355e+01   1.0000069e+01  -5.0063367e+00   1.9995641e+01
   3.0010275e+01   9.9715877e+00  -5.0239916e+00   2.0017285e+01
   2.9956570e+01   1.0033033e+01  -4.9849266e+00   1.9964668e+01
   2.9970426e+01   1.0015607e+01  -5.0165060e+00   1.9989209e+01
   2.9980102e+01   9.9371190e+00  -4.9796575e+00   1.9996526e+01
   2.9993932e+01   9.9852420e+00  -5.0013823e+00   1.9987653e+01
   2.9971022e+01   9.9968956e+00  -4.9504638e+00   1.9956911e+01
   2.9971022e+01   9.9968956e+00  -4.9504638e+00   1.9956911e+01
   3.0073722e+01   1.0052170e+01  -4.9962331e+00   2.0003362e+01
   3.0073722e+01   1.0052170e+01  -4.9962331e+00   2.0003362e+01
   3.0073722e+01   1.0052170e+01  -4.9962331e+00   2.0003362e+01
   3.0073722e+01   1.0052170e+01  -4.9962331e+00   2.0003362e+01
   3.0073722e+01   1.0052170e+01  -4.9962331e+00   2.0003362e+01
   3.0073722e+01   1.0052170e+01  -4.9962331e+00   2.0003362e+01
   3.0073722e+01   1.0052170e+01  -4.9962331e+00   2.0003362e+01
   3.0073722e+01   1.0052170e+01  -4.9962331e+00   2.0003362e+01
   3.0073722e+01   1.0052170e+01  -4.9962331e+00   2.0003362e+01
   3.0073722e+01   1.0052170e+01  -4.9962331e+00   2.0003362e+01
   3.0073722e+01   1.0052170e+01  -4.9962331e+00   2.0003362e+01
   3.0073722e+01   1.0052170e+01  -4.9962331e+00   2.0003362e+01
   3.0073722e+01   1.0052170e+01  -4.9962331e+00   2.0003362e+01
   3.0073722e+01   1.0052170e+01  -4.9962331e+00   2.0003362e+01
   3.0073722e+01   1.0052170e+01  -4.9962331e+00   2.0003362e+01
   3.0073722e+01   1.0052170e+01  -4.9962331e+00   2.0003362e+01
   3.0053877e+01   1.0039159e+01  -4.9824180e+00   1.9997929e+01
   3.0053877e+01   1.0039159e+01  -4.9824180e+00   1.9997929e+01
   3.0053877e+01   1.0039159e+01  -4.9824180e+00   1.9997929e+01
   3.0083138e+01   1.0075913e+01  -4.9770853e+00   2.0021125e+01
