   2.7823772e-01  -1.8420285e+01  -2.9501407e+01  -1.9581320e+01
   5.3434625e-01  -1.8090592e+01  -2.9630978e+01  -1.9726023e+01
   3.9625109e-01  -1.7812523e+01  -2.9614560e+01  -1.9609150e+01
   6.5372197e-01  -1.7756764e+01  -2.9403146e+01  -1.9561663e+01
   6.5372197e-01  -1.7756764e+01  -2.9403146e+01  -1.9561663e+01
   6.5242318e-01  -1.7858023e+01  -2.9321465e+01  -1.9515561e+01
   9.6420679e-01  -1.7852473e+01  -2.9505925e+01  -1.9556583e+01
   1.0218468e+00  -1.7942257e+01  -2.9564776e+01  -1.9543828e+01
   1.0218468e+00  -1.7942257e+01  -2.9564776e+01  -1.9543828e+01
   1.0218468e+00  -1.7942257e+01  -2.9564776e+01  -1.9543828e+01
   1.0055522e+00  -1.7761085e+01  -2.9299604e+01  -1.9634104e+01
   1.0055522e+00  -1.7761085e+01  -2.9299604e+01  -1.9634104e+01
   1.2725726e+00  -1.7668339e+01  -2.9280903e+01  -1.9670219e+01
   1.3075385e+00  -1.7189854e+01  -2.9269608e+01  -1.9453119e+01
   1.5778544e+00  -1.7293688e+01  -2.9295227e+01  -1.9538134e+01
   1.5621212e+00  -1.7486846e+01  -2.9572822e+01  -1.9354601e+01
   1.9162563e+00  -1.7475374e+01  -2.9552132e+01  -1.9562210e+01
   2.0489622e+00  -1.7814417e+01  -2.9282325e+01  -1.9294953e+01
   2.0489622e+00  -1.7814417e+01  -2.9282325e+01  -1.9294953e+01
   2.0489622e+00  -1.7814417e+01  -2.9282325e+01  -1.9294953e+01
   2.0489622e+00  -1.7814417e+01  -2.9282325e+01  -1.9294953e+01
   2.0489622e+00  -1.7814417e+01  -2.9282325e+01  -1.9294953e+01
   2.0489622e+00  -1.7814417e+01  -2.9282325e+01  -1.9294953e+01
   2.0489622e+00  -1.7814417e+01  -2.9282325e+01  -1.9294953e+01
   2.0489622e+00  -1.7814417e+01  -2.9282325e+01  -1.9294953e+01
   2.0489622e+00  -1.7814417e+01  -2.9282325e+01  -1.9294953e+01
   1.8797536e+00  -1.7832506e+01  -2.8790050e+01  -1.9473584e+01
   1.8772875e+00  -1.7951466e+01  -2.8454446e+01  -1.9637267e+01
   1.9276217e+00  -1.7685164e+01  -2.8419363e+01  -2.0015442e+01
   1.9276217e+00  -1.7685164e+01  -2.8419363e+01  -2.0015442e+01
   1.6160394e+00  -1.7648217e+01  -2.8284382e+01  -1.9958431e+01
   1.2656656e+00  -1.7538633e+01  -2.8739220e+01  -1.9646791e+01
   1.2656656e+00  -1.7538633e+01  -2.8739220e+01  -1.9646791e+01
   1.2656656e+00  -1.7538633e+01  -2.8739220e+01  -1.9646791e+01
   1.3230704e+00  -1.7761881e+01  -2.8721834e+01  -1.9349139e+01
   1.3230704e+00  -1.7761881e+01  -2.8721834e+01  -1.9349139e+01
   1.3753555e+00  -1.8022347e+01  -2.8615607e+01  -1.9030549e+01
   1.3753555e+00  -1.8022347e+01  -2.8615607e+01  -1.9030549e+01
   1.3999006e+00  -1.7932110e+01  -2.8488671e+01  -1.8932056e+01
   1.3999006e+00  -1.7932110e+01  -2.8488671e+01  -1.8932056e+01
   1.4246234e+00  -1.8032119e+01  -2.8607825e+01  -1.8914974e+01
   1.4246234e+00  -1.8032119e+01  -2.8607825e+01  -1.8914974e+01
   1.4061714e+00  -1.8083076e+01  -2.8559127e+01  -1.9107620e+01
   1.4696013e+00  -1.8203435e+01  -2.8494132e+01  -1.9265306e+01
   1.3157190e+00  -1.8341472e+01  -2.8458460e+01  -1.8879929e+01
   1.0575310e+00  -1.8214011e+01  -2.8088463e+01  -1.8877050e+01
   8.8779808e-01  -1.8254984e+01  -2.8280021e+01  -1.8707842e+01
   1.1357475e+00  -1.8134692e+01  -2.8283123e+01  -1.8591015e+01
   1.1357475e+00  -1.8134692e+01  -2.8283123e+01  -1.8591015e+01
   2.9150655e+01   2.0215505e+01  -3.0234998e+00   1.0129555e+01
   2.9955487e+01   2.0031802e+01  -4.8565775e+00   1.0018037e+01
   2.9992424e+01   1.9978033e+01  -4.9832117e+00   9.9406413e+00
   2.9970963e+01   1.9961449e+01  -4.9523920e+00   9.9889965e+00
   2.9999172e+01   2.0033880e+01  -4.9473012e+00   9.9812562e+00
   2.9999172e+01   2.0033880e+01  -4.9473012e+00   9.9812562e+00
   2.9999172e+01   2.0033880e+01  -4.9473012e+00   9.9812562e+00
   2.9999172e+01   2.0033880e+01  -4.9473012e+00   9.9812562e+00
   2.9985155e+01   2.0002820e+01  -4.9947422e+00   9.9740599e+00
   2.9961903e+01   1.9969661e+01  -4.9763885e+00   1.0000899e+01
   2.9940031e+01   1.9962794e+01  -4.9789130e+00   1.0002974e+01
   2.9940031e+01   1.9962794e+01  -4.9789130e+00   1.0002974e+01
   2.9967005e+01   1.9964945e+01  -4.9072662e+00   1.0026884e+01
   3.0005777e+01   2.0012525e+01  -5.0024185e+00   9.9758958e+00
   2.9916761e+01   1.9948437e+01  -4.9673708e+00   1.0060128e+01
   2.9974785e+01   1.9981637e+01  -4.9661471e+00   9.9934302e+00
   2.9974785e+01   1.9981637e+01  -4.9661471e+00   9.9934302e+00
   2.9977928e+01   1.9965952e+01  -4.9784758e+00   1.0004171e+01
   2.9977928e+01   1.9965952e+01  -4.9784758e+00   1.0004171e+01
   2.9988524e+01   1.9996014e+01  -4.9538223e+00   9.9917141e+00
   2.9988524e+01   1.9996014e+01  -4.9538223e+00   9.9917141e+00
   2.9994775e+01   1.9992512e+01  -5.0038464e+00   9.9869283e+00
   2.9979332e+01   1.9985720e+01  -4.9878992e+00   1.0033857e+01
   3.0015679e+01   2.0034859e+01  -5.0257344e+00   1.0015052e+01
   2.9987573e+01   2.0000245e+01  -4.9786586e+00   9.9792190e+00
   2.9985223e+01   1.9970665e+01  -4.9936650e+00   1.0014179e+01
   2.9986955e+01   1.9973746e+01  -4.9740055e+00   1.0026341e+01
   2.9949336e+01   1.9960769e+01  -5.0092686e+00   1.0034202e+01
   2.9949336e+01   1.9960769e+01  -5.0092686e+00   1.0034202e+01
   2.9949336e+01   1.9960769e+01  -5.0092686e+00   1.0034202e+01
   2.9949336e+01   1.9960769e+01  -5.0092686e+00   1.0034202e+01
   2.9949336e+01   1.9960769e+01  -5.0092686e+00   1.0034202e+01
   2.9949336e+01   1.9960769e+01  -5.0092686e+00   1.0034202e+01
   3.0025725e+01   1.9947518e+01  -5.0994234e+00   1.0027747e+01
   3.0025725e+01   1.9947518e+01  -5.0994234e+00   1.0027747e+01
   3.0025725e+01   1.9947518e+01  -5.0994234e+00   1.0027747e+01
   3.0025725e+01   1.9947518e+01  -5.0994234e+00   1.0027747e+01
   3.0025725e+01   1.9947518e+01  -5.0994234e+00   1.0027747e+01
   3.0025725e+01   1.9947518e+01  -5.0994234e+00   1.0027747e+01
   3.0025725e+01   1.9947518e+01  -5.0994234e+00   1.0027747e+01
   3.0025725e+01   1.9947518e+01  -5.0994234e+00   1.0027747e+01
   3.0025725e+01   1.9947518e+01  -5.0994234e+00   1.0027747e+01
   3.0025725e+01   1.9947518e+01  -5.0994234e+00   1.0027747e+01
   3.0025725e+01   1.9947518e+01  -5.0994234e+00   1.0027747e+01
   2.9972835e+01   1.9937195e+01  -4.9946528e+00   1.0028197e+01
   2.9972835e+01   1.9937195e+01  -4.9946528e+00   1.0028197e+01
   2.9972835e+01   1.9937195e+01  -4.9946528e+00   1.0028197e+01
   2.9972835e+01   1.9937195e+01  -4.9946528e+00   1.0028197e+01
   2.9972835e+01   1.9937195e+01  -4.9946528e+00   1.0028197e+01
   2.9972835e+01   1.9937195e+01  -4.9946528e+00   1.0028197e+01
   2.9972835e+01   1.9937195e+01  -4.9946528e+00   1.0028197e+01
