   5.4034606e+00   2.6399042e+01  -2.3762763e+01  -2.9543917e+01
   5.6830853e+00   2.6256475e+01  -2.4056308e+01  -2.9730308e+01
   5.6830853e+00   2.6256475e+01  -2.4056308e+01  -2.9730308e+01
   5.6830853e+00   2.6256475e+01  -2.4056308e+01  -2.9730308e+01
   5.6830853e+00   2.6256475e+01  -2.4056308e+01  -2.9730308e+01
   5.6856029e+00   2.6009651e+01  -2.4058684e+01  -2.9757063e+01
   5.4684255e+00   2.5981811e+01  -2.4037156e+01  -2.9678753e+01
   5.6522943e+00   2.6143035e+01  -2.4201383e+01  -2.9622848e+01
   5.5482025e+00   2.6034418e+01  -2.4198134e+01  -2.9624944e+01
   5.5482025e+00   2.6034418e+01  -2.4198134e+01  -2.9624944e+01
   5.5482025e+00   2.6034418e+01  -2.4198134e+01  -2.9624944e+01
   5.5325622e+00   2.5779806e+01  -2.4420133e+01  -2.9785211e+01
   5.5325622e+00   2.5779806e+01  -2.4420133e+01  -2.9785211e+01
   5.3432243e+00   2.5945744e+01  -2.4646065e+01  -2.9549186e+01
   5.3354537e+00   2.6208965e+01  -2.4399173e+01  -2.9651277e+01
   5.5334347e+00   2.6109059e+01  -2.4238909e+01  -2.9328146e+01
   5.1193791e+00   2.6127169e+01  -2.4113527e+01  -2.9180240e+01
   5.1193791e+00   2.6127169e+01  -2.4113527e+01  -2.9180240e+01
   5.1163399e+00   2.6206822e+01  -2.3818211e+01  -2.9098446e+01
   5.1163399e+00   2.6206822e+01  -2.3818211e+01  -2.9098446e+01
   5.1163399e+00   2.6206822e+01  -2.3818211e+01  -2.9098446e+01
   5.1163399e+00   2.6206822e+01  -2.3818211e+01  -2.9098446e+01
   5.2978093e+00   2.6281172e+01  -2.3683263e+01  -2.9061889e+01
   5.2978093e+00   2.6281172e+01  -2.3683263e+01  -2.9061889e+01
   5.2978093e+00   2.6281172e+01  -2.3683263e+01  -2.9061889e+01
   5.2978093e+00   2.6281172e+01  -2.3683263e+01  -2.9061889e+01
   5.3536181e+00   2.6134405e+01  -2.3803657e+01  -2.8895598e+01
   5.4507220e+00   2.5922286e+01  -2.4007984e+01  -2.8774138e+01
   5.6875298e+00   2.5702954e+01  -2.4213667e+01  -2.8705656e+01
   5.6875298e+00   2.5702954e+01  -2.4213667e+01  -2.8705656e+01
   5.6875298e+00   2.5702954e+01  -2.4213667e+01  -2.8705656e+01
   5.6875298e+00   2.5702954e+01  -2.4213667e+01  -2.8705656e+01
   5.8486583e+00   2.5477405e+01  -2.4198027e+01  -2.8732567e+01
   5.8486583e+00   2.5477405e+01  -2.4198027e+01  -2.8732567e+01
   5.8486583e+00   2.5477405e+01  -2.4198027e+01  -2.8732567e+01
   6.0304358e+00   2.5091348e+01  -2.4457917e+01  -2.8748912e+01
   5.9424067e+00   2.4959798e+01  -2.4250531e+01  -2.8739934e+01
   5.7771276e+00   2.5294601e+01  -2.4044145e+01  -2.8760626e+01
   5.9814430e+00   2.5395547e+01  -2.3926414e+01  -2.8863005e+01
   5.7856594e+00   2.5233403e+01  -2.3867100e+01  -2.8540971e+01
   5.8538910e+00   2.5028963e+01  -2.4117505e+01  -2.8376130e+01
   5.8538910e+00   2.5028963e+01  -2.4117505e+01  -2.8376130e+01
   5.7932110e+00   2.4450267e+01  -2.3963407e+01  -2.8409867e+01
   6.0073886e+00   2.4187166e+01  -2.3379465e+01  -2.8242337e+01
   6.0073886e+00   2.4187166e+01  -2.3379465e+01  -2.8242337e+01
   5.6093435e+00   2.4400951e+01  -2.3054981e+01  -2.8081165e+01
   5.6093435e+00   2.4400951e+01  -2.3054981e+01  -2.8081165e+01
   5.6093435e+00   2.4400951e+01  -2.3054981e+01  -2.8081165e+01
   5.4882655e+00   2.4936273e+01  -2.3032382e+01  -2.7845506e+01
   1.0780657e+01   2.1267822e+01  -3.8509021e+00   1.1602450e+01
   1.0780657e+01   2.1267822e+01  -3.8509021e+00   1.1602450e+01
   9.9728411e+00   1.9979795e+01  -4.8436543e+00   9.9038760e+00
   1.0026092e+01   2.0005682e+01  -4.9601082e+00   9.9888290e+00
   1.0026092e+01   2.0005682e+01  -4.9601082e+00   9.9888290e+00
   9.9756424e+00   2.0001126e+01  -4.9703011e+00   9.9782423e+00
   9.9756424e+00   2.0001126e+01  -4.9703011e+00   9.9782423e+00
   9.9756424e+00   2.0001126e+01  -4.9703011e+00   9.9782423e+00
   9.9501568e+00   2.0011642e+01  -4.9521366e+00   9.9771369e+00
   1.0008791e+01   2.0018183e+01  -4.9471896e+00   9.9843788e+00
   9.9746255e+00   2.0027035e+01  -4.9411823e+00   9.9639595e+00
   9.9911373e+00   2.0005488e+01  -5.0207662e+00   9.9978491e+00
   1.0032149e+01   2.0020994e+01  -4.9459342e+00   1.0011465e+01
   9.9641924e+00   1.9997644e+01  -5.0083871e+00   1.0036231e+01
   9.9641924e+00   1.9997644e+01  -5.0083871e+00   1.0036231e+01
   9.9641924e+00   1.9997644e+01  -5.0083871e+00   1.0036231e+01
   1.0024119e+01   1.9999070e+01  -5.0151596e+00   1.0023761e+01
   9.9856673e+00   2.0020812e+01  -4.9861732e+00   1.0038524e+01
   9.9856673e+00   2.0020812e+01  -4.9861732e+00   1.0038524e+01
   9.9856673e+00   2.0020812e+01  -4.9861732e+00   1.0038524e+01
   9.9945065e+00   1.9979235e+01  -5.0227756e+00   9.9831955e+00
   9.9782843e+00   1.9984172e+01  -4.9968237e+00   1.0017944e+01
   1.0021578e+01   1.9987536e+01  -5.0086331e+00   9.9752944e+00
   1.0021578e+01   1.9987536e+01  -5.0086331e+00   9.9752944e+00
   1.0021578e+01   1.9987536e+01  -5.0086331e+00   9.9752944e+00
   9.9738832e+00   2.0006825e+01  -4.9753030e+00   9.9981983e+00
   9.9738832e+00   2.0006825e+01  -4.9753030e+00   9.9981983e+00
   9.9738832e+00   2.0006825e+01  -4.9753030e+00   9.9981983e+00
   1.0005046e+01   1.9977345e+01  -4.9976042e+00   9.9729255e+00
   1.0005046e+01   1.9977345e+01  -4.9976042e+00   9.9729255e+00
   1.0005046e+01   1.9977345e+01  -4.9976042e+00   9.9729255e+00
   1.0005046e+01   1.9977345e+01  -4.9976042e+00   9.9729255e+00
   1.0005046e+01   1.9977345e+01  -4.9976042e+00   9.9729255e+00
   1.0005046e+01   1.9977345e+01  -4.9976042e+00   9.9729255e+00
   1.0005046e+01   1.9977345e+01  -4.9976042e+00   9.9729255e+00
   1.0005046e+01   1.9977345e+01  -4.9976042e+00   9.9729255e+00
   1.0005046e+01   1.9977345e+01  -4.9976042e+00   9.9729255e+00
   1.0005046e+01   1.9977345e+01  -4.9976042e+00   9.9729255e+00
   1.0005046e+01   1.9977345e+01  -4.9976042e+00   9.9729255e+00
   1.0005046e+01   1.9977345e+01  -4.9976042e+00   9.9729255e+00
   1.0005046e+01   1.9977345e+01  -4.9976042e+00   9.9729255e+00
   1.0005046e+01   1.9977345e+01  -4.9976042e+00   9.9729255e+00
   1.0005046e+01   1.9977345e+01  -4.9976042e+00   9.9729255e+00
   1.0005046e+01   1.9977345e+01  -4.9976042e+00   9.9729255e+00
   1.0005046e+01   1.9977345e+01  -4.9976042e+00   9.9729255e+00
   1.0005046e+01   1.9977345e+01  -4.9976042e+00   9.9729255e+00
   1.0005046e+01   1.9977345e+01  -4.9976042e+00   9.9729255e+00
   1.0005046e+01   1.9977345e+01  -4.9976042e+00   9.9729255e+00
   1.0005046e+01   1.9977345e+01  -4.9976042e+00   9.9729255e+00
   1.0005046e+01   1.9977345e+01  -4.9976042e+00   9.9729255e+00
   1.0005046e+01   1.9977345e+01  -4.9976042e+00   9.9729255e+00
