   1.1286452e+01  -2.2520629e+01   1.6238727e+01  -2.9285522e+00
   1.1286452e+01  -2.2520629e+01   1.6238727e+01  -2.9285522e+00
   1.1101547e+01  -2.2156413e+01   1.6307851e+01  -2.8790254e+00
   1.0724872e+01  -2.1820887e+01   1.6646902e+01  -2.9601190e+00
   1.0663446e+01  -2.1974530e+01   1.6570718e+01  -2.8957895e+00
   1.0803040e+01  -2.1618871e+01   1.6460527e+01  -2.3269996e+00
   1.0517210e+01  -2.1358991e+01   1.6767359e+01  -2.2722755e+00
   1.0799662e+01  -2.1428660e+01   1.6676278e+01  -2.6187198e+00
   1.0996743e+01  -2.1305248e+01   1.6922031e+01  -2.5760405e+00
   1.0961204e+01  -2.1320392e+01   1.7082560e+01  -2.8785825e+00
   1.0697931e+01  -2.1160921e+01   1.6848836e+01  -3.2112787e+00
   1.0697931e+01  -2.1160921e+01   1.6848836e+01  -3.2112787e+00
   1.0697931e+01  -2.1160921e+01   1.6848836e+01  -3.2112787e+00
   1.0697931e+01  -2.1160921e+01   1.6848836e+01  -3.2112787e+00
   1.0697931e+01  -2.1160921e+01   1.6848836e+01  -3.2112787e+00
   1.0634326e+01  -2.1268132e+01   1.6849470e+01  -3.1495394e+00
   1.0391299e+01  -2.1265335e+01   1.7014384e+01  -3.1158037e+00
   1.0391299e+01  -2.1265335e+01   1.7014384e+01  -3.1158037e+00
   1.0391299e+01  -2.1265335e+01   1.7014384e+01  -3.1158037e+00
   1.0391299e+01  -2.1265335e+01   1.7014384e+01  -3.1158037e+00
   1.0391299e+01  -2.1265335e+01   1.7014384e+01  -3.1158037e+00
   1.0307894e+01  -2.1384502e+01   1.6893158e+01  -2.9225961e+00
   1.0165741e+01  -2.1433230e+01   1.6814373e+01  -3.0799345e+00
   1.0054918e+01  -2.1548020e+01   1.6721411e+01  -3.4347590e+00
   1.0054918e+01  -2.1548020e+01   1.6721411e+01  -3.4347590e+00
   1.0054918e+01  -2.1548020e+01   1.6721411e+01  -3.4347590e+00
   1.0285284e+01  -2.1501449e+01   1.6747587e+01  -3.3590957e+00
   1.0285284e+01  -2.1501449e+01   1.6747587e+01  -3.3590957e+00
   1.0285284e+01  -2.1501449e+01   1.6747587e+01  -3.3590957e+00
   1.0285284e+01  -2.1501449e+01   1.6747587e+01  -3.3590957e+00
   9.8931268e+00  -2.1625970e+01   1.6557638e+01  -3.4835706e+00
   9.9619332e+00  -2.1315280e+01   1.6548972e+01  -3.4381638e+00
   9.9903637e+00  -2.1197022e+01   1.6067716e+01  -3.5060040e+00
   9.9903637e+00  -2.1197022e+01   1.6067716e+01  -3.5060040e+00
   9.8864192e+00  -2.1103030e+01   1.6282450e+01  -3.5597030e+00
   9.8489578e+00  -2.1075561e+01   1.6485057e+01  -3.2160423e+00
   9.7378461e+00  -2.0945069e+01   1.6452333e+01  -3.1769482e+00
   9.9534081e+00  -2.0985683e+01   1.6544299e+01  -2.9336330e+00
   9.9534081e+00  -2.0985683e+01   1.6544299e+01  -2.9336330e+00
   9.9534081e+00  -2.0985683e+01   1.6544299e+01  -2.9336330e+00
   9.9762261e+00  -2.1026587e+01   1.6573879e+01  -3.2175233e+00
   1.0143440e+01  -2.0943738e+01   1.6334760e+01  -3.1202791e+00
   1.0143440e+01  -2.0943738e+01   1.6334760e+01  -3.1202791e+00
   1.0143440e+01  -2.0943738e+01   1.6334760e+01  -3.1202791e+00
   1.0123165e+01  -2.0698745e+01   1.6148268e+01  -3.2552477e+00
   1.0050137e+01  -2.0364712e+01   1.6332534e+01  -3.6406617e+00
   9.6780531e+00  -2.0558333e+01   1.6269981e+01  -3.2453399e+00
   9.6780531e+00  -2.0558333e+01   1.6269981e+01  -3.2453399e+00
   9.6780531e+00  -2.0558333e+01   1.6269981e+01  -3.2453399e+00
  -3.0228925e+00   1.5518952e+01   8.1329643e+00   1.5393970e+01
  -3.0228925e+00   1.5518952e+01   8.1329643e+00   1.5393970e+01
  -3.7952156e+00   1.3669784e+01   9.5006223e+00   1.6282662e+01
  -4.1335938e+00   1.2521277e+01   9.6106819e+00   1.7436304e+01
  -4.5527983e+00   1.1084745e+01   9.9521130e+00   1.8919924e+01
  -4.5527983e+00   1.1084745e+01   9.9521130e+00   1.8919924e+01
  -5.3146214e+00   9.7678586e+00   1.0502870e+01   2.0192357e+01
  -5.3146214e+00   9.7678586e+00   1.0502870e+01   2.0192357e+01
  -5.3146214e+00   9.7678586e+00   1.0502870e+01   2.0192357e+01
  -5.3146214e+00   9.7678586e+00   1.0502870e+01   2.0192357e+01
  -5.4197522e+00   9.6497705e+00   1.0435514e+01   2.0330230e+01
  -5.4197522e+00   9.6497705e+00   1.0435514e+01   2.0330230e+01
  -5.4197522e+00   9.6497705e+00   1.0435514e+01   2.0330230e+01
  -5.4197522e+00   9.6497705e+00   1.0435514e+01   2.0330230e+01
  -5.4197522e+00   9.6497705e+00   1.0435514e+01   2.0330230e+01
  -5.4197522e+00   9.6497705e+00   1.0435514e+01   2.0330230e+01
  -5.4197522e+00   9.6497705e+00   1.0435514e+01   2.0330230e+01
  -5.4197522e+00   9.6497705e+00   1.0435514e+01   2.0330230e+01
  -5.3322923e+00   9.8910344e+00   1.0441972e+01   2.0082681e+01
  -5.3322923e+00   9.8910344e+00   1.0441972e+01   2.0082681e+01
  -5.3322923e+00   9.8910344e+00   1.0441972e+01   2.0082681e+01
  -5.3322923e+00   9.8910344e+00   1.0441972e+01   2.0082681e+01
  -5.3322923e+00   9.8910344e+00   1.0441972e+01   2.0082681e+01
  -5.3322923e+00   9.8910344e+00   1.0441972e+01   2.0082681e+01
  -5.3322923e+00   9.8910344e+00   1.0441972e+01   2.0082681e+01
  -5.3322923e+00   9.8910344e+00   1.0441972e+01   2.0082681e+01
  -5.3322923e+00   9.8910344e+00   1.0441972e+01   2.0082681e+01
  -5.3322923e+00   9.8910344e+00   1.0441972e+01   2.0082681e+01
  -5.3322923e+00   9.8910344e+00   1.0441972e+01   2.0082681e+01
  -5.5729160e+00   9.7199872e+00   1.0579511e+01   2.0280705e+01
  -5.5729160e+00   9.7199872e+00   1.0579511e+01   2.0280705e+01
  -5.5729160e+00   9.7199872e+00   1.0579511e+01   2.0280705e+01
  -5.5729160e+00   9.7199872e+00   1.0579511e+01   2.0280705e+01
  -5.5729160e+00   9.7199872e+00   1.0579511e+01   2.0280705e+01
  -5.5729160e+00   9.7199872e+00   1.0579511e+01   2.0280705e+01
  -5.5729160e+00   9.7199872e+00   1.0579511e+01   2.0280705e+01
  -5.5729160e+00   9.7199872e+00   1.0579511e+01   2.0280705e+01
  -5.5729160e+00   9.7199872e+00   1.0579511e+01   2.0280705e+01
  -5.5729160e+00   9.7199872e+00   1.0579511e+01   2.0280705e+01
  -5.5729160e+00   9.7199872e+00   1.0579511e+01   2.0280705e+01
  -5.5729160e+00   9.7199872e+00   1.0579511e+01   2.0280705e+01
  -5.5729160e+00   9.7199872e+00   1.0579511e+01   2.0280705e+01
  -5.5729160e+00   9.7199872e+00   1.0579511e+01   2.0280705e+01
  -5.5729160e+00   9.7199872e+00   1.0579511e+01   2.0280705e+01
  -5.5729160e+00   9.7199872e+00   1.0579511e+01   2.0280705e+01
  -5.5729160e+00   9.7199872e+00   1.0579511e+01   2.0280705e+01
  -5.5729160e+00   9.7199872e+00   1.0579511e+01   2.0280705e+01
  -5.5729160e+00   9.7199872e+00   1.0579511e+01   2.0280705e+01
  -5.5729160e+00   9.7199872e+00   1.0579511e+01   2.0280705e+01
  -5.5729160e+00   9.7199872e+00   1.0579511e+01   2.0280705e+01
  -5.5729160e+00   9.7199872e+00   1.0579511e+01   2.0280705e+01
