   2.3980592e-01  -1.6468665e+01   4.4069886e+01  -1.2514491e+01
   2.1381111e-01  -1.6619704e+01   4.4221724e+01  -1.2071524e+01
   2.3629881e-01  -1.6719865e+01   4.4211187e+01  -1.2039401e+01
   2.3629881e-01  -1.6719865e+01   4.4211187e+01  -1.2039401e+01
   1.7281155e-01  -1.6722993e+01   4.4114329e+01  -1.1864791e+01
   3.2188946e-01  -1.6528326e+01   4.4269251e+01  -1.1745229e+01
   3.2188946e-01  -1.6528326e+01   4.4269251e+01  -1.1745229e+01
   3.2188946e-01  -1.6528326e+01   4.4269251e+01  -1.1745229e+01
   1.1619311e-01  -1.6184912e+01   4.4021673e+01  -1.1700562e+01
   1.1619311e-01  -1.6184912e+01   4.4021673e+01  -1.1700562e+01
   1.1619311e-01  -1.6184912e+01   4.4021673e+01  -1.1700562e+01
   6.2745914e-02  -1.6244003e+01   4.4125388e+01  -1.1238460e+01
  -2.9850482e-01  -1.6298077e+01   4.3952978e+01  -1.1105306e+01
  -3.9590467e-01  -1.6206312e+01   4.3474064e+01  -1.1279619e+01
  -5.7376653e-01  -1.6402036e+01   4.3173245e+01  -1.1364479e+01
  -5.6239844e-01  -1.6403679e+01   4.3119387e+01  -1.1297826e+01
  -5.4279888e-01  -1.6401708e+01   4.3025085e+01  -1.1416237e+01
  -4.3377270e-01  -1.6462220e+01   4.2813006e+01  -1.1148022e+01
  -4.0280596e-01  -1.6328555e+01   4.2822946e+01  -1.1353505e+01
  -4.0280596e-01  -1.6328555e+01   4.2822946e+01  -1.1353505e+01
  -3.8688966e-01  -1.6186554e+01   4.3077532e+01  -1.1317994e+01
  -6.9834629e-01  -1.6541031e+01   4.3104870e+01  -1.1371471e+01
  -4.3997458e-01  -1.6758148e+01   4.3066218e+01  -1.1047588e+01
  -4.3997458e-01  -1.6758148e+01   4.3066218e+01  -1.1047588e+01
  -2.4837250e-01  -1.6874447e+01   4.3085074e+01  -1.0822159e+01
  -2.0508148e-01  -1.6695525e+01   4.3424587e+01  -1.0713798e+01
  -2.7368949e-01  -1.6555174e+01   4.3372519e+01  -1.0272856e+01
  -3.9482600e-01  -1.6417547e+01   4.3489082e+01  -1.0287806e+01
  -5.2191747e-01  -1.6237658e+01   4.3642230e+01  -1.0255713e+01
  -5.6234957e-01  -1.6217520e+01   4.3620224e+01  -1.0130081e+01
  -4.4804523e-01  -1.6441263e+01   4.3585682e+01  -1.0085058e+01
  -4.4804523e-01  -1.6441263e+01   4.3585682e+01  -1.0085058e+01
  -4.4804523e-01  -1.6441263e+01   4.3585682e+01  -1.0085058e+01
  -4.6823837e-01  -1.6074145e+01   4.3490243e+01  -1.0047082e+01
  -4.6823837e-01  -1.6074145e+01   4.3490243e+01  -1.0047082e+01
  -5.7548347e-01  -1.6089479e+01   4.3348205e+01  -9.9613403e+00
  -4.9797992e-01  -1.6222322e+01   4.3257208e+01  -9.9349915e+00
  -3.6792267e-01  -1.5849858e+01   4.2975703e+01  -9.6277262e+00
  -3.6792267e-01  -1.5849858e+01   4.2975703e+01  -9.6277262e+00
  -2.3231873e-01  -1.6049554e+01   4.3006477e+01  -9.7278171e+00
  -3.1442494e-01  -1.5516262e+01   4.2811669e+01  -1.0071089e+01
  -1.9681609e-01  -1.5453565e+01   4.2945812e+01  -9.8800047e+00
  -1.9681609e-01  -1.5453565e+01   4.2945812e+01  -9.8800047e+00
  -2.4413073e-01  -1.5202242e+01   4.2921927e+01  -9.6007371e+00
  -5.4791177e-01  -1.5024757e+01   4.2833203e+01  -9.5075445e+00
  -5.4791177e-01  -1.5024757e+01   4.2833203e+01  -9.5075445e+00
  -3.4072853e-01  -1.5159326e+01   4.3003749e+01  -9.3742138e+00
  -2.3168986e-01  -1.4944667e+01   4.3242297e+01  -9.1889508e+00
  -2.2826529e-01  -1.4990595e+01   4.3331896e+01  -9.4109388e+00
  -4.5836232e+00   1.0095093e+01   2.9650511e+01   2.0001720e+01
  -5.0448714e+00   9.9743631e+00   3.0033621e+01   2.0030125e+01
  -4.9940236e+00   9.9902640e+00   3.0015423e+01   2.0045849e+01
  -4.9940236e+00   9.9902640e+00   3.0015423e+01   2.0045849e+01
  -4.9824803e+00   9.9921693e+00   3.0017807e+01   2.0021944e+01
  -4.9863855e+00   9.9480969e+00   3.0014139e+01   2.0018099e+01
  -5.0050927e+00   9.9599224e+00   3.0039199e+01   2.0018085e+01
  -4.9905383e+00   1.0002069e+01   3.0009727e+01   2.0015215e+01
  -4.9766210e+00   9.9817026e+00   3.0016889e+01   2.0004463e+01
  -4.9766210e+00   9.9817026e+00   3.0016889e+01   2.0004463e+01
  -5.0250498e+00   1.0041315e+01   3.0013351e+01   1.9993906e+01
  -5.0250498e+00   1.0041315e+01   3.0013351e+01   1.9993906e+01
  -5.0075813e+00   1.0009693e+01   3.0016870e+01   2.0017503e+01
  -5.0317689e+00   1.0021136e+01   3.0010062e+01   2.0016719e+01
  -5.0344142e+00   9.9678264e+00   3.0010131e+01   2.0009639e+01
  -5.0344142e+00   9.9678264e+00   3.0010131e+01   2.0009639e+01
  -5.0344142e+00   9.9678264e+00   3.0010131e+01   2.0009639e+01
  -4.9827629e+00   9.9824195e+00   3.0039413e+01   2.0040792e+01
  -5.0042203e+00   9.9829398e+00   3.0029213e+01   2.0035518e+01
  -4.9801247e+00   1.0055324e+01   2.9990131e+01   1.9970812e+01
  -5.0202430e+00   1.0008955e+01   2.9999602e+01   1.9991528e+01
  -4.9931422e+00   1.0055398e+01   2.9970802e+01   1.9961204e+01
  -4.9931422e+00   1.0055398e+01   2.9970802e+01   1.9961204e+01
  -5.0046666e+00   1.0030614e+01   2.9982435e+01   1.9985864e+01
  -4.9965610e+00   1.0005700e+01   3.0018500e+01   2.0016931e+01
  -5.0176833e+00   1.0001654e+01   2.9979131e+01   1.9987562e+01
  -4.9830555e+00   9.9477052e+00   2.9981866e+01   2.0003480e+01
  -5.0045245e+00   1.0011452e+01   3.0033416e+01   2.0018173e+01
  -5.0045245e+00   1.0011452e+01   3.0033416e+01   2.0018173e+01
  -5.0045245e+00   1.0011452e+01   3.0033416e+01   2.0018173e+01
  -5.0390772e+00   9.9822311e+00   3.0050855e+01   2.0007418e+01
  -4.9746321e+00   9.9234478e+00   3.0025016e+01   2.0017035e+01
  -4.9746321e+00   9.9234478e+00   3.0025016e+01   2.0017035e+01
  -4.9150910e+00   9.9673656e+00   2.9969361e+01   2.0007853e+01
  -4.9150910e+00   9.9673656e+00   2.9969361e+01   2.0007853e+01
  -4.9150910e+00   9.9673656e+00   2.9969361e+01   2.0007853e+01
  -4.9150910e+00   9.9673656e+00   2.9969361e+01   2.0007853e+01
  -4.9150910e+00   9.9673656e+00   2.9969361e+01   2.0007853e+01
  -4.9150910e+00   9.9673656e+00   2.9969361e+01   2.0007853e+01
  -4.9150910e+00   9.9673656e+00   2.9969361e+01   2.0007853e+01
  -4.9150910e+00   9.9673656e+00   2.9969361e+01   2.0007853e+01
  -4.9150910e+00   9.9673656e+00   2.9969361e+01   2.0007853e+01
  -5.0144311e+00   9.9709875e+00   3.0009660e+01   2.0001430e+01
  -5.0144311e+00   9.9709875e+00   3.0009660e+01   2.0001430e+01
  -5.0144311e+00   9.9709875e+00   3.0009660e+01   2.0001430e+01
  -5.0144311e+00   9.9709875e+00   3.0009660e+01   2.0001430e+01
  -5.0144311e+00   9.9709875e+00   3.0009660e+01   2.0001430e+01
  -5.0144311e+00   9.9709875e+00   3.0009660e+01   2.0001430e+01
  -4.9696982e+00   9.9707640e+00   2.9996661e+01   1.9968115e+01
  -5.0163330e+00   9.9528675e+00   3.0016258e+01   1.9943102e+01
  -5.0581456e+00   9.9666854e+00   3.0011628e+01   1.9929354e+01
