   3.6605374e+00   4.8916484e+01   1.8424216e+01   7.1872356e-01
   3.6907456e+00   4.9058631e+01   1.8449087e+01   7.3446643e-01
   3.4131979e+00   4.8881125e+01   1.8419733e+01   9.0464667e-01
   3.0569113e+00   4.8438292e+01   1.8739418e+01   8.1908175e-01
   3.1279570e+00   4.8251828e+01   1.8574280e+01   8.9212067e-01
   3.1279570e+00   4.8251828e+01   1.8574280e+01   8.9212067e-01
   3.1279570e+00   4.8251828e+01   1.8574280e+01   8.9212067e-01
   3.0477145e+00   4.8307585e+01   1.8695524e+01   7.7939472e-01
   3.2787449e+00   4.8198962e+01   1.8906989e+01   6.0719357e-01
   3.2960029e+00   4.8226169e+01   1.8604821e+01   7.4587110e-01
   3.3008139e+00   4.7747450e+01   1.8511731e+01   8.7852663e-01
   3.0445555e+00   4.7754535e+01   1.8440014e+01   9.7301379e-01
   3.2343011e+00   4.7924096e+01   1.8175642e+01   1.0870664e+00
   3.2077123e+00   4.8093807e+01   1.7971631e+01   1.2812733e+00
   3.2077123e+00   4.8093807e+01   1.7971631e+01   1.2812733e+00
   3.2077123e+00   4.8093807e+01   1.7971631e+01   1.2812733e+00
   3.2037873e+00   4.8174857e+01   1.8462609e+01   1.2635868e+00
   3.3859029e+00   4.8147155e+01   1.8469759e+01   1.6264792e+00
   3.5685207e+00   4.8176531e+01   1.8643588e+01   1.8938108e+00
   3.5685207e+00   4.8176531e+01   1.8643588e+01   1.8938108e+00
   3.5685207e+00   4.8176531e+01   1.8643588e+01   1.8938108e+00
   3.0382816e+00   4.8248032e+01   1.8537171e+01   1.6120827e+00
   3.0382816e+00   4.8248032e+01   1.8537171e+01   1.6120827e+00
   3.0124670e+00   4.8185492e+01   1.8585004e+01   1.6270071e+00
   2.8487526e+00   4.8258481e+01   1.8606324e+01   1.8039592e+00
   2.8487526e+00   4.8258481e+01   1.8606324e+01   1.8039592e+00
   2.8487526e+00   4.8258481e+01   1.8606324e+01   1.8039592e+00
   3.1526718e+00   4.7990374e+01   1.9093811e+01   1.7766871e+00
   3.1526718e+00   4.7990374e+01   1.9093811e+01   1.7766871e+00
   3.1526718e+00   4.7990374e+01   1.9093811e+01   1.7766871e+00
   3.1526718e+00   4.7990374e+01   1.9093811e+01   1.7766871e+00
   2.7701849e+00   4.7979259e+01   1.8784769e+01   1.6191478e+00
   2.6489557e+00   4.7955914e+01   1.9187277e+01   1.8385605e+00
   3.0929784e+00   4.7584038e+01   1.9007806e+01   1.8480645e+00
   3.1313773e+00   4.7534501e+01   1.9263493e+01   2.0074866e+00
   3.0952739e+00   4.7327229e+01   1.8920969e+01   2.2212548e+00
   3.0952739e+00   4.7327229e+01   1.8920969e+01   2.2212548e+00
   2.9872965e+00   4.7334809e+01   1.8917253e+01   2.0649662e+00
   2.9872965e+00   4.7334809e+01   1.8917253e+01   2.0649662e+00
   2.9872965e+00   4.7334809e+01   1.8917253e+01   2.0649662e+00
   2.9872965e+00   4.7334809e+01   1.8917253e+01   2.0649662e+00
   2.8666759e+00   4.7468129e+01   1.8736913e+01   1.8937890e+00
   2.8666759e+00   4.7468129e+01   1.8736913e+01   1.8937890e+00
   2.8666759e+00   4.7468129e+01   1.8736913e+01   1.8937890e+00
   2.7640367e+00   4.7265158e+01   1.8700365e+01   1.9223019e+00
   2.7814179e+00   4.7353675e+01   1.8469731e+01   2.1763871e+00
   2.8323897e+00   4.7300938e+01   1.8210511e+01   2.0965209e+00
   2.8323897e+00   4.7300938e+01   1.8210511e+01   2.0965209e+00
   2.9337335e+00   4.7008637e+01   1.8012719e+01   2.0368042e+00
  -4.9640522e+00   1.8457972e+01   9.9723977e+00   1.0004046e+01
  -5.6161092e+00   2.0174068e+01   1.0621586e+01   9.7624454e+00
  -5.6161092e+00   2.0174068e+01   1.0621586e+01   9.7624454e+00
  -5.6161092e+00   2.0174068e+01   1.0621586e+01   9.7624454e+00
  -5.6161092e+00   2.0174068e+01   1.0621586e+01   9.7624454e+00
  -5.6161092e+00   2.0174068e+01   1.0621586e+01   9.7624454e+00
  -5.5440326e+00   2.0228930e+01   1.0575939e+01   9.7271711e+00
  -5.5440326e+00   2.0228930e+01   1.0575939e+01   9.7271711e+00
  -5.5440326e+00   2.0228930e+01   1.0575939e+01   9.7271711e+00
  -5.5440326e+00   2.0228930e+01   1.0575939e+01   9.7271711e+00
  -5.5440326e+00   2.0228930e+01   1.0575939e+01   9.7271711e+00
  -5.5440326e+00   2.0228930e+01   1.0575939e+01   9.7271711e+00
  -5.5440326e+00   2.0228930e+01   1.0575939e+01   9.7271711e+00
  -5.5440326e+00   2.0228930e+01   1.0575939e+01   9.7271711e+00
  -5.5440326e+00   2.0228930e+01   1.0575939e+01   9.7271711e+00
  -5.5440326e+00   2.0228930e+01   1.0575939e+01   9.7271711e+00
  -5.5440326e+00   2.0228930e+01   1.0575939e+01   9.7271711e+00
  -5.5440326e+00   2.0228930e+01   1.0575939e+01   9.7271711e+00
  -5.5440326e+00   2.0228930e+01   1.0575939e+01   9.7271711e+00
  -5.5020710e+00   2.0255833e+01   1.0540364e+01   9.7037136e+00
  -5.5020710e+00   2.0255833e+01   1.0540364e+01   9.7037136e+00
  -5.5075688e+00   2.0211285e+01   1.0516034e+01   9.8423111e+00
  -5.4130407e+00   2.0249753e+01   1.0416550e+01   9.7274184e+00
  -5.4130407e+00   2.0249753e+01   1.0416550e+01   9.7274184e+00
  -5.4130407e+00   2.0249753e+01   1.0416550e+01   9.7274184e+00
  -5.4130407e+00   2.0249753e+01   1.0416550e+01   9.7274184e+00
  -5.4130407e+00   2.0249753e+01   1.0416550e+01   9.7274184e+00
  -5.4130407e+00   2.0249753e+01   1.0416550e+01   9.7274184e+00
  -5.4130407e+00   2.0249753e+01   1.0416550e+01   9.7274184e+00
  -5.4130407e+00   2.0249753e+01   1.0416550e+01   9.7274184e+00
  -5.4130407e+00   2.0249753e+01   1.0416550e+01   9.7274184e+00
  -5.4130407e+00   2.0249753e+01   1.0416550e+01   9.7274184e+00
  -5.4130407e+00   2.0249753e+01   1.0416550e+01   9.7274184e+00
  -5.4130407e+00   2.0249753e+01   1.0416550e+01   9.7274184e+00
  -5.4130407e+00   2.0249753e+01   1.0416550e+01   9.7274184e+00
  -5.4130407e+00   2.0249753e+01   1.0416550e+01   9.7274184e+00
  -5.4130407e+00   2.0249753e+01   1.0416550e+01   9.7274184e+00
  -5.4130407e+00   2.0249753e+01   1.0416550e+01   9.7274184e+00
  -5.4130407e+00   2.0249753e+01   1.0416550e+01   9.7274184e+00
  -5.4130407e+00   2.0249753e+01   1.0416550e+01   9.7274184e+00
  -5.4130407e+00   2.0249753e+01   1.0416550e+01   9.7274184e+00
  -5.4130407e+00   2.0249753e+01   1.0416550e+01   9.7274184e+00
  -5.4130407e+00   2.0249753e+01   1.0416550e+01   9.7274184e+00
  -5.4130407e+00   2.0249753e+01   1.0416550e+01   9.7274184e+00
  -5.4130407e+00   2.0249753e+01   1.0416550e+01   9.7274184e+00
  -5.4130407e+00   2.0249753e+01   1.0416550e+01   9.7274184e+00
  -5.4130407e+00   2.0249753e+01   1.0416550e+01   9.7274184e+00
  -5.4130407e+00   2.0249753e+01   1.0416550e+01   9.7274184e+00
  -5.4130407e+00   2.0249753e+01   1.0416550e+01   9.7274184e+00
  -5.4130407e+00   2.0249753e+01   1.0416550e+01   9.7274184e+00
  -5.4130407e+00   2.0249753e+01   1.0416550e+01   9.7274184e+00
