  -4.7425703e+00   3.5081269e+01   4.6972994e+01  -2.7421700e+01
  -4.5363606e+00   3.4989506e+01   4.7039399e+01  -2.7666015e+01
  -4.5363606e+00   3.4989506e+01   4.7039399e+01  -2.7666015e+01
  -4.3933551e+00   3.4642879e+01   4.6970123e+01  -2.7821745e+01
  -4.4022553e+00   3.4465163e+01   4.6736211e+01  -2.7872523e+01
  -4.2162905e+00   3.4312026e+01   4.7119025e+01  -2.7545170e+01
  -4.2162905e+00   3.4312026e+01   4.7119025e+01  -2.7545170e+01
  -4.2162905e+00   3.4312026e+01   4.7119025e+01  -2.7545170e+01
  -3.7989947e+00   3.4321367e+01   4.6894002e+01  -2.7491585e+01
  -3.6819230e+00   3.4388517e+01   4.6648975e+01  -2.7599511e+01
  -3.7701269e+00   3.4470773e+01   4.6687534e+01  -2.7686210e+01
  -3.7580186e+00   3.4380180e+01   4.6687770e+01  -2.7696480e+01
  -4.2926557e+00   3.4489628e+01   4.6665917e+01  -2.7709128e+01
  -4.3482901e+00   3.4416024e+01   4.6471747e+01  -2.7859107e+01
  -4.3482901e+00   3.4416024e+01   4.6471747e+01  -2.7859107e+01
  -4.1120514e+00   3.4305433e+01   4.6559056e+01  -2.7383822e+01
  -4.2370084e+00   3.4024987e+01   4.6583335e+01  -2.7267091e+01
  -4.2370084e+00   3.4024987e+01   4.6583335e+01  -2.7267091e+01
  -4.1964882e+00   3.3682805e+01   4.6587514e+01  -2.7123070e+01
  -4.1964882e+00   3.3682805e+01   4.6587514e+01  -2.7123070e+01
  -4.3150359e+00   3.3530064e+01   4.6598329e+01  -2.7052625e+01
  -4.2315901e+00   3.3730226e+01   4.6372272e+01  -2.7252119e+01
  -4.2315901e+00   3.3730226e+01   4.6372272e+01  -2.7252119e+01
  -4.2315901e+00   3.3730226e+01   4.6372272e+01  -2.7252119e+01
  -4.3944428e+00   3.3813088e+01   4.6598338e+01  -2.7230936e+01
  -4.3930484e+00   3.3900811e+01   4.6825766e+01  -2.7081063e+01
  -4.3930484e+00   3.3900811e+01   4.6825766e+01  -2.7081063e+01
  -4.6110148e+00   3.3796505e+01   4.7044009e+01  -2.7022550e+01
  -4.5899209e+00   3.3638627e+01   4.6620797e+01  -2.7123969e+01
  -4.5899209e+00   3.3638627e+01   4.6620797e+01  -2.7123969e+01
  -4.6922067e+00   3.3544918e+01   4.6656201e+01  -2.6925672e+01
  -4.6415207e+00   3.3621711e+01   4.6492083e+01  -2.6322279e+01
  -4.5177627e+00   3.3438385e+01   4.6340322e+01  -2.6215127e+01
  -4.5177627e+00   3.3438385e+01   4.6340322e+01  -2.6215127e+01
  -4.1425125e+00   3.3479883e+01   4.6321598e+01  -2.6503519e+01
  -4.1425125e+00   3.3479883e+01   4.6321598e+01  -2.6503519e+01
  -4.1425125e+00   3.3479883e+01   4.6321598e+01  -2.6503519e+01
  -4.1045497e+00   3.3346989e+01   4.6667395e+01  -2.6129109e+01
  -4.1045497e+00   3.3346989e+01   4.6667395e+01  -2.6129109e+01
  -4.0458437e+00   3.3540379e+01   4.6494557e+01  -2.5905286e+01
  -3.7793079e+00   3.3514760e+01   4.6572942e+01  -2.6205761e+01
  -3.7793079e+00   3.3514760e+01   4.6572942e+01  -2.6205761e+01
  -3.9828338e+00   3.3601198e+01   4.6211036e+01  -2.5872481e+01
  -4.0447043e+00   3.3739743e+01   4.5899640e+01  -2.6064133e+01
  -3.8083390e+00   3.3656438e+01   4.5758425e+01  -2.5683397e+01
  -3.7984317e+00   3.3417878e+01   4.5927621e+01  -2.5685859e+01
  -3.3436376e+00   3.3259462e+01   4.5807405e+01  -2.5761735e+01
  -3.1614557e+00   3.3381815e+01   4.5484768e+01  -2.5832877e+01
  -2.9650267e+00   3.3227230e+01   4.5468529e+01  -2.5528307e+01
  -4.7844165e+00   1.9978335e+01   1.0091905e+01   1.0151180e+01
  -4.7844165e+00   1.9978335e+01   1.0091905e+01   1.0151180e+01
  -4.7844165e+00   1.9978335e+01   1.0091905e+01   1.0151180e+01
  -4.7844165e+00   1.9978335e+01   1.0091905e+01   1.0151180e+01
  -4.7844165e+00   1.9978335e+01   1.0091905e+01   1.0151180e+01
  -4.7844165e+00   1.9978335e+01   1.0091905e+01   1.0151180e+01
  -4.7844165e+00   1.9978335e+01   1.0091905e+01   1.0151180e+01
  -4.7844165e+00   1.9978335e+01   1.0091905e+01   1.0151180e+01
  -4.7844165e+00   1.9978335e+01   1.0091905e+01   1.0151180e+01
  -4.7844165e+00   1.9978335e+01   1.0091905e+01   1.0151180e+01
  -4.7844165e+00   1.9978335e+01   1.0091905e+01   1.0151180e+01
  -4.7844165e+00   1.9978335e+01   1.0091905e+01   1.0151180e+01
  -4.9949605e+00   1.9952161e+01   9.9654919e+00   1.0006689e+01
  -4.9949605e+00   1.9952161e+01   9.9654919e+00   1.0006689e+01
  -4.9949605e+00   1.9952161e+01   9.9654919e+00   1.0006689e+01
  -4.9949605e+00   1.9952161e+01   9.9654919e+00   1.0006689e+01
  -5.3059738e+00   1.9999797e+01   1.0238833e+01   9.8575309e+00
  -5.3059738e+00   1.9999797e+01   1.0238833e+01   9.8575309e+00
  -5.3059738e+00   1.9999797e+01   1.0238833e+01   9.8575309e+00
  -5.0535432e+00   1.9981691e+01   1.0031011e+01   1.0019892e+01
  -5.0535432e+00   1.9981691e+01   1.0031011e+01   1.0019892e+01
  -5.0535432e+00   1.9981691e+01   1.0031011e+01   1.0019892e+01
  -5.0535432e+00   1.9981691e+01   1.0031011e+01   1.0019892e+01
  -5.0504334e+00   1.9977536e+01   9.9697464e+00   9.9807312e+00
  -5.0504334e+00   1.9977536e+01   9.9697464e+00   9.9807312e+00
  -5.0504334e+00   1.9977536e+01   9.9697464e+00   9.9807312e+00
  -5.0504334e+00   1.9977536e+01   9.9697464e+00   9.9807312e+00
  -5.0504334e+00   1.9977536e+01   9.9697464e+00   9.9807312e+00
  -5.0504334e+00   1.9977536e+01   9.9697464e+00   9.9807312e+00
  -5.0504334e+00   1.9977536e+01   9.9697464e+00   9.9807312e+00
  -4.9062399e+00   1.9981238e+01   1.0082049e+01   1.0084282e+01
  -4.9062399e+00   1.9981238e+01   1.0082049e+01   1.0084282e+01
  -4.9062399e+00   1.9981238e+01   1.0082049e+01   1.0084282e+01
  -4.9062399e+00   1.9981238e+01   1.0082049e+01   1.0084282e+01
  -4.9062399e+00   1.9981238e+01   1.0082049e+01   1.0084282e+01
  -4.9062399e+00   1.9981238e+01   1.0082049e+01   1.0084282e+01
  -4.9062399e+00   1.9981238e+01   1.0082049e+01   1.0084282e+01
  -4.9062399e+00   1.9981238e+01   1.0082049e+01   1.0084282e+01
  -4.9062399e+00   1.9981238e+01   1.0082049e+01   1.0084282e+01
  -4.9062399e+00   1.9981238e+01   1.0082049e+01   1.0084282e+01
  -5.0478881e+00   1.9978051e+01   9.9861054e+00   9.9938205e+00
  -5.0342055e+00   1.9973792e+01   9.9821169e+00   9.9965013e+00
  -5.0342055e+00   1.9973792e+01   9.9821169e+00   9.9965013e+00
  -5.0342055e+00   1.9973792e+01   9.9821169e+00   9.9965013e+00
  -5.0342055e+00   1.9973792e+01   9.9821169e+00   9.9965013e+00
  -5.0342055e+00   1.9973792e+01   9.9821169e+00   9.9965013e+00
  -5.0342055e+00   1.9973792e+01   9.9821169e+00   9.9965013e+00
  -5.0342055e+00   1.9973792e+01   9.9821169e+00   9.9965013e+00
  -5.0342055e+00   1.9973792e+01   9.9821169e+00   9.9965013e+00
  -5.0342055e+00   1.9973792e+01   9.9821169e+00   9.9965013e+00
  -5.1045625e+00   1.9957543e+01   9.8409622e+00   9.9420522e+00
