  -4.8983158e+00  -1.6149357e+01  -1.0460468e+01   2.2668110e+01
  -4.8983158e+00  -1.6149357e+01  -1.0460468e+01   2.2668110e+01
  -4.8983158e+00  -1.6149357e+01  -1.0460468e+01   2.2668110e+01
  -4.9927398e+00  -1.6100397e+01  -1.0084249e+01   2.2354463e+01
  -5.2328584e+00  -1.6017176e+01  -1.0339756e+01   2.2424884e+01
  -5.2328584e+00  -1.6017176e+01  -1.0339756e+01   2.2424884e+01
  -5.2570664e+00  -1.5595495e+01  -1.0190827e+01   2.2772629e+01
  -5.2570664e+00  -1.5595495e+01  -1.0190827e+01   2.2772629e+01
  -5.1783546e+00  -1.5567472e+01  -1.0352110e+01   2.2786591e+01
  -5.1725559e+00  -1.5373302e+01  -1.0254568e+01   2.2709618e+01
  -5.3174012e+00  -1.5069082e+01  -1.0331839e+01   2.3078697e+01
  -5.1614277e+00  -1.5049521e+01  -1.0553813e+01   2.2897497e+01
  -5.2779757e+00  -1.4859663e+01  -1.0462112e+01   2.3048422e+01
  -5.0720296e+00  -1.4805990e+01  -1.0650523e+01   2.2798308e+01
  -5.0720296e+00  -1.4805990e+01  -1.0650523e+01   2.2798308e+01
  -5.0720296e+00  -1.4805990e+01  -1.0650523e+01   2.2798308e+01
  -4.7437378e+00  -1.4739120e+01  -1.0687504e+01   2.2925195e+01
  -4.6907172e+00  -1.4875870e+01  -1.0642518e+01   2.2977112e+01
  -4.6907172e+00  -1.4875870e+01  -1.0642518e+01   2.2977112e+01
  -4.6907172e+00  -1.4875870e+01  -1.0642518e+01   2.2977112e+01
  -4.4729516e+00  -1.4777010e+01  -1.0627054e+01   2.2668048e+01
  -4.3598003e+00  -1.4660783e+01  -1.0501649e+01   2.2679486e+01
  -4.3598003e+00  -1.4660783e+01  -1.0501649e+01   2.2679486e+01
  -4.2783733e+00  -1.4446092e+01  -1.0604506e+01   2.2699686e+01
  -4.2541797e+00  -1.4062490e+01  -1.0715497e+01   2.2836951e+01
  -4.0297085e+00  -1.4194946e+01  -1.0494537e+01   2.2949813e+01
  -3.8239275e+00  -1.4306992e+01  -1.0275082e+01   2.3219155e+01
  -3.8239275e+00  -1.4306992e+01  -1.0275082e+01   2.3219155e+01
  -3.8509426e+00  -1.4635263e+01  -1.0041493e+01   2.3074875e+01
  -4.0498301e+00  -1.4694911e+01  -1.0278983e+01   2.3222095e+01
  -4.0724339e+00  -1.4659814e+01  -1.0143602e+01   2.3573254e+01
  -4.0724339e+00  -1.4659814e+01  -1.0143602e+01   2.3573254e+01
  -4.0724339e+00  -1.4659814e+01  -1.0143602e+01   2.3573254e+01
  -4.0724339e+00  -1.4659814e+01  -1.0143602e+01   2.3573254e+01
  -4.0724339e+00  -1.4659814e+01  -1.0143602e+01   2.3573254e+01
  -4.1860975e+00  -1.4650750e+01  -9.9681449e+00   2.3641919e+01
  -4.2208512e+00  -1.4717906e+01  -9.9927485e+00   2.3458142e+01
  -4.2208512e+00  -1.4717906e+01  -9.9927485e+00   2.3458142e+01
  -3.9592618e+00  -1.4471666e+01  -9.8096591e+00   2.3680580e+01
  -3.8994889e+00  -1.4365592e+01  -1.0217245e+01   2.3500298e+01
  -3.8994889e+00  -1.4365592e+01  -1.0217245e+01   2.3500298e+01
  -3.8608759e+00  -1.4540026e+01  -1.0111389e+01   2.3418552e+01
  -3.8608759e+00  -1.4540026e+01  -1.0111389e+01   2.3418552e+01
  -3.7862259e+00  -1.4419019e+01  -1.0021197e+01   2.3044678e+01
  -3.5201346e+00  -1.4467994e+01  -1.0131512e+01   2.2877811e+01
  -3.5201346e+00  -1.4467994e+01  -1.0131512e+01   2.2877811e+01
  -3.5201346e+00  -1.4467994e+01  -1.0131512e+01   2.2877811e+01
  -3.5963504e+00  -1.4523474e+01  -1.0124982e+01   2.2695811e+01
  -3.5963504e+00  -1.4523474e+01  -1.0124982e+01   2.2695811e+01
  -3.5963504e+00  -1.4523474e+01  -1.0124982e+01   2.2695811e+01
   8.4243601e+00  -9.2539045e+00  -4.6757023e+00   3.8864731e+01
   1.0876022e+01  -7.5023891e+00  -6.2613521e+00   3.7423911e+01
   1.0876022e+01  -7.5023891e+00  -6.2613521e+00   3.7423911e+01
   1.0876022e+01  -7.5023891e+00  -6.2613521e+00   3.7423911e+01
   1.1122146e+01  -7.8100358e+00  -6.2552265e+00   3.7536784e+01
   1.1213049e+01  -7.8888098e+00  -6.2943970e+00   3.7555875e+01
   1.1213049e+01  -7.8888098e+00  -6.2943970e+00   3.7555875e+01
   1.1213049e+01  -7.8888098e+00  -6.2943970e+00   3.7555875e+01
   1.1213049e+01  -7.8888098e+00  -6.2943970e+00   3.7555875e+01
   1.1213049e+01  -7.8888098e+00  -6.2943970e+00   3.7555875e+01
   1.1213049e+01  -7.8888098e+00  -6.2943970e+00   3.7555875e+01
   1.1213049e+01  -7.8888098e+00  -6.2943970e+00   3.7555875e+01
   1.1213049e+01  -7.8888098e+00  -6.2943970e+00   3.7555875e+01
   1.1213049e+01  -7.8888098e+00  -6.2943970e+00   3.7555875e+01
   1.1213049e+01  -7.8888098e+00  -6.2943970e+00   3.7555875e+01
   1.1213049e+01  -7.8888098e+00  -6.2943970e+00   3.7555875e+01
   1.1213049e+01  -7.8888098e+00  -6.2943970e+00   3.7555875e+01
   1.1213049e+01  -7.8888098e+00  -6.2943970e+00   3.7555875e+01
   1.1213049e+01  -7.8888098e+00  -6.2943970e+00   3.7555875e+01
   1.1213049e+01  -7.8888098e+00  -6.2943970e+00   3.7555875e+01
   1.1213049e+01  -7.8888098e+00  -6.2943970e+00   3.7555875e+01
   1.1213049e+01  -7.8888098e+00  -6.2943970e+00   3.7555875e+01
   1.1213049e+01  -7.8888098e+00  -6.2943970e+00   3.7555875e+01
   1.1213049e+01  -7.8888098e+00  -6.2943970e+00   3.7555875e+01
   1.1213049e+01  -7.8888098e+00  -6.2943970e+00   3.7555875e+01
   1.1213049e+01  -7.8888098e+00  -6.2943970e+00   3.7555875e+01
   1.1145785e+01  -8.1391372e+00  -6.3100346e+00   3.7827265e+01
   1.1145785e+01  -8.1391372e+00  -6.3100346e+00   3.7827265e+01
   1.1145785e+01  -8.1391372e+00  -6.3100346e+00   3.7827265e+01
   1.1145785e+01  -8.1391372e+00  -6.3100346e+00   3.7827265e+01
   1.1145785e+01  -8.1391372e+00  -6.3100346e+00   3.7827265e+01
   1.1145785e+01  -8.1391372e+00  -6.3100346e+00   3.7827265e+01
   1.1145785e+01  -8.1391372e+00  -6.3100346e+00   3.7827265e+01
   1.1145785e+01  -8.1391372e+00  -6.3100346e+00   3.7827265e+01
   1.1145785e+01  -8.1391372e+00  -6.3100346e+00   3.7827265e+01
   1.0595267e+01  -7.7099821e+00  -6.4300307e+00   3.7001661e+01
   1.0595267e+01  -7.7099821e+00  -6.4300307e+00   3.7001661e+01
   1.1362661e+01  -7.4041111e+00  -6.6066867e+00   3.7128281e+01
   1.1362661e+01  -7.4041111e+00  -6.6066867e+00   3.7128281e+01
   9.8578682e+00  -7.8370489e+00  -7.1643553e+00   3.5120481e+01
   9.8578682e+00  -7.8370489e+00  -7.1643553e+00   3.5120481e+01
   9.8578682e+00  -7.8370489e+00  -7.1643553e+00   3.5120481e+01
   9.8578682e+00  -7.8370489e+00  -7.1643553e+00   3.5120481e+01
   9.8578682e+00  -7.8370489e+00  -7.1643553e+00   3.5120481e+01
   9.8578682e+00  -7.8370489e+00  -7.1643553e+00   3.5120481e+01
   9.8578682e+00  -7.8370489e+00  -7.1643553e+00   3.5120481e+01
   9.8578682e+00  -7.8370489e+00  -7.1643553e+00   3.5120481e+01
   8.8804566e+00  -7.7676278e+00  -7.7130342e+00   3.3517729e+01
   8.8804566e+00  -7.7676278e+00  -7.7130342e+00   3.3517729e+01
   5.8379583e+00  -9.2556344e+00  -8.6348917e+00   3.0232116e+01
