   3.5334319e+01   3.4774757e+00   4.9038534e+01   1.3920045e+01
   3.5334319e+01   3.4774757e+00   4.9038534e+01   1.3920045e+01
   3.5334319e+01   3.4774757e+00   4.9038534e+01   1.3920045e+01
   3.5455526e+01   3.5391887e+00   4.8962470e+01   1.3794994e+01
   3.5455526e+01   3.5391887e+00   4.8962470e+01   1.3794994e+01
   3.5455526e+01   3.5391887e+00   4.8962470e+01   1.3794994e+01
   3.5455526e+01   3.5391887e+00   4.8962470e+01   1.3794994e+01
   3.5529246e+01   3.5760547e+00   4.8866952e+01   1.4058773e+01
   3.5529246e+01   3.5760547e+00   4.8866952e+01   1.4058773e+01
   3.5197092e+01   3.7877333e+00   4.9332210e+01   1.3949643e+01
   3.5197092e+01   3.7877333e+00   4.9332210e+01   1.3949643e+01
   3.5209370e+01   3.5259172e+00   4.9295899e+01   1.3888986e+01
   3.5209370e+01   3.5259172e+00   4.9295899e+01   1.3888986e+01
   3.5580056e+01   3.6476933e+00   4.8889221e+01   1.3846440e+01
   3.5580056e+01   3.6476933e+00   4.8889221e+01   1.3846440e+01
   3.5580056e+01   3.6476933e+00   4.8889221e+01   1.3846440e+01
   3.5806215e+01   3.6074956e+00   4.8669696e+01   1.4072105e+01
   3.5734821e+01   3.6886149e+00   4.8545515e+01   1.4428669e+01
   3.5734821e+01   3.6886149e+00   4.8545515e+01   1.4428669e+01
   3.5734821e+01   3.6886149e+00   4.8545515e+01   1.4428669e+01
   3.5734821e+01   3.6886149e+00   4.8545515e+01   1.4428669e+01
   3.5644779e+01   3.8961564e+00   4.8079614e+01   1.4581669e+01
   3.5428366e+01   3.9144247e+00   4.7789764e+01   1.4452997e+01
   3.5428366e+01   3.9144247e+00   4.7789764e+01   1.4452997e+01
   3.5253181e+01   3.9395979e+00   4.7591654e+01   1.4489931e+01
   3.5253181e+01   3.9395979e+00   4.7591654e+01   1.4489931e+01
   3.5219224e+01   4.1578564e+00   4.7391948e+01   1.4554583e+01
   3.5219224e+01   4.1578564e+00   4.7391948e+01   1.4554583e+01
   3.5234355e+01   4.3417645e+00   4.7127127e+01   1.4843965e+01
   3.5291669e+01   4.5962652e+00   4.7364032e+01   1.4538943e+01
   3.5291669e+01   4.5962652e+00   4.7364032e+01   1.4538943e+01
   3.5262899e+01   4.5811369e+00   4.7592310e+01   1.4792322e+01
   3.5273485e+01   4.6141686e+00   4.7690193e+01   1.4777791e+01
   3.5020392e+01   4.6425630e+00   4.7556571e+01   1.4837054e+01
   3.5020392e+01   4.6425630e+00   4.7556571e+01   1.4837054e+01
   3.5415890e+01   4.7572709e+00   4.7839583e+01   1.4757660e+01
   3.5429962e+01   4.8572820e+00   4.8011281e+01   1.4364808e+01
   3.5429962e+01   4.8572820e+00   4.8011281e+01   1.4364808e+01
   3.5429962e+01   4.8572820e+00   4.8011281e+01   1.4364808e+01
   3.5429962e+01   4.8572820e+00   4.8011281e+01   1.4364808e+01
   3.5429962e+01   4.8572820e+00   4.8011281e+01   1.4364808e+01
   3.5429962e+01   4.8572820e+00   4.8011281e+01   1.4364808e+01
   3.5157782e+01   5.0348710e+00   4.7720805e+01   1.4231332e+01
   3.5013934e+01   5.0053629e+00   4.7622610e+01   1.4196742e+01
   3.5013934e+01   5.0053629e+00   4.7622610e+01   1.4196742e+01
   3.5013934e+01   5.0053629e+00   4.7622610e+01   1.4196742e+01
   3.5013934e+01   5.0053629e+00   4.7622610e+01   1.4196742e+01
   3.4943113e+01   5.4237029e+00   4.7537850e+01   1.4178504e+01
   3.4943113e+01   5.4237029e+00   4.7537850e+01   1.4178504e+01
  -6.5222172e-01   1.3411213e+01   6.6609921e+00   1.7736559e+01
  -2.0023427e+00   1.2056227e+01   7.9459027e+00   1.7642701e+01
  -4.3708514e+00   1.1073833e+01   9.3158713e+00   1.9217059e+01
  -4.3708514e+00   1.1073833e+01   9.3158713e+00   1.9217059e+01
  -6.1762390e+00   9.3937663e+00   1.0858604e+01   2.0807074e+01
  -6.1762390e+00   9.3937663e+00   1.0858604e+01   2.0807074e+01
  -6.1762390e+00   9.3937663e+00   1.0858604e+01   2.0807074e+01
  -5.9782501e+00   9.3343820e+00   1.1032114e+01   2.0709865e+01
  -5.9782501e+00   9.3343820e+00   1.1032114e+01   2.0709865e+01
  -5.7245418e+00   9.5133005e+00   1.0769094e+01   2.0559391e+01
  -5.2262002e+00   9.9695161e+00   1.0151300e+01   2.0055026e+01
  -5.2262002e+00   9.9695161e+00   1.0151300e+01   2.0055026e+01
  -5.2262002e+00   9.9695161e+00   1.0151300e+01   2.0055026e+01
  -5.2262002e+00   9.9695161e+00   1.0151300e+01   2.0055026e+01
  -5.2262002e+00   9.9695161e+00   1.0151300e+01   2.0055026e+01
  -5.2262002e+00   9.9695161e+00   1.0151300e+01   2.0055026e+01
  -5.2262002e+00   9.9695161e+00   1.0151300e+01   2.0055026e+01
  -5.0397357e+00   1.0026447e+01   9.9688761e+00   1.9867009e+01
  -5.0397357e+00   1.0026447e+01   9.9688761e+00   1.9867009e+01
  -5.0397357e+00   1.0026447e+01   9.9688761e+00   1.9867009e+01
  -5.0397357e+00   1.0026447e+01   9.9688761e+00   1.9867009e+01
  -5.2922308e+00   9.9115732e+00   1.0195003e+01   2.0089710e+01
  -5.2922308e+00   9.9115732e+00   1.0195003e+01   2.0089710e+01
  -5.2922308e+00   9.9115732e+00   1.0195003e+01   2.0089710e+01
  -5.2922308e+00   9.9115732e+00   1.0195003e+01   2.0089710e+01
  -5.2922308e+00   9.9115732e+00   1.0195003e+01   2.0089710e+01
  -5.2922308e+00   9.9115732e+00   1.0195003e+01   2.0089710e+01
  -5.2922308e+00   9.9115732e+00   1.0195003e+01   2.0089710e+01
  -5.2922308e+00   9.9115732e+00   1.0195003e+01   2.0089710e+01
  -5.6631637e+00   9.5422348e+00   1.0638167e+01   2.0510507e+01
  -5.6631637e+00   9.5422348e+00   1.0638167e+01   2.0510507e+01
  -5.6631637e+00   9.5422348e+00   1.0638167e+01   2.0510507e+01
  -5.6631637e+00   9.5422348e+00   1.0638167e+01   2.0510507e+01
  -5.6631637e+00   9.5422348e+00   1.0638167e+01   2.0510507e+01
  -5.6631637e+00   9.5422348e+00   1.0638167e+01   2.0510507e+01
  -5.6631637e+00   9.5422348e+00   1.0638167e+01   2.0510507e+01
  -5.6631637e+00   9.5422348e+00   1.0638167e+01   2.0510507e+01
  -5.6631637e+00   9.5422348e+00   1.0638167e+01   2.0510507e+01
  -5.6631637e+00   9.5422348e+00   1.0638167e+01   2.0510507e+01
  -5.6631637e+00   9.5422348e+00   1.0638167e+01   2.0510507e+01
  -5.6631637e+00   9.5422348e+00   1.0638167e+01   2.0510507e+01
  -5.6631637e+00   9.5422348e+00   1.0638167e+01   2.0510507e+01
  -5.6631637e+00   9.5422348e+00   1.0638167e+01   2.0510507e+01
  -5.6631637e+00   9.5422348e+00   1.0638167e+01   2.0510507e+01
  -5.6631637e+00   9.5422348e+00   1.0638167e+01   2.0510507e+01
  -5.6631637e+00   9.5422348e+00   1.0638167e+01   2.0510507e+01
  -5.3997336e+00   9.6809693e+00   1.0582235e+01   2.0398665e+01
  -5.3997336e+00   9.6809693e+00   1.0582235e+01   2.0398665e+01
  -5.3997336e+00   9.6809693e+00   1.0582235e+01   2.0398665e+01
  -5.3997336e+00   9.6809693e+00   1.0582235e+01   2.0398665e+01
  -5.3997336e+00   9.6809693e+00   1.0582235e+01   2.0398665e+01
