   3.8148457e+01  -2.5050814e+01   2.7513426e+00   1.5954808e+00
   3.8063030e+01  -2.5010634e+01   3.0132906e+00   1.5445953e+00
   3.8063030e+01  -2.5010634e+01   3.0132906e+00   1.5445953e+00
   3.8010602e+01  -2.4805359e+01   3.0325311e+00   1.3349814e+00
   3.7675279e+01  -2.4625312e+01   2.9230644e+00   1.3242859e+00
   3.7796140e+01  -2.4504939e+01   2.7252597e+00   1.2100270e+00
   3.7588993e+01  -2.4396853e+01   2.6299295e+00   1.1216564e+00
   3.7322418e+01  -2.4273447e+01   2.6112913e+00   9.4495867e-01
   3.7333975e+01  -2.4332805e+01   2.7570454e+00   9.0261491e-01
   3.7666840e+01  -2.4507900e+01   2.9344960e+00   9.7598832e-01
   3.7666840e+01  -2.4507900e+01   2.9344960e+00   9.7598832e-01
   3.7666840e+01  -2.4507900e+01   2.9344960e+00   9.7598832e-01
   3.7666840e+01  -2.4507900e+01   2.9344960e+00   9.7598832e-01
   3.7531269e+01  -2.4379395e+01   2.9016065e+00   9.6128752e-01
   3.7476332e+01  -2.3996741e+01   2.9587343e+00   1.1736383e+00
   3.7825052e+01  -2.4134151e+01   2.9587266e+00   1.4139089e+00
   3.7925047e+01  -2.4425079e+01   2.9554696e+00   1.4179069e+00
   3.7982386e+01  -2.4461811e+01   2.5618688e+00   1.3034358e+00
   3.8258272e+01  -2.4550515e+01   2.7808280e+00   1.3419865e+00
   3.8258272e+01  -2.4550515e+01   2.7808280e+00   1.3419865e+00
   3.7864052e+01  -2.4516966e+01   3.0839328e+00   1.5876108e+00
   3.7653078e+01  -2.4638506e+01   2.7465342e+00   1.7617985e+00
   3.7765414e+01  -2.4431284e+01   2.5981105e+00   1.8882902e+00
   3.7765414e+01  -2.4431284e+01   2.5981105e+00   1.8882902e+00
   3.8080865e+01  -2.4468671e+01   2.6202792e+00   2.0033869e+00
   3.8080865e+01  -2.4468671e+01   2.6202792e+00   2.0033869e+00
   3.8359347e+01  -2.4147790e+01   2.4412310e+00   2.2036323e+00
   3.8359347e+01  -2.4147790e+01   2.4412310e+00   2.2036323e+00
   3.8359347e+01  -2.4147790e+01   2.4412310e+00   2.2036323e+00
   3.8564574e+01  -2.4156365e+01   2.1808030e+00   2.2042574e+00
   3.8586227e+01  -2.4016055e+01   1.9674930e+00   2.0797891e+00
   3.8586227e+01  -2.4016055e+01   1.9674930e+00   2.0797891e+00
   3.8299755e+01  -2.3467086e+01   2.1250141e+00   2.1811168e+00
   3.8099482e+01  -2.3176882e+01   2.4487952e+00   2.2847505e+00
   3.8099482e+01  -2.3176882e+01   2.4487952e+00   2.2847505e+00
   3.8099482e+01  -2.3176882e+01   2.4487952e+00   2.2847505e+00
   3.7968407e+01  -2.3066775e+01   2.8817818e+00   2.0255266e+00
   3.7705338e+01  -2.3136019e+01   2.9908507e+00   2.0775554e+00
   3.7705338e+01  -2.3136019e+01   2.9908507e+00   2.0775554e+00
   3.7705338e+01  -2.3136019e+01   2.9908507e+00   2.0775554e+00
   3.7567354e+01  -2.3027530e+01   2.9522219e+00   2.3649100e+00
   3.7571303e+01  -2.3151124e+01   2.8116013e+00   2.3413644e+00
   3.7571303e+01  -2.3151124e+01   2.8116013e+00   2.3413644e+00
   3.7571303e+01  -2.3151124e+01   2.8116013e+00   2.3413644e+00
   3.7715553e+01  -2.3033706e+01   2.4975313e+00   2.0772609e+00
   3.7796989e+01  -2.2873584e+01   2.4629092e+00   2.1386477e+00
   3.7800756e+01  -2.2661657e+01   2.4297690e+00   1.9441482e+00
   3.7576053e+01  -2.2329309e+01   2.4934551e+00   1.8222368e+00
   3.7746110e+01  -2.2130760e+01   2.5058724e+00   1.3873016e+00
   2.9844415e+01   7.9546557e+00  -5.2168338e+00   2.0951670e+01
   2.9964365e+01   9.9941211e+00  -4.9906604e+00   2.0080340e+01
   2.9964997e+01   1.0004718e+01  -5.0057074e+00   2.0011286e+01
   2.9999452e+01   1.0005777e+01  -5.0106305e+00   2.0002310e+01
   2.9976212e+01   9.9862657e+00  -4.9680033e+00   2.0002044e+01
   2.9976212e+01   9.9862657e+00  -4.9680033e+00   2.0002044e+01
   2.9960046e+01   1.0015786e+01  -5.0217360e+00   1.9963952e+01
   2.9972184e+01   9.9741238e+00  -5.0005273e+00   2.0036987e+01
   2.9950253e+01   1.0012256e+01  -5.0414193e+00   1.9982098e+01
   2.9950253e+01   1.0012256e+01  -5.0414193e+00   1.9982098e+01
   2.9946319e+01   9.9910652e+00  -5.0040553e+00   2.0001435e+01
   2.9992285e+01   9.9742493e+00  -4.9814128e+00   2.0017421e+01
   2.9992285e+01   9.9742493e+00  -4.9814128e+00   2.0017421e+01
   2.9976429e+01   9.9875424e+00  -4.9889703e+00   1.9964297e+01
   3.0012556e+01   9.9880796e+00  -4.9986732e+00   2.0018031e+01
   2.9986278e+01   1.0010621e+01  -4.9986547e+00   1.9980549e+01
   2.9986278e+01   1.0010621e+01  -4.9986547e+00   1.9980549e+01
   3.0022887e+01   9.9971727e+00  -4.9752673e+00   1.9987931e+01
   2.9990124e+01   9.9842930e+00  -4.9362582e+00   1.9971496e+01
   2.9993445e+01   9.9763245e+00  -4.9638163e+00   1.9979416e+01
   2.9988453e+01   1.0020360e+01  -5.0107914e+00   1.9986870e+01
   2.9988453e+01   1.0020360e+01  -5.0107914e+00   1.9986870e+01
   2.9968121e+01   9.9842409e+00  -4.9950306e+00   1.9986170e+01
   3.0039493e+01   9.9899657e+00  -5.0025561e+00   2.0012684e+01
   2.9998339e+01   9.9791923e+00  -5.0065776e+00   2.0017374e+01
   3.0007158e+01   9.9999759e+00  -4.9928320e+00   2.0025542e+01
   2.9992218e+01   9.9795297e+00  -5.0160465e+00   1.9977602e+01
   3.0008687e+01   1.0031254e+01  -5.0100560e+00   1.9993694e+01
   3.0024286e+01   1.0039203e+01  -5.0272831e+00   2.0022395e+01
   3.0024286e+01   1.0039203e+01  -5.0272831e+00   2.0022395e+01
   3.0024286e+01   1.0039203e+01  -5.0272831e+00   2.0022395e+01
   3.0024286e+01   1.0039203e+01  -5.0272831e+00   2.0022395e+01
   3.0024286e+01   1.0039203e+01  -5.0272831e+00   2.0022395e+01
   3.0024286e+01   1.0039203e+01  -5.0272831e+00   2.0022395e+01
   3.0024286e+01   1.0039203e+01  -5.0272831e+00   2.0022395e+01
   2.9983813e+01   9.9379506e+00  -5.0516645e+00   2.0069745e+01
   2.9983813e+01   9.9379506e+00  -5.0516645e+00   2.0069745e+01
   2.9995536e+01   1.0077313e+01  -5.0228642e+00   1.9977551e+01
   2.9995536e+01   1.0077313e+01  -5.0228642e+00   1.9977551e+01
   2.9995536e+01   1.0077313e+01  -5.0228642e+00   1.9977551e+01
   2.9995536e+01   1.0077313e+01  -5.0228642e+00   1.9977551e+01
   2.9995536e+01   1.0077313e+01  -5.0228642e+00   1.9977551e+01
   2.9995536e+01   1.0077313e+01  -5.0228642e+00   1.9977551e+01
   3.0007727e+01   1.0078293e+01  -5.0274528e+00   1.9969684e+01
   3.0007727e+01   1.0078293e+01  -5.0274528e+00   1.9969684e+01
   3.0007727e+01   1.0078293e+01  -5.0274528e+00   1.9969684e+01
   3.0007727e+01   1.0078293e+01  -5.0274528e+00   1.9969684e+01
   3.0007727e+01   1.0078293e+01  -5.0274528e+00   1.9969684e+01
   3.0007727e+01   1.0078293e+01  -5.0274528e+00   1.9969684e+01
   3.0007727e+01   1.0078293e+01  -5.0274528e+00   1.9969684e+01
   3.0007727e+01   1.0078293e+01  -5.0274528e+00   1.9969684e+01
