   1.1038555e+01   2.2516322e+01   4.7177811e+01  -2.3100511e+01
   1.0948952e+01   2.2827372e+01   4.7375789e+01  -2.3095806e+01
   1.0585868e+01   2.2666026e+01   4.7587241e+01  -2.2960645e+01
   1.0501320e+01   2.2742260e+01   4.7100202e+01  -2.3183312e+01
   1.0501320e+01   2.2742260e+01   4.7100202e+01  -2.3183312e+01
   1.0292250e+01   2.2643641e+01   4.7467675e+01  -2.2901865e+01
   1.0292250e+01   2.2643641e+01   4.7467675e+01  -2.2901865e+01
   1.0241799e+01   2.2441419e+01   4.7188810e+01  -2.2796115e+01
   1.0037771e+01   2.2299526e+01   4.7114415e+01  -2.2489492e+01
   1.0037771e+01   2.2299526e+01   4.7114415e+01  -2.2489492e+01
   1.0152885e+01   2.2119614e+01   4.7058026e+01  -2.2456652e+01
   1.0152885e+01   2.2119614e+01   4.7058026e+01  -2.2456652e+01
   1.0152885e+01   2.2119614e+01   4.7058026e+01  -2.2456652e+01
   1.0239669e+01   2.2173090e+01   4.7175711e+01  -2.2306995e+01
   1.0239669e+01   2.2173090e+01   4.7175711e+01  -2.2306995e+01
   1.0181332e+01   2.2034253e+01   4.7158171e+01  -2.2237101e+01
   1.0086944e+01   2.2086128e+01   4.7107199e+01  -2.2013640e+01
   1.0100687e+01   2.2082765e+01   4.7019730e+01  -2.1920719e+01
   1.0161850e+01   2.1932263e+01   4.6823763e+01  -2.1488538e+01
   1.0070022e+01   2.1721232e+01   4.6822866e+01  -2.0973910e+01
   1.0117088e+01   2.1664106e+01   4.6933479e+01  -2.0569022e+01
   1.0288991e+01   2.1599791e+01   4.6914005e+01  -2.0326195e+01
   1.0288991e+01   2.1599791e+01   4.6914005e+01  -2.0326195e+01
   1.0023172e+01   2.1733393e+01   4.7164664e+01  -2.0126093e+01
   9.9944162e+00   2.1910814e+01   4.7091021e+01  -2.0360014e+01
   9.7957738e+00   2.1914799e+01   4.6744113e+01  -2.0115546e+01
   1.0058622e+01   2.1793975e+01   4.6606363e+01  -2.0272863e+01
   1.0058622e+01   2.1793975e+01   4.6606363e+01  -2.0272863e+01
   9.9323802e+00   2.1794123e+01   4.6744299e+01  -2.0505288e+01
   9.9323802e+00   2.1794123e+01   4.6744299e+01  -2.0505288e+01
   1.0122025e+01   2.1884106e+01   4.6677237e+01  -2.0521925e+01
   1.0122025e+01   2.1884106e+01   4.6677237e+01  -2.0521925e+01
   1.0122025e+01   2.1884106e+01   4.6677237e+01  -2.0521925e+01
   1.0122025e+01   2.1884106e+01   4.6677237e+01  -2.0521925e+01
   1.0122025e+01   2.1884106e+01   4.6677237e+01  -2.0521925e+01
   1.0028369e+01   2.1736077e+01   4.6766562e+01  -2.0507783e+01
   1.0028369e+01   2.1736077e+01   4.6766562e+01  -2.0507783e+01
   1.0028369e+01   2.1736077e+01   4.6766562e+01  -2.0507783e+01
   1.0028369e+01   2.1736077e+01   4.6766562e+01  -2.0507783e+01
   1.0356651e+01   2.1638071e+01   4.6709596e+01  -2.0392280e+01
   1.0248803e+01   2.1779385e+01   4.6694482e+01  -2.0583059e+01
   1.0210135e+01   2.1791347e+01   4.6776174e+01  -2.0471881e+01
   1.0210135e+01   2.1791347e+01   4.6776174e+01  -2.0471881e+01
   1.0210135e+01   2.1791347e+01   4.6776174e+01  -2.0471881e+01
   1.0210135e+01   2.1791347e+01   4.6776174e+01  -2.0471881e+01
   1.0113030e+01   2.1958403e+01   4.7110711e+01  -2.0253939e+01
   1.0113030e+01   2.1958403e+01   4.7110711e+01  -2.0253939e+01
   1.0010125e+01   2.1539448e+01   4.7176645e+01  -2.0240944e+01
   1.0010125e+01   2.1539448e+01   4.7176645e+01  -2.0240944e+01
  -3.9044255e+00   1.9508487e+01   1.3141476e+01   1.1566286e+01
  -5.0248806e+00   1.9988417e+01   1.0030893e+01   1.0152550e+01
  -5.0248806e+00   1.9988417e+01   1.0030893e+01   1.0152550e+01
  -5.0274442e+00   1.9952554e+01   9.9978428e+00   9.9912989e+00
  -5.0128744e+00   2.0001259e+01   1.0007193e+01   9.9807996e+00
  -5.0128744e+00   2.0001259e+01   1.0007193e+01   9.9807996e+00
  -5.0706126e+00   2.0038696e+01   9.9284031e+00   1.0027364e+01
  -5.0198458e+00   2.0002371e+01   9.9927434e+00   9.9690906e+00
  -5.0344345e+00   2.0011591e+01   1.0010988e+01   9.9963149e+00
  -5.0460540e+00   2.0006915e+01   1.0033080e+01   1.0016692e+01
  -5.0460540e+00   2.0006915e+01   1.0033080e+01   1.0016692e+01
  -5.0460540e+00   2.0006915e+01   1.0033080e+01   1.0016692e+01
  -5.0460540e+00   2.0006915e+01   1.0033080e+01   1.0016692e+01
  -5.0027575e+00   1.9978535e+01   1.0032373e+01   1.0010122e+01
  -5.0027575e+00   1.9978535e+01   1.0032373e+01   1.0010122e+01
  -5.0027575e+00   1.9978535e+01   1.0032373e+01   1.0010122e+01
  -5.0027575e+00   1.9978535e+01   1.0032373e+01   1.0010122e+01
  -5.0027575e+00   1.9978535e+01   1.0032373e+01   1.0010122e+01
  -5.0027241e+00   2.0002890e+01   9.9700589e+00   1.0022531e+01
  -5.0231915e+00   1.9975269e+01   9.9609439e+00   9.9602821e+00
  -5.0155955e+00   2.0055501e+01   9.9753779e+00   1.0013934e+01
  -5.0155955e+00   2.0055501e+01   9.9753779e+00   1.0013934e+01
  -5.0276556e+00   1.9983600e+01   9.9658091e+00   1.0013979e+01
  -5.0395579e+00   1.9997301e+01   1.0010876e+01   9.9747640e+00
  -5.0373446e+00   1.9946284e+01   9.9907726e+00   9.9781825e+00
  -5.0373446e+00   1.9946284e+01   9.9907726e+00   9.9781825e+00
  -5.0503874e+00   1.9991255e+01   1.0008122e+01   9.9899914e+00
  -5.0090493e+00   1.9998005e+01   9.9875113e+00   1.0016513e+01
  -5.0090493e+00   1.9998005e+01   9.9875113e+00   1.0016513e+01
  -4.9874084e+00   2.0032515e+01   9.9718832e+00   9.9761641e+00
  -4.9874084e+00   2.0032515e+01   9.9718832e+00   9.9761641e+00
  -4.9874084e+00   2.0032515e+01   9.9718832e+00   9.9761641e+00
  -4.9808771e+00   2.0007996e+01   1.0004072e+01   1.0022429e+01
  -4.9808771e+00   2.0007996e+01   1.0004072e+01   1.0022429e+01
  -4.9808771e+00   2.0007996e+01   1.0004072e+01   1.0022429e+01
  -4.9808771e+00   2.0007996e+01   1.0004072e+01   1.0022429e+01
  -4.9808771e+00   2.0007996e+01   1.0004072e+01   1.0022429e+01
  -4.9808771e+00   2.0007996e+01   1.0004072e+01   1.0022429e+01
  -4.9808771e+00   2.0007996e+01   1.0004072e+01   1.0022429e+01
  -4.9808771e+00   2.0007996e+01   1.0004072e+01   1.0022429e+01
  -4.9808771e+00   2.0007996e+01   1.0004072e+01   1.0022429e+01
  -4.9808771e+00   2.0007996e+01   1.0004072e+01   1.0022429e+01
  -4.9808771e+00   2.0007996e+01   1.0004072e+01   1.0022429e+01
  -4.9808771e+00   2.0007996e+01   1.0004072e+01   1.0022429e+01
  -4.9808771e+00   2.0007996e+01   1.0004072e+01   1.0022429e+01
  -4.9808771e+00   2.0007996e+01   1.0004072e+01   1.0022429e+01
  -4.9808771e+00   2.0007996e+01   1.0004072e+01   1.0022429e+01
  -4.9808771e+00   2.0007996e+01   1.0004072e+01   1.0022429e+01
  -4.9808771e+00   2.0007996e+01   1.0004072e+01   1.0022429e+01
  -4.9808771e+00   2.0007996e+01   1.0004072e+01   1.0022429e+01
  -4.9808771e+00   2.0007996e+01   1.0004072e+01   1.0022429e+01
