   5.5048430e+00   3.8707284e+01   1.8432978e+01   2.6287044e+01
   5.3284926e+00   3.8366742e+01   1.8806932e+01   2.6324282e+01
   5.2723712e+00   3.8220155e+01   1.8750946e+01   2.6680282e+01
   5.2723712e+00   3.8220155e+01   1.8750946e+01   2.6680282e+01
   4.9608321e+00   3.8286732e+01   1.8901863e+01   2.6599158e+01
   4.8708726e+00   3.8416080e+01   1.8870228e+01   2.6758572e+01
   4.8708726e+00   3.8416080e+01   1.8870228e+01   2.6758572e+01
   4.9933514e+00   3.8116414e+01   1.8742408e+01   2.6858508e+01
   4.9933514e+00   3.8116414e+01   1.8742408e+01   2.6858508e+01
   5.1618661e+00   3.7713950e+01   1.8836965e+01   2.6577331e+01
   5.1618661e+00   3.7713950e+01   1.8836965e+01   2.6577331e+01
   5.1618661e+00   3.7713950e+01   1.8836965e+01   2.6577331e+01
   5.1618661e+00   3.7713950e+01   1.8836965e+01   2.6577331e+01
   5.1618661e+00   3.7713950e+01   1.8836965e+01   2.6577331e+01
   5.1618661e+00   3.7713950e+01   1.8836965e+01   2.6577331e+01
   5.0720695e+00   3.7758627e+01   1.8985491e+01   2.6474625e+01
   5.0720695e+00   3.7758627e+01   1.8985491e+01   2.6474625e+01
   5.1539498e+00   3.7527341e+01   1.8845160e+01   2.6535299e+01
   5.1539498e+00   3.7527341e+01   1.8845160e+01   2.6535299e+01
   5.1539498e+00   3.7527341e+01   1.8845160e+01   2.6535299e+01
   5.2916428e+00   3.7268579e+01   1.9130601e+01   2.6620116e+01
   5.2099257e+00   3.7103781e+01   1.8940131e+01   2.6400555e+01
   5.3175542e+00   3.7121632e+01   1.8830645e+01   2.6331775e+01
   4.9199621e+00   3.7021265e+01   1.8808847e+01   2.6137889e+01
   5.0024140e+00   3.6629850e+01   1.8430511e+01   2.6013904e+01
   5.0024140e+00   3.6629850e+01   1.8430511e+01   2.6013904e+01
   5.1716028e+00   3.6408787e+01   1.8607037e+01   2.5985245e+01
   5.4360659e+00   3.6384539e+01   1.8497152e+01   2.5925931e+01
   5.5375414e+00   3.6203388e+01   1.8453756e+01   2.5921422e+01
   5.5375414e+00   3.6203388e+01   1.8453756e+01   2.5921422e+01
   5.5375414e+00   3.6203388e+01   1.8453756e+01   2.5921422e+01
   5.5120933e+00   3.6273624e+01   1.8713324e+01   2.5925099e+01
   5.3111966e+00   3.6263397e+01   1.8822149e+01   2.5894581e+01
   5.3111966e+00   3.6263397e+01   1.8822149e+01   2.5894581e+01
   5.3111966e+00   3.6263397e+01   1.8822149e+01   2.5894581e+01
   5.3111966e+00   3.6263397e+01   1.8822149e+01   2.5894581e+01
   5.4741765e+00   3.5736854e+01   1.9001432e+01   2.5926347e+01
   5.4741765e+00   3.5736854e+01   1.9001432e+01   2.5926347e+01
   5.6975936e+00   3.5683595e+01   1.8841692e+01   2.5836144e+01
   5.5838863e+00   3.5904895e+01   1.9177623e+01   2.6022464e+01
   5.7379527e+00   3.5817395e+01   1.9076152e+01   2.6224805e+01
   5.3389965e+00   3.5607518e+01   1.8638946e+01   2.6181659e+01
   5.3389965e+00   3.5607518e+01   1.8638946e+01   2.6181659e+01
   4.9116340e+00   3.5595059e+01   1.8653150e+01   2.6173042e+01
   4.8882891e+00   3.5432339e+01   1.8485672e+01   2.6030722e+01
   4.8882891e+00   3.5432339e+01   1.8485672e+01   2.6030722e+01
   4.7703616e+00   3.4927197e+01   1.8206995e+01   2.5764514e+01
   4.7703616e+00   3.4927197e+01   1.8206995e+01   2.5764514e+01
   4.4077751e+00   3.5268529e+01   1.8262962e+01   2.5598526e+01
  -2.5194103e+00   1.8067725e+01   7.6881107e+00   1.2110359e+01
  -3.6111089e+00   1.8461968e+01   8.4448145e+00   1.1620698e+01
  -3.6111089e+00   1.8461968e+01   8.4448145e+00   1.1620698e+01
  -3.6111089e+00   1.8461968e+01   8.4448145e+00   1.1620698e+01
  -3.6111089e+00   1.8461968e+01   8.4448145e+00   1.1620698e+01
  -3.6111089e+00   1.8461968e+01   8.4448145e+00   1.1620698e+01
  -3.6111089e+00   1.8461968e+01   8.4448145e+00   1.1620698e+01
  -3.6111089e+00   1.8461968e+01   8.4448145e+00   1.1620698e+01
  -3.6111089e+00   1.8461968e+01   8.4448145e+00   1.1620698e+01
  -3.6111089e+00   1.8461968e+01   8.4448145e+00   1.1620698e+01
  -4.1194972e+00   1.9305990e+01   8.9479500e+00   1.0671957e+01
  -4.1194972e+00   1.9305990e+01   8.9479500e+00   1.0671957e+01
  -4.1194972e+00   1.9305990e+01   8.9479500e+00   1.0671957e+01
  -4.1194972e+00   1.9305990e+01   8.9479500e+00   1.0671957e+01
  -4.1194972e+00   1.9305990e+01   8.9479500e+00   1.0671957e+01
  -4.1194972e+00   1.9305990e+01   8.9479500e+00   1.0671957e+01
  -4.1194972e+00   1.9305990e+01   8.9479500e+00   1.0671957e+01
  -4.1194972e+00   1.9305990e+01   8.9479500e+00   1.0671957e+01
  -4.1194972e+00   1.9305990e+01   8.9479500e+00   1.0671957e+01
  -4.1194972e+00   1.9305990e+01   8.9479500e+00   1.0671957e+01
  -4.1194972e+00   1.9305990e+01   8.9479500e+00   1.0671957e+01
  -4.1194972e+00   1.9305990e+01   8.9479500e+00   1.0671957e+01
  -4.1194972e+00   1.9305990e+01   8.9479500e+00   1.0671957e+01
  -4.1194972e+00   1.9305990e+01   8.9479500e+00   1.0671957e+01
  -4.1194972e+00   1.9305990e+01   8.9479500e+00   1.0671957e+01
  -4.1194972e+00   1.9305990e+01   8.9479500e+00   1.0671957e+01
  -4.1194972e+00   1.9305990e+01   8.9479500e+00   1.0671957e+01
  -4.1194972e+00   1.9305990e+01   8.9479500e+00   1.0671957e+01
  -4.1194972e+00   1.9305990e+01   8.9479500e+00   1.0671957e+01
  -4.4263340e+00   1.9615600e+01   9.3594388e+00   1.0405855e+01
  -4.4263340e+00   1.9615600e+01   9.3594388e+00   1.0405855e+01
  -4.4263340e+00   1.9615600e+01   9.3594388e+00   1.0405855e+01
  -4.4263340e+00   1.9615600e+01   9.3594388e+00   1.0405855e+01
  -4.4263340e+00   1.9615600e+01   9.3594388e+00   1.0405855e+01
  -4.4263340e+00   1.9615600e+01   9.3594388e+00   1.0405855e+01
  -4.4263340e+00   1.9615600e+01   9.3594388e+00   1.0405855e+01
  -4.4263340e+00   1.9615600e+01   9.3594388e+00   1.0405855e+01
  -4.4263340e+00   1.9615600e+01   9.3594388e+00   1.0405855e+01
  -4.4263340e+00   1.9615600e+01   9.3594388e+00   1.0405855e+01
  -4.4263340e+00   1.9615600e+01   9.3594388e+00   1.0405855e+01
  -4.4263340e+00   1.9615600e+01   9.3594388e+00   1.0405855e+01
  -4.4263340e+00   1.9615600e+01   9.3594388e+00   1.0405855e+01
  -4.4263340e+00   1.9615600e+01   9.3594388e+00   1.0405855e+01
  -4.4263340e+00   1.9615600e+01   9.3594388e+00   1.0405855e+01
  -4.4263340e+00   1.9615600e+01   9.3594388e+00   1.0405855e+01
  -4.4263340e+00   1.9615600e+01   9.3594388e+00   1.0405855e+01
  -4.4263340e+00   1.9615600e+01   9.3594388e+00   1.0405855e+01
  -4.4263340e+00   1.9615600e+01   9.3594388e+00   1.0405855e+01
  -4.4263340e+00   1.9615600e+01   9.3594388e+00   1.0405855e+01
  -4.4263340e+00   1.9615600e+01   9.3594388e+00   1.0405855e+01
  -4.4263340e+00   1.9615600e+01   9.3594388e+00   1.0405855e+01
