   1.5528178e+01  -9.7011129e-01  -2.8499110e+01  -5.6145651e+00
   1.5417444e+01  -8.4825460e-01  -2.8774861e+01  -5.9555691e+00
   1.5417444e+01  -8.4825460e-01  -2.8774861e+01  -5.9555691e+00
   1.5355735e+01  -5.7403587e-01  -2.8667067e+01  -6.4759059e+00
   1.5242811e+01  -6.5786010e-01  -2.8790238e+01  -6.4371890e+00
   1.5240099e+01  -7.4551291e-01  -2.8899985e+01  -6.2150326e+00
   1.4858015e+01  -3.6798179e-01  -2.8733413e+01  -6.2520213e+00
   1.4858015e+01  -3.6798179e-01  -2.8733413e+01  -6.2520213e+00
   1.4858015e+01  -3.6798179e-01  -2.8733413e+01  -6.2520213e+00
   1.4894631e+01  -7.2489913e-01  -2.8452124e+01  -6.0870627e+00
   1.4669747e+01  -8.7346292e-01  -2.8399412e+01  -6.2827901e+00
   1.5105107e+01  -1.0462582e+00  -2.8257528e+01  -6.3290347e+00
   1.5055734e+01  -1.1458881e+00  -2.8388939e+01  -6.2964218e+00
   1.5055734e+01  -1.1458881e+00  -2.8388939e+01  -6.2964218e+00
   1.4981200e+01  -9.6055622e-01  -2.8198332e+01  -6.2152032e+00
   1.4981200e+01  -9.6055622e-01  -2.8198332e+01  -6.2152032e+00
   1.5103357e+01  -1.0396734e+00  -2.8513574e+01  -6.1955538e+00
   1.5498841e+01  -9.5501178e-01  -2.8270732e+01  -6.2704887e+00
   1.5605950e+01  -1.0876975e+00  -2.8558343e+01  -6.2325655e+00
   1.5605950e+01  -1.0876975e+00  -2.8558343e+01  -6.2325655e+00
   1.5593505e+01  -1.0410751e+00  -2.8497940e+01  -6.2372740e+00
   1.5593505e+01  -1.0410751e+00  -2.8497940e+01  -6.2372740e+00
   1.5362941e+01  -1.0387356e+00  -2.8461523e+01  -6.4325612e+00
   1.5340794e+01  -1.2629350e+00  -2.8572265e+01  -6.5642436e+00
   1.5200490e+01  -1.3036466e+00  -2.8485825e+01  -6.4057166e+00
   1.5082707e+01  -1.3293512e+00  -2.8445892e+01  -6.4392871e+00
   1.5058386e+01  -1.5833163e+00  -2.8635937e+01  -6.4212568e+00
   1.4854506e+01  -1.5334644e+00  -2.8537417e+01  -6.2482691e+00
   1.4854506e+01  -1.5334644e+00  -2.8537417e+01  -6.2482691e+00
   1.4864320e+01  -1.4449702e+00  -2.8613006e+01  -6.2517305e+00
   1.5227689e+01  -1.6314961e+00  -2.8652895e+01  -6.1009812e+00
   1.5227689e+01  -1.6314961e+00  -2.8652895e+01  -6.1009812e+00
   1.5203495e+01  -1.7192471e+00  -2.8940794e+01  -6.1110580e+00
   1.5203495e+01  -1.7192471e+00  -2.8940794e+01  -6.1110580e+00
   1.5518663e+01  -1.7865239e+00  -2.9062344e+01  -6.2634740e+00
   1.5377086e+01  -1.5935017e+00  -2.8960205e+01  -6.1620452e+00
   1.5377086e+01  -1.5935017e+00  -2.8960205e+01  -6.1620452e+00
   1.5287158e+01  -1.4616044e+00  -2.8899758e+01  -6.0766082e+00
   1.5287158e+01  -1.4616044e+00  -2.8899758e+01  -6.0766082e+00
   1.5338852e+01  -1.4070083e+00  -2.9170255e+01  -6.2443491e+00
   1.5566090e+01  -1.6725742e+00  -2.9404497e+01  -6.0795561e+00
   1.5566090e+01  -1.6725742e+00  -2.9404497e+01  -6.0795561e+00
   1.5566090e+01  -1.6725742e+00  -2.9404497e+01  -6.0795561e+00
   1.5645438e+01  -1.5444655e+00  -2.9309031e+01  -6.2752400e+00
   1.5645438e+01  -1.5444655e+00  -2.9309031e+01  -6.2752400e+00
   1.5725840e+01  -1.4946887e+00  -2.9541799e+01  -6.2750875e+00
   1.5725840e+01  -1.4946887e+00  -2.9541799e+01  -6.2750875e+00
   1.5919966e+01  -1.7939371e+00  -2.9286359e+01  -6.1250642e+00
   1.6269077e+01  -1.7107312e+00  -2.9379861e+01  -6.2772984e+00
   2.7095435e+01   1.6480481e+01  -5.3833755e+00   8.0244253e+00
   2.7095435e+01   1.6480481e+01  -5.3833755e+00   8.0244253e+00
   2.7095435e+01   1.6480481e+01  -5.3833755e+00   8.0244253e+00
   2.7095435e+01   1.6480481e+01  -5.3833755e+00   8.0244253e+00
   2.7095435e+01   1.6480481e+01  -5.3833755e+00   8.0244253e+00
   2.7095435e+01   1.6480481e+01  -5.3833755e+00   8.0244253e+00
   2.7095435e+01   1.6480481e+01  -5.3833755e+00   8.0244253e+00
   2.7095435e+01   1.6480481e+01  -5.3833755e+00   8.0244253e+00
   2.9828053e+01   1.9751508e+01  -4.9770376e+00   9.9678786e+00
   2.9980651e+01   1.9959598e+01  -4.9621431e+00   1.0000631e+01
   2.9964256e+01   1.9966294e+01  -4.9942297e+00   9.9876453e+00
   2.9941606e+01   1.9977092e+01  -4.9922664e+00   9.9865496e+00
   2.9962817e+01   1.9994555e+01  -5.0133540e+00   1.0003761e+01
   2.9962817e+01   1.9994555e+01  -5.0133540e+00   1.0003761e+01
   2.9976862e+01   1.9969756e+01  -4.9549831e+00   9.9825555e+00
   2.9976862e+01   1.9969756e+01  -4.9549831e+00   9.9825555e+00
   2.9997490e+01   1.9989221e+01  -5.0200098e+00   9.9738972e+00
   2.9958158e+01   1.9994794e+01  -5.0014710e+00   9.9860019e+00
   3.0009356e+01   1.9992332e+01  -4.9585160e+00   9.9879987e+00
   3.0009356e+01   1.9992332e+01  -4.9585160e+00   9.9879987e+00
   2.9998734e+01   1.9972456e+01  -4.9637248e+00   1.0031035e+01
   2.9978789e+01   1.9984657e+01  -4.9715089e+00   9.9430525e+00
   2.9991248e+01   2.0023901e+01  -4.9887877e+00   9.9929451e+00
   2.9956412e+01   1.9989484e+01  -4.9512488e+00   1.0006050e+01
   3.0000827e+01   2.0013448e+01  -5.0201131e+00   1.0043756e+01
   3.0014448e+01   1.9995427e+01  -4.9747634e+00   1.0013010e+01
   3.0014448e+01   1.9995427e+01  -4.9747634e+00   1.0013010e+01
   3.0024804e+01   2.0008086e+01  -5.0049861e+00   9.9641326e+00
   2.9927359e+01   1.9960468e+01  -5.0394533e+00   9.9836552e+00
   2.9976768e+01   2.0006769e+01  -5.0068206e+00   9.9864635e+00
   2.9976768e+01   2.0006769e+01  -5.0068206e+00   9.9864635e+00
   2.9976768e+01   2.0006769e+01  -5.0068206e+00   9.9864635e+00
   2.9976768e+01   2.0006769e+01  -5.0068206e+00   9.9864635e+00
   2.9976768e+01   2.0006769e+01  -5.0068206e+00   9.9864635e+00
   2.9976768e+01   2.0006769e+01  -5.0068206e+00   9.9864635e+00
   2.9976768e+01   2.0006769e+01  -5.0068206e+00   9.9864635e+00
   2.9976768e+01   2.0006769e+01  -5.0068206e+00   9.9864635e+00
   2.9976768e+01   2.0006769e+01  -5.0068206e+00   9.9864635e+00
   2.9976768e+01   2.0006769e+01  -5.0068206e+00   9.9864635e+00
   2.9976768e+01   2.0006769e+01  -5.0068206e+00   9.9864635e+00
   2.9976768e+01   2.0006769e+01  -5.0068206e+00   9.9864635e+00
   2.9976768e+01   2.0006769e+01  -5.0068206e+00   9.9864635e+00
   2.9976768e+01   2.0006769e+01  -5.0068206e+00   9.9864635e+00
   2.9976768e+01   2.0006769e+01  -5.0068206e+00   9.9864635e+00
   2.9976768e+01   2.0006769e+01  -5.0068206e+00   9.9864635e+00
   2.9976768e+01   2.0006769e+01  -5.0068206e+00   9.9864635e+00
   2.9976768e+01   2.0006769e+01  -5.0068206e+00   9.9864635e+00
   2.9976768e+01   2.0006769e+01  -5.0068206e+00   9.9864635e+00
   2.9976768e+01   2.0006769e+01  -5.0068206e+00   9.9864635e+00
   2.9976768e+01   2.0006769e+01  -5.0068206e+00   9.9864635e+00
   2.9976768e+01   2.0006769e+01  -5.0068206e+00   9.9864635e+00
