   3.5430322e+01   1.9900846e+01   1.8692250e+01   3.3233933e+01
   3.5430322e+01   1.9900846e+01   1.8692250e+01   3.3233933e+01
   3.5339494e+01   1.9729322e+01   1.8362549e+01   3.3282596e+01
   3.5339494e+01   1.9729322e+01   1.8362549e+01   3.3282596e+01
   3.5339494e+01   1.9729322e+01   1.8362549e+01   3.3282596e+01
   3.5572592e+01   1.9759565e+01   1.8484639e+01   3.3502415e+01
   3.5572592e+01   1.9759565e+01   1.8484639e+01   3.3502415e+01
   3.5572592e+01   1.9759565e+01   1.8484639e+01   3.3502415e+01
   3.5596406e+01   1.9716244e+01   1.8390523e+01   3.3740440e+01
   3.5596406e+01   1.9716244e+01   1.8390523e+01   3.3740440e+01
   3.5596406e+01   1.9716244e+01   1.8390523e+01   3.3740440e+01
   3.5534245e+01   1.9714695e+01   1.8197479e+01   3.3803842e+01
   3.5378190e+01   1.9675702e+01   1.8021949e+01   3.3649076e+01
   3.4882945e+01   1.9429558e+01   1.8429592e+01   3.3680677e+01
   3.4882945e+01   1.9429558e+01   1.8429592e+01   3.3680677e+01
   3.4894209e+01   1.9316061e+01   1.8339763e+01   3.3908347e+01
   3.5031846e+01   1.9267328e+01   1.8249772e+01   3.4061660e+01
   3.4673073e+01   1.9337885e+01   1.8207665e+01   3.3915036e+01
   3.4522141e+01   1.8911578e+01   1.8011663e+01   3.3914505e+01
   3.4593574e+01   1.9033951e+01   1.7842452e+01   3.4032529e+01
   3.4489312e+01   1.8903617e+01   1.7962479e+01   3.3948815e+01
   3.4205966e+01   1.8408150e+01   1.8078302e+01   3.3465135e+01
   3.4203459e+01   1.8579797e+01   1.7967438e+01   3.3870603e+01
   3.4203459e+01   1.8579797e+01   1.7967438e+01   3.3870603e+01
   3.4070162e+01   1.8522734e+01   1.7755413e+01   3.3739909e+01
   3.4442003e+01   1.8508277e+01   1.7609025e+01   3.3425118e+01
   3.4062599e+01   1.8284746e+01   1.7998836e+01   3.3533018e+01
   3.4062599e+01   1.8284746e+01   1.7998836e+01   3.3533018e+01
   3.4081708e+01   1.8987366e+01   1.8004522e+01   3.3462717e+01
   3.4081708e+01   1.8987366e+01   1.8004522e+01   3.3462717e+01
   3.4075909e+01   1.8933569e+01   1.8051350e+01   3.3076455e+01
   3.4075909e+01   1.8933569e+01   1.8051350e+01   3.3076455e+01
   3.4096800e+01   1.8919325e+01   1.7746614e+01   3.2684899e+01
   3.4096800e+01   1.8919325e+01   1.7746614e+01   3.2684899e+01
   3.4245262e+01   1.8933707e+01   1.7717867e+01   3.2644389e+01
   3.4036588e+01   1.9247981e+01   1.7774073e+01   3.2507795e+01
   3.4020072e+01   1.9224094e+01   1.7678939e+01   3.2268945e+01
   3.4120699e+01   1.9109509e+01   1.7775955e+01   3.2239685e+01
   3.4120699e+01   1.9109509e+01   1.7775955e+01   3.2239685e+01
   3.3769859e+01   1.9005339e+01   1.7680375e+01   3.2386497e+01
   3.3769859e+01   1.9005339e+01   1.7680375e+01   3.2386497e+01
   3.3663499e+01   1.9107255e+01   1.7720495e+01   3.2454617e+01
   3.3759016e+01   1.9124470e+01   1.7367345e+01   3.2526334e+01
   3.3759016e+01   1.9124470e+01   1.7367345e+01   3.2526334e+01
   3.3759016e+01   1.9124470e+01   1.7367345e+01   3.2526334e+01
   3.3766692e+01   1.9178500e+01   1.7034441e+01   3.2382598e+01
   3.3822282e+01   1.9596966e+01   1.7186412e+01   3.2429920e+01
   3.3855861e+01   1.9575827e+01   1.7017954e+01   3.2561918e+01
   3.3855861e+01   1.9575827e+01   1.7017954e+01   3.2561918e+01
   3.0304180e+01   9.6649610e+00  -6.5025900e+00   1.9429392e+01
   3.0004438e+01   1.0057077e+01  -4.9993645e+00   2.0044789e+01
   2.9992423e+01   9.9811736e+00  -5.0784326e+00   1.9952865e+01
   3.0001165e+01   9.9527179e+00  -5.0370791e+00   1.9996720e+01
   3.0018038e+01   1.0009717e+01  -4.9780597e+00   2.0050953e+01
   2.9979680e+01   1.0018524e+01  -5.0029608e+00   2.0016471e+01
   3.0012035e+01   1.0035197e+01  -5.0446647e+00   2.0039827e+01
   3.0002703e+01   1.0022384e+01  -4.9799374e+00   2.0025294e+01
   2.9989968e+01   1.0004791e+01  -4.9854444e+00   1.9997494e+01
   2.9984819e+01   1.0053416e+01  -5.0632787e+00   1.9998442e+01
   2.9992725e+01   1.0040588e+01  -5.0068885e+00   1.9984278e+01
   2.9988980e+01   1.0012776e+01  -5.0411011e+00   2.0009392e+01
   3.0011915e+01   9.9990229e+00  -5.0021590e+00   2.0012675e+01
   2.9984709e+01   9.9887727e+00  -5.0073936e+00   1.9996720e+01
   3.0024417e+01   9.9842274e+00  -5.0173923e+00   2.0026963e+01
   2.9993726e+01   9.9799485e+00  -5.0112487e+00   1.9998839e+01
   2.9989955e+01   1.0041705e+01  -4.9911020e+00   2.0001892e+01
   3.0012746e+01   9.9980630e+00  -5.0125756e+00   2.0032618e+01
   3.0012746e+01   9.9980630e+00  -5.0125756e+00   2.0032618e+01
   2.9979630e+01   9.9950603e+00  -5.0048299e+00   1.9997931e+01
   2.9979630e+01   9.9950603e+00  -5.0048299e+00   1.9997931e+01
   3.0011769e+01   9.9385135e+00  -5.0165166e+00   2.0009253e+01
   2.9945429e+01   9.9678399e+00  -5.0181737e+00   1.9945810e+01
   2.9945429e+01   9.9678399e+00  -5.0181737e+00   1.9945810e+01
   2.9962894e+01   9.9742113e+00  -5.0140994e+00   1.9950500e+01
   3.0012762e+01   9.9981357e+00  -5.0060336e+00   1.9990606e+01
   3.0012762e+01   9.9981357e+00  -5.0060336e+00   1.9990606e+01
   3.0012762e+01   9.9981357e+00  -5.0060336e+00   1.9990606e+01
   2.9975868e+01   1.0024638e+01  -5.0273384e+00   1.9980831e+01
   2.9976550e+01   9.9830556e+00  -5.0223066e+00   1.9988439e+01
   2.9976550e+01   9.9830556e+00  -5.0223066e+00   1.9988439e+01
   2.9976550e+01   9.9830556e+00  -5.0223066e+00   1.9988439e+01
   2.9976550e+01   9.9830556e+00  -5.0223066e+00   1.9988439e+01
   2.9976550e+01   9.9830556e+00  -5.0223066e+00   1.9988439e+01
   2.9976550e+01   9.9830556e+00  -5.0223066e+00   1.9988439e+01
   2.9976550e+01   9.9830556e+00  -5.0223066e+00   1.9988439e+01
   2.9976550e+01   9.9830556e+00  -5.0223066e+00   1.9988439e+01
   2.9976550e+01   9.9830556e+00  -5.0223066e+00   1.9988439e+01
   2.9976550e+01   9.9830556e+00  -5.0223066e+00   1.9988439e+01
   2.9976550e+01   9.9830556e+00  -5.0223066e+00   1.9988439e+01
   2.9976550e+01   9.9830556e+00  -5.0223066e+00   1.9988439e+01
   2.9976550e+01   9.9830556e+00  -5.0223066e+00   1.9988439e+01
   2.9976550e+01   9.9830556e+00  -5.0223066e+00   1.9988439e+01
   2.9987185e+01   9.9700046e+00  -5.1329849e+00   1.9962035e+01
   2.9928618e+01   1.0027925e+01  -4.9482820e+00   2.0030125e+01
   2.9928618e+01   1.0027925e+01  -4.9482820e+00   2.0030125e+01
   2.9928618e+01   1.0027925e+01  -4.9482820e+00   2.0030125e+01
   2.9928618e+01   1.0027925e+01  -4.9482820e+00   2.0030125e+01
   2.9928618e+01   1.0027925e+01  -4.9482820e+00   2.0030125e+01
   2.9928618e+01   1.0027925e+01  -4.9482820e+00   2.0030125e+01
   2.9928618e+01   1.0027925e+01  -4.9482820e+00   2.0030125e+01
