  -2.2453285e+01  -2.3518752e+01   4.7021003e+01  -6.0687642e+00
  -2.2465713e+01  -2.3369659e+01   4.6853970e+01  -5.9817145e+00
  -2.2465713e+01  -2.3369659e+01   4.6853970e+01  -5.9817145e+00
  -2.2465713e+01  -2.3369659e+01   4.6853970e+01  -5.9817145e+00
  -2.2465713e+01  -2.3369659e+01   4.6853970e+01  -5.9817145e+00
  -2.2293695e+01  -2.3148716e+01   4.7205971e+01  -6.0086459e+00
  -2.2293695e+01  -2.3148716e+01   4.7205971e+01  -6.0086459e+00
  -2.2293695e+01  -2.3148716e+01   4.7205971e+01  -6.0086459e+00
  -2.2217344e+01  -2.2797706e+01   4.7592740e+01  -6.0959939e+00
  -2.1965034e+01  -2.2654487e+01   4.7377848e+01  -5.7555120e+00
  -2.1965034e+01  -2.2654487e+01   4.7377848e+01  -5.7555120e+00
  -2.1881583e+01  -2.2910035e+01   4.6867412e+01  -5.6326564e+00
  -2.1711117e+01  -2.3168655e+01   4.6806593e+01  -5.1793339e+00
  -2.1711117e+01  -2.3168655e+01   4.6806593e+01  -5.1793339e+00
  -2.1316317e+01  -2.3161038e+01   4.7246253e+01  -4.8413144e+00
  -2.1316317e+01  -2.3161038e+01   4.7246253e+01  -4.8413144e+00
  -2.1109311e+01  -2.3173578e+01   4.6833535e+01  -4.5074731e+00
  -2.1283212e+01  -2.2744001e+01   4.6803499e+01  -4.2819334e+00
  -2.1000928e+01  -2.2847185e+01   4.6599589e+01  -4.4538724e+00
  -2.1000928e+01  -2.2847185e+01   4.6599589e+01  -4.4538724e+00
  -2.1000928e+01  -2.2847185e+01   4.6599589e+01  -4.4538724e+00
  -2.1000928e+01  -2.2847185e+01   4.6599589e+01  -4.4538724e+00
  -2.1000928e+01  -2.2847185e+01   4.6599589e+01  -4.4538724e+00
  -2.0739758e+01  -2.3092349e+01   4.6587179e+01  -4.3093955e+00
  -2.0891664e+01  -2.2858043e+01   4.6636781e+01  -4.3318774e+00
  -2.0985933e+01  -2.2536749e+01   4.6616211e+01  -4.2279561e+00
  -2.0985933e+01  -2.2536749e+01   4.6616211e+01  -4.2279561e+00
  -2.0934883e+01  -2.2535052e+01   4.6535548e+01  -4.2050818e+00
  -2.0934883e+01  -2.2535052e+01   4.6535548e+01  -4.2050818e+00
  -2.0934883e+01  -2.2535052e+01   4.6535548e+01  -4.2050818e+00
  -2.0578758e+01  -2.2491293e+01   4.6367424e+01  -4.0314778e+00
  -2.0578758e+01  -2.2491293e+01   4.6367424e+01  -4.0314778e+00
  -2.0578758e+01  -2.2491293e+01   4.6367424e+01  -4.0314778e+00
  -2.0578758e+01  -2.2491293e+01   4.6367424e+01  -4.0314778e+00
  -2.0628230e+01  -2.2639641e+01   4.6328047e+01  -3.6073456e+00
  -2.0628230e+01  -2.2639641e+01   4.6328047e+01  -3.6073456e+00
  -2.0783905e+01  -2.2557673e+01   4.6214735e+01  -3.7285691e+00
  -2.0783905e+01  -2.2557673e+01   4.6214735e+01  -3.7285691e+00
  -2.0783905e+01  -2.2557673e+01   4.6214735e+01  -3.7285691e+00
  -2.0756417e+01  -2.2461473e+01   4.6009405e+01  -3.7075488e+00
  -2.0756417e+01  -2.2461473e+01   4.6009405e+01  -3.7075488e+00
  -2.0832973e+01  -2.2213035e+01   4.6032078e+01  -3.6419238e+00
  -2.0832973e+01  -2.2213035e+01   4.6032078e+01  -3.6419238e+00
  -2.0351679e+01  -2.2279865e+01   4.5785711e+01  -3.3426497e+00
  -2.0258508e+01  -2.1928817e+01   4.6077591e+01  -3.2700367e+00
  -2.0200917e+01  -2.2168682e+01   4.6033975e+01  -2.9433508e+00
  -2.0404592e+01  -2.2012630e+01   4.5963504e+01  -2.7417548e+00
  -2.0264953e+01  -2.1897044e+01   4.5967246e+01  -2.9430488e+00
  -2.0264953e+01  -2.1897044e+01   4.5967246e+01  -2.9430488e+00
  -2.5664606e+00   1.0499503e+01   3.0057754e+01   2.0248382e+01
  -5.0140847e+00   9.8242282e+00   2.9982638e+01   2.0072353e+01
  -5.0067058e+00   9.9204881e+00   3.0033815e+01   2.0070818e+01
  -5.0067058e+00   9.9204881e+00   3.0033815e+01   2.0070818e+01
  -5.0067058e+00   9.9204881e+00   3.0033815e+01   2.0070818e+01
  -5.0067058e+00   9.9204881e+00   3.0033815e+01   2.0070818e+01
  -5.0067058e+00   9.9204881e+00   3.0033815e+01   2.0070818e+01
  -5.0067058e+00   9.9204881e+00   3.0033815e+01   2.0070818e+01
  -5.0067058e+00   9.9204881e+00   3.0033815e+01   2.0070818e+01
  -5.0067058e+00   9.9204881e+00   3.0033815e+01   2.0070818e+01
  -5.0067058e+00   9.9204881e+00   3.0033815e+01   2.0070818e+01
  -4.9674285e+00   9.9682681e+00   3.0015537e+01   2.0022722e+01
  -5.0008945e+00   9.9607187e+00   3.0021277e+01   2.0032138e+01
  -5.0255262e+00   9.9567131e+00   2.9986949e+01   2.0001920e+01
  -5.0124195e+00   9.9283595e+00   3.0028835e+01   2.0057057e+01
  -4.9830873e+00   9.9853350e+00   3.0035342e+01   2.0063584e+01
  -4.9830873e+00   9.9853350e+00   3.0035342e+01   2.0063584e+01
  -4.9890614e+00   9.9713931e+00   2.9980697e+01   1.9985145e+01
  -4.9495503e+00   9.9915736e+00   3.0025337e+01   2.0040192e+01
  -4.9495503e+00   9.9915736e+00   3.0025337e+01   2.0040192e+01
  -4.9802351e+00   9.9775850e+00   3.0006494e+01   2.0005230e+01
  -4.9922655e+00   9.9954320e+00   3.0003847e+01   2.0000493e+01
  -4.9706014e+00   1.0019123e+01   3.0028321e+01   1.9997892e+01
  -5.0345031e+00   9.9423005e+00   3.0006486e+01   2.0019722e+01
  -5.0345031e+00   9.9423005e+00   3.0006486e+01   2.0019722e+01
  -5.0226902e+00   9.9754777e+00   3.0034306e+01   2.0026191e+01
  -5.0226902e+00   9.9754777e+00   3.0034306e+01   2.0026191e+01
  -5.0226902e+00   9.9754777e+00   3.0034306e+01   2.0026191e+01
  -5.0226902e+00   9.9754777e+00   3.0034306e+01   2.0026191e+01
  -5.0226902e+00   9.9754777e+00   3.0034306e+01   2.0026191e+01
  -5.0226902e+00   9.9754777e+00   3.0034306e+01   2.0026191e+01
  -5.0226902e+00   9.9754777e+00   3.0034306e+01   2.0026191e+01
  -5.0226902e+00   9.9754777e+00   3.0034306e+01   2.0026191e+01
  -5.0226902e+00   9.9754777e+00   3.0034306e+01   2.0026191e+01
  -5.0226902e+00   9.9754777e+00   3.0034306e+01   2.0026191e+01
  -5.0226902e+00   9.9754777e+00   3.0034306e+01   2.0026191e+01
  -5.0226902e+00   9.9754777e+00   3.0034306e+01   2.0026191e+01
  -5.0226902e+00   9.9754777e+00   3.0034306e+01   2.0026191e+01
  -5.0226902e+00   9.9754777e+00   3.0034306e+01   2.0026191e+01
  -5.0226902e+00   9.9754777e+00   3.0034306e+01   2.0026191e+01
  -5.0226902e+00   9.9754777e+00   3.0034306e+01   2.0026191e+01
  -5.0226902e+00   9.9754777e+00   3.0034306e+01   2.0026191e+01
  -5.0226902e+00   9.9754777e+00   3.0034306e+01   2.0026191e+01
  -5.0226902e+00   9.9754777e+00   3.0034306e+01   2.0026191e+01
  -5.0226902e+00   9.9754777e+00   3.0034306e+01   2.0026191e+01
  -5.0226902e+00   9.9754777e+00   3.0034306e+01   2.0026191e+01
  -5.0226902e+00   9.9754777e+00   3.0034306e+01   2.0026191e+01
  -5.0226902e+00   9.9754777e+00   3.0034306e+01   2.0026191e+01
  -5.0548647e+00   9.9796782e+00   3.0048324e+01   2.0045233e+01
  -5.0548647e+00   9.9796782e+00   3.0048324e+01   2.0045233e+01
  -5.0506663e+00   1.0013123e+01   3.0046525e+01   2.0012008e+01
