   3.7503659e+01  -9.0015522e+00   1.8744902e+01   4.7307056e+00
   3.7743387e+01  -9.2463866e+00   1.8362557e+01   4.7014716e+00
   3.8157605e+01  -9.1374367e+00   1.8446102e+01   4.9037484e+00
   3.8096791e+01  -9.2551866e+00   1.8403683e+01   5.2056548e+00
   3.8096791e+01  -9.2551866e+00   1.8403683e+01   5.2056548e+00
   3.7991830e+01  -9.2801126e+00   1.8820906e+01   5.3187111e+00
   3.7991830e+01  -9.2801126e+00   1.8820906e+01   5.3187111e+00
   3.8244131e+01  -8.9772072e+00   1.8882456e+01   5.1150875e+00
   3.8119462e+01  -8.9632359e+00   1.9032077e+01   5.2589675e+00
   3.8162003e+01  -8.9181478e+00   1.8972456e+01   5.0336977e+00
   3.8212892e+01  -9.1395782e+00   1.9023651e+01   4.8366458e+00
   3.8226280e+01  -9.2478838e+00   1.8705141e+01   5.0761132e+00
   3.8226280e+01  -9.2478838e+00   1.8705141e+01   5.0761132e+00
   3.8514772e+01  -9.1362293e+00   1.8096531e+01   5.1325814e+00
   3.8732373e+01  -9.1016504e+00   1.8265156e+01   5.3017357e+00
   3.8851521e+01  -9.4104102e+00   1.8330990e+01   5.3098285e+00
   3.8851521e+01  -9.4104102e+00   1.8330990e+01   5.3098285e+00
   3.8833305e+01  -9.3700803e+00   1.8378357e+01   5.6078085e+00
   3.8833305e+01  -9.3700803e+00   1.8378357e+01   5.6078085e+00
   3.8617313e+01  -9.3943041e+00   1.8298902e+01   5.7999541e+00
   3.8729464e+01  -9.5179684e+00   1.8363612e+01   6.0726743e+00
   3.8998926e+01  -9.6029564e+00   1.8142992e+01   6.2484261e+00
   3.8998926e+01  -9.6029564e+00   1.8142992e+01   6.2484261e+00
   3.9167858e+01  -9.2767193e+00   1.8228110e+01   5.9550842e+00
   3.9257973e+01  -9.0397501e+00   1.8437431e+01   6.0423961e+00
   3.9579319e+01  -8.6826483e+00   1.8486952e+01   6.3552631e+00
   3.9752343e+01  -8.4289587e+00   1.8149608e+01   6.4182002e+00
   3.9752343e+01  -8.4289587e+00   1.8149608e+01   6.4182002e+00
   3.9703597e+01  -7.9962543e+00   1.8089026e+01   6.4361696e+00
   3.9703597e+01  -7.9962543e+00   1.8089026e+01   6.4361696e+00
   3.9493968e+01  -8.0049068e+00   1.8046577e+01   6.5513960e+00
   3.9390859e+01  -7.7259629e+00   1.8238796e+01   6.6080742e+00
   3.9260274e+01  -8.1710873e+00   1.8062129e+01   6.9939104e+00
   3.9303581e+01  -8.2454078e+00   1.8279348e+01   7.0669082e+00
   3.9089263e+01  -8.1257137e+00   1.8251385e+01   6.8708355e+00
   3.9219060e+01  -8.0174242e+00   1.8354719e+01   6.8851685e+00
   3.8889174e+01  -8.0615342e+00   1.8465163e+01   7.2805500e+00
   3.9018260e+01  -8.5120987e+00   1.8476944e+01   7.2574851e+00
   3.8803630e+01  -8.1689636e+00   1.8332866e+01   7.3544427e+00
   3.8803630e+01  -8.1689636e+00   1.8332866e+01   7.3544427e+00
   3.8803630e+01  -8.1689636e+00   1.8332866e+01   7.3544427e+00
   3.8601728e+01  -8.0149530e+00   1.8392936e+01   7.4807369e+00
   3.8446063e+01  -7.8800784e+00   1.8219433e+01   7.3840595e+00
   3.8314064e+01  -8.0684091e+00   1.8192704e+01   7.4847282e+00
   3.8430725e+01  -7.8815375e+00   1.7689525e+01   7.2429735e+00
   3.8430725e+01  -7.8815375e+00   1.7689525e+01   7.2429735e+00
   3.8408608e+01  -7.3847674e+00   1.7734273e+01   7.1314417e+00
   3.8408608e+01  -7.3847674e+00   1.7734273e+01   7.1314417e+00
   3.8338480e+01  -7.5694836e+00   1.7453889e+01   7.1586184e+00
   2.9756706e+01   1.0022910e+01  -4.3193809e+00   1.9722485e+01
   2.9976991e+01   1.0014205e+01  -5.0589863e+00   1.9978085e+01
   2.9995462e+01   1.0047875e+01  -5.0164898e+00   2.0009372e+01
   2.9995462e+01   1.0047875e+01  -5.0164898e+00   2.0009372e+01
   2.9978155e+01   1.0019093e+01  -4.9938991e+00   1.9979669e+01
   2.9978517e+01   1.0050890e+01  -4.9895243e+00   1.9989620e+01
   3.0008416e+01   1.0055474e+01  -5.0057394e+00   2.0038831e+01
   3.0008416e+01   1.0055474e+01  -5.0057394e+00   2.0038831e+01
   3.0010665e+01   1.0007449e+01  -4.9637805e+00   2.0006553e+01
   2.9959767e+01   1.0000873e+01  -5.0215048e+00   1.9969765e+01
   2.9959767e+01   1.0000873e+01  -5.0215048e+00   1.9969765e+01
   2.9959767e+01   1.0000873e+01  -5.0215048e+00   1.9969765e+01
   2.9959767e+01   1.0000873e+01  -5.0215048e+00   1.9969765e+01
   2.9982637e+01   9.9924697e+00  -4.9795292e+00   1.9974046e+01
   2.9977766e+01   9.9874676e+00  -5.0473936e+00   1.9979040e+01
   2.9991920e+01   9.9924498e+00  -5.0151707e+00   2.0005476e+01
   2.9966090e+01   9.9891016e+00  -5.0060959e+00   1.9958696e+01
   2.9998354e+01   1.0014972e+01  -5.0044931e+00   1.9983384e+01
   2.9998354e+01   1.0014972e+01  -5.0044931e+00   1.9983384e+01
   2.9985745e+01   9.9818408e+00  -5.0365938e+00   2.0012282e+01
   2.9985745e+01   9.9818408e+00  -5.0365938e+00   2.0012282e+01
   2.9985745e+01   9.9818408e+00  -5.0365938e+00   2.0012282e+01
   2.9983179e+01   9.9982496e+00  -5.0093816e+00   1.9982132e+01
   2.9983179e+01   9.9982496e+00  -5.0093816e+00   1.9982132e+01
   2.9983179e+01   9.9982496e+00  -5.0093816e+00   1.9982132e+01
   3.0023168e+01   9.9836069e+00  -4.9803286e+00   2.0032494e+01
   2.9994780e+01   1.0007074e+01  -5.0206238e+00   1.9996469e+01
   3.0010883e+01   9.9818747e+00  -5.0121290e+00   2.0011766e+01
   2.9994475e+01   1.0026078e+01  -5.0021769e+00   2.0013304e+01
   3.0035789e+01   1.0001731e+01  -4.9526938e+00   2.0016367e+01
   3.0035789e+01   1.0001731e+01  -4.9526938e+00   2.0016367e+01
   3.0035789e+01   1.0001731e+01  -4.9526938e+00   2.0016367e+01
   3.0035789e+01   1.0001731e+01  -4.9526938e+00   2.0016367e+01
   3.0035789e+01   1.0001731e+01  -4.9526938e+00   2.0016367e+01
   3.0035789e+01   1.0001731e+01  -4.9526938e+00   2.0016367e+01
   3.0022621e+01   9.9940195e+00  -4.9293238e+00   2.0010380e+01
   3.0022621e+01   9.9940195e+00  -4.9293238e+00   2.0010380e+01
   3.0022621e+01   9.9940195e+00  -4.9293238e+00   2.0010380e+01
   3.0022621e+01   9.9940195e+00  -4.9293238e+00   2.0010380e+01
   3.0022621e+01   9.9940195e+00  -4.9293238e+00   2.0010380e+01
   3.0022621e+01   9.9940195e+00  -4.9293238e+00   2.0010380e+01
   3.0022621e+01   9.9940195e+00  -4.9293238e+00   2.0010380e+01
   3.0022621e+01   9.9940195e+00  -4.9293238e+00   2.0010380e+01
   2.9982336e+01   9.9789867e+00  -4.9577235e+00   1.9989117e+01
   2.9982336e+01   9.9789867e+00  -4.9577235e+00   1.9989117e+01
   2.9982336e+01   9.9789867e+00  -4.9577235e+00   1.9989117e+01
   2.9982336e+01   9.9789867e+00  -4.9577235e+00   1.9989117e+01
   2.9953276e+01   9.9363377e+00  -5.0034464e+00   1.9966752e+01
   2.9953276e+01   9.9363377e+00  -5.0034464e+00   1.9966752e+01
   2.9953276e+01   9.9363377e+00  -5.0034464e+00   1.9966752e+01
   2.9953276e+01   9.9363377e+00  -5.0034464e+00   1.9966752e+01
