  -1.6685700e+01  -5.0197399e+00   1.0184739e+01   2.2787056e+01
  -1.6685700e+01  -5.0197399e+00   1.0184739e+01   2.2787056e+01
  -1.6685700e+01  -5.0197399e+00   1.0184739e+01   2.2787056e+01
  -1.6583568e+01  -5.1321438e+00   1.0166273e+01   2.2692959e+01
  -1.6625815e+01  -5.1959259e+00   1.0226490e+01   2.2401853e+01
  -1.6838429e+01  -5.2938337e+00   1.0238539e+01   2.2387617e+01
  -1.6838429e+01  -5.2938337e+00   1.0238539e+01   2.2387617e+01
  -1.6916627e+01  -5.2670963e+00   1.0200182e+01   2.2406948e+01
  -1.6916627e+01  -5.2670963e+00   1.0200182e+01   2.2406948e+01
  -1.6724760e+01  -5.1269810e+00   1.0362621e+01   2.2770035e+01
  -1.6849631e+01  -5.1023863e+00   1.0457810e+01   2.2474078e+01
  -1.6865825e+01  -4.9859421e+00   1.0234486e+01   2.2455009e+01
  -1.6799912e+01  -4.9952122e+00   1.0039936e+01   2.2368051e+01
  -1.6799912e+01  -4.9952122e+00   1.0039936e+01   2.2368051e+01
  -1.6887644e+01  -4.9033948e+00   9.9773276e+00   2.2273567e+01
  -1.6637371e+01  -4.9295086e+00   9.9058256e+00   2.2208743e+01
  -1.6622768e+01  -5.1729020e+00   9.6053562e+00   2.2045748e+01
  -1.6622768e+01  -5.1729020e+00   9.6053562e+00   2.2045748e+01
  -1.6417835e+01  -5.4548621e+00   9.3465511e+00   2.1999491e+01
  -1.6252959e+01  -5.7338551e+00   9.4815463e+00   2.2038712e+01
  -1.6252959e+01  -5.7338551e+00   9.4815463e+00   2.2038712e+01
  -1.6026070e+01  -5.7520289e+00   9.3687305e+00   2.2164091e+01
  -1.6026070e+01  -5.7520289e+00   9.3687305e+00   2.2164091e+01
  -1.6026070e+01  -5.7520289e+00   9.3687305e+00   2.2164091e+01
  -1.6175530e+01  -5.7799012e+00   9.0894536e+00   2.1991281e+01
  -1.6175530e+01  -5.7799012e+00   9.0894536e+00   2.1991281e+01
  -1.6175530e+01  -5.7799012e+00   9.0894536e+00   2.1991281e+01
  -1.6175530e+01  -5.7799012e+00   9.0894536e+00   2.1991281e+01
  -1.6008302e+01  -5.8663556e+00   9.3436755e+00   2.2089222e+01
  -1.5856833e+01  -5.9655636e+00   9.2751691e+00   2.1872860e+01
  -1.5856833e+01  -5.9655636e+00   9.2751691e+00   2.1872860e+01
  -1.5856833e+01  -5.9655636e+00   9.2751691e+00   2.1872860e+01
  -1.6156473e+01  -6.1347216e+00   9.4687225e+00   2.1743083e+01
  -1.6156473e+01  -6.1347216e+00   9.4687225e+00   2.1743083e+01
  -1.6170626e+01  -5.9993372e+00   9.6919021e+00   2.1882432e+01
  -1.6186023e+01  -6.1810487e+00   9.4650989e+00   2.2043412e+01
  -1.6186023e+01  -6.1810487e+00   9.4650989e+00   2.2043412e+01
  -1.6339975e+01  -6.1914310e+00   9.3929139e+00   2.2321641e+01
  -1.6482656e+01  -6.5172177e+00   9.5963157e+00   2.2366547e+01
  -1.6352434e+01  -6.6643409e+00   9.7397084e+00   2.2172477e+01
  -1.6299761e+01  -6.7768678e+00   9.8585722e+00   2.2220659e+01
  -1.6226956e+01  -6.6598792e+00   9.7776924e+00   2.2073845e+01
  -1.6344215e+01  -6.6573581e+00   9.7411183e+00   2.2072708e+01
  -1.6344215e+01  -6.6573581e+00   9.7411183e+00   2.2072708e+01
  -1.6344215e+01  -6.6573581e+00   9.7411183e+00   2.2072708e+01
  -1.6344215e+01  -6.6573581e+00   9.7411183e+00   2.2072708e+01
  -1.6344215e+01  -6.6573581e+00   9.7411183e+00   2.2072708e+01
  -1.6344215e+01  -6.6573581e+00   9.7411183e+00   2.2072708e+01
  -1.5966093e+01  -6.6838404e+00   9.6450390e+00   2.2148024e+01
  -4.2244570e+00   1.0199854e+01   9.6306054e+00   2.1954528e+01
  -4.9533392e+00   9.8409755e+00   9.7852020e+00   2.0133845e+01
  -4.9533392e+00   9.8409755e+00   9.7852020e+00   2.0133845e+01
  -4.9533392e+00   9.8409755e+00   9.7852020e+00   2.0133845e+01
  -4.9533392e+00   9.8409755e+00   9.7852020e+00   2.0133845e+01
  -4.9533392e+00   9.8409755e+00   9.7852020e+00   2.0133845e+01
  -4.9810507e+00   9.9433140e+00   9.9410236e+00   2.0038632e+01
  -4.9810507e+00   9.9433140e+00   9.9410236e+00   2.0038632e+01
  -5.0146280e+00   9.9453926e+00   9.9965408e+00   2.0090824e+01
  -5.0146280e+00   9.9453926e+00   9.9965408e+00   2.0090824e+01
  -5.0570521e+00   9.9245068e+00   9.9994878e+00   1.9997561e+01
  -5.0299473e+00   9.9077649e+00   1.0015284e+01   2.0095565e+01
  -4.9999951e+00   9.9942990e+00   9.9993554e+00   2.0021218e+01
  -4.9999951e+00   9.9942990e+00   9.9993554e+00   2.0021218e+01
  -5.0473566e+00   9.9395568e+00   1.0018328e+01   2.0032056e+01
  -5.0473566e+00   9.9395568e+00   1.0018328e+01   2.0032056e+01
  -5.0473566e+00   9.9395568e+00   1.0018328e+01   2.0032056e+01
  -5.0473566e+00   9.9395568e+00   1.0018328e+01   2.0032056e+01
  -5.0473566e+00   9.9395568e+00   1.0018328e+01   2.0032056e+01
  -4.9818908e+00   9.9922381e+00   9.9938724e+00   1.9965321e+01
  -5.0361494e+00   9.9525773e+00   9.9844687e+00   2.0059178e+01
  -4.9685583e+00   1.0002081e+01   1.0046626e+01   2.0012448e+01
  -4.9685583e+00   1.0002081e+01   1.0046626e+01   2.0012448e+01
  -5.0268831e+00   1.0001346e+01   1.0009317e+01   2.0026565e+01
  -5.0268831e+00   1.0001346e+01   1.0009317e+01   2.0026565e+01
  -4.9396935e+00   1.0020167e+01   9.9521879e+00   1.9979248e+01
  -4.9644499e+00   1.0030919e+01   9.9101108e+00   1.9948408e+01
  -4.9507545e+00   1.0055936e+01   9.9307666e+00   1.9888105e+01
  -5.0056776e+00   9.9555997e+00   1.0039119e+01   2.0059246e+01
  -5.0056776e+00   9.9555997e+00   1.0039119e+01   2.0059246e+01
  -5.0056776e+00   9.9555997e+00   1.0039119e+01   2.0059246e+01
  -5.0056776e+00   9.9555997e+00   1.0039119e+01   2.0059246e+01
  -5.0056776e+00   9.9555997e+00   1.0039119e+01   2.0059246e+01
  -5.0056776e+00   9.9555997e+00   1.0039119e+01   2.0059246e+01
  -5.0056776e+00   9.9555997e+00   1.0039119e+01   2.0059246e+01
  -5.0056776e+00   9.9555997e+00   1.0039119e+01   2.0059246e+01
  -5.0056776e+00   9.9555997e+00   1.0039119e+01   2.0059246e+01
  -5.0056776e+00   9.9555997e+00   1.0039119e+01   2.0059246e+01
  -5.0056776e+00   9.9555997e+00   1.0039119e+01   2.0059246e+01
  -5.0056776e+00   9.9555997e+00   1.0039119e+01   2.0059246e+01
  -5.0056776e+00   9.9555997e+00   1.0039119e+01   2.0059246e+01
  -5.0056776e+00   9.9555997e+00   1.0039119e+01   2.0059246e+01
  -5.0056776e+00   9.9555997e+00   1.0039119e+01   2.0059246e+01
  -5.0033910e+00   1.0034243e+01   1.0111378e+01   2.0094663e+01
  -5.0033910e+00   1.0034243e+01   1.0111378e+01   2.0094663e+01
  -5.0033910e+00   1.0034243e+01   1.0111378e+01   2.0094663e+01
  -5.0033910e+00   1.0034243e+01   1.0111378e+01   2.0094663e+01
  -5.0033910e+00   1.0034243e+01   1.0111378e+01   2.0094663e+01
  -5.0033910e+00   1.0034243e+01   1.0111378e+01   2.0094663e+01
  -5.0033910e+00   1.0034243e+01   1.0111378e+01   2.0094663e+01
  -5.0033910e+00   1.0034243e+01   1.0111378e+01   2.0094663e+01
