  -1.4656961e+01   4.8814349e+01   2.3831005e+01  -1.5052267e+01
  -1.4544180e+01   4.8128401e+01   2.3704086e+01  -1.5354615e+01
  -1.4496633e+01   4.8219687e+01   2.3668835e+01  -1.5181458e+01
  -1.4496633e+01   4.8219687e+01   2.3668835e+01  -1.5181458e+01
  -1.4496633e+01   4.8219687e+01   2.3668835e+01  -1.5181458e+01
  -1.4380748e+01   4.8236635e+01   2.3799342e+01  -1.5107115e+01
  -1.4210301e+01   4.8168502e+01   2.4104816e+01  -1.4861950e+01
  -1.4210301e+01   4.8168502e+01   2.4104816e+01  -1.4861950e+01
  -1.4207999e+01   4.8212482e+01   2.3898531e+01  -1.4832268e+01
  -1.4207999e+01   4.8212482e+01   2.3898531e+01  -1.4832268e+01
  -1.4355724e+01   4.7885735e+01   2.4024098e+01  -1.5199688e+01
  -1.4628002e+01   4.7784394e+01   2.4088848e+01  -1.5455792e+01
  -1.4628002e+01   4.7784394e+01   2.4088848e+01  -1.5455792e+01
  -1.4580672e+01   4.7754876e+01   2.4217751e+01  -1.5530551e+01
  -1.4394370e+01   4.7643456e+01   2.4254552e+01  -1.5568117e+01
  -1.4394370e+01   4.7643456e+01   2.4254552e+01  -1.5568117e+01
  -1.4586264e+01   4.7973687e+01   2.4726229e+01  -1.5302859e+01
  -1.4560261e+01   4.7996858e+01   2.4641550e+01  -1.5486552e+01
  -1.4410057e+01   4.7963543e+01   2.4631103e+01  -1.5653928e+01
  -1.4714705e+01   4.7864250e+01   2.4428566e+01  -1.5492367e+01
  -1.4694319e+01   4.7591280e+01   2.4118145e+01  -1.5236351e+01
  -1.4694319e+01   4.7591280e+01   2.4118145e+01  -1.5236351e+01
  -1.4694319e+01   4.7591280e+01   2.4118145e+01  -1.5236351e+01
  -1.4676603e+01   4.7482789e+01   2.4401846e+01  -1.4998571e+01
  -1.4805500e+01   4.7522882e+01   2.4492413e+01  -1.4851475e+01
  -1.4805988e+01   4.7785654e+01   2.4567242e+01  -1.4464545e+01
  -1.4805988e+01   4.7785654e+01   2.4567242e+01  -1.4464545e+01
  -1.4784854e+01   4.7596635e+01   2.4853069e+01  -1.4516250e+01
  -1.5031098e+01   4.7439026e+01   2.5280476e+01  -1.3930044e+01
  -1.4973159e+01   4.7656497e+01   2.5438015e+01  -1.3853851e+01
  -1.5304046e+01   4.7696406e+01   2.5334629e+01  -1.3562082e+01
  -1.5381455e+01   4.7317183e+01   2.4868436e+01  -1.3536169e+01
  -1.5387632e+01   4.7501344e+01   2.4463229e+01  -1.3790176e+01
  -1.5780950e+01   4.7665700e+01   2.4085759e+01  -1.3684008e+01
  -1.5648465e+01   4.7615903e+01   2.4091926e+01  -1.3761032e+01
  -1.5509463e+01   4.7604092e+01   2.3736458e+01  -1.3883398e+01
  -1.5509463e+01   4.7604092e+01   2.3736458e+01  -1.3883398e+01
  -1.5373963e+01   4.7571977e+01   2.3896705e+01  -1.3686177e+01
  -1.5206449e+01   4.7741271e+01   2.4136512e+01  -1.3200823e+01
  -1.5206449e+01   4.7741271e+01   2.4136512e+01  -1.3200823e+01
  -1.5046887e+01   4.7672114e+01   2.3810355e+01  -1.3530225e+01
  -1.4694755e+01   4.7755621e+01   2.3769825e+01  -1.3648965e+01
  -1.4694755e+01   4.7755621e+01   2.3769825e+01  -1.3648965e+01
  -1.4694755e+01   4.7755621e+01   2.3769825e+01  -1.3648965e+01
  -1.4694755e+01   4.7755621e+01   2.3769825e+01  -1.3648965e+01
  -1.4883454e+01   4.7799328e+01   2.3684859e+01  -1.3653687e+01
  -1.4692598e+01   4.7692862e+01   2.3208296e+01  -1.3253057e+01
  -1.4499847e+01   4.7701502e+01   2.3201880e+01  -1.3312629e+01
  -1.4643833e+01   4.7754192e+01   2.2931081e+01  -1.3202501e+01
  -4.5257810e+00   2.0061419e+01   1.0405888e+01   9.9351123e+00
  -5.0070533e+00   1.9930983e+01   1.0061107e+01   9.9180304e+00
  -5.0070533e+00   1.9930983e+01   1.0061107e+01   9.9180304e+00
  -5.0070533e+00   1.9930983e+01   1.0061107e+01   9.9180304e+00
  -5.0070533e+00   1.9930983e+01   1.0061107e+01   9.9180304e+00
  -5.0070533e+00   1.9930983e+01   1.0061107e+01   9.9180304e+00
  -5.0070533e+00   1.9930983e+01   1.0061107e+01   9.9180304e+00
  -5.0070533e+00   1.9930983e+01   1.0061107e+01   9.9180304e+00
  -5.2151368e+00   2.0121618e+01   1.0284192e+01   9.8947964e+00
  -5.2151368e+00   2.0121618e+01   1.0284192e+01   9.8947964e+00
  -5.2151368e+00   2.0121618e+01   1.0284192e+01   9.8947964e+00
  -5.2151368e+00   2.0121618e+01   1.0284192e+01   9.8947964e+00
  -5.2151368e+00   2.0121618e+01   1.0284192e+01   9.8947964e+00
  -5.2151368e+00   2.0121618e+01   1.0284192e+01   9.8947964e+00
  -5.2151368e+00   2.0121618e+01   1.0284192e+01   9.8947964e+00
  -5.2151368e+00   2.0121618e+01   1.0284192e+01   9.8947964e+00
  -5.2151368e+00   2.0121618e+01   1.0284192e+01   9.8947964e+00
  -5.2151368e+00   2.0121618e+01   1.0284192e+01   9.8947964e+00
  -5.0191772e+00   1.9936033e+01   1.0131395e+01   1.0060619e+01
  -5.0191772e+00   1.9936033e+01   1.0131395e+01   1.0060619e+01
  -4.9599769e+00   1.9961350e+01   1.0063807e+01   1.0010649e+01
  -4.9599769e+00   1.9961350e+01   1.0063807e+01   1.0010649e+01
  -4.9599769e+00   1.9961350e+01   1.0063807e+01   1.0010649e+01
  -4.9599769e+00   1.9961350e+01   1.0063807e+01   1.0010649e+01
  -4.9599769e+00   1.9961350e+01   1.0063807e+01   1.0010649e+01
  -4.9599769e+00   1.9961350e+01   1.0063807e+01   1.0010649e+01
  -4.9599769e+00   1.9961350e+01   1.0063807e+01   1.0010649e+01
  -4.9923857e+00   2.0045626e+01   9.9464660e+00   9.8834096e+00
  -4.9923857e+00   2.0045626e+01   9.9464660e+00   9.8834096e+00
  -4.9923857e+00   2.0045626e+01   9.9464660e+00   9.8834096e+00
  -4.9923857e+00   2.0045626e+01   9.9464660e+00   9.8834096e+00
  -4.9923857e+00   2.0045626e+01   9.9464660e+00   9.8834096e+00
  -4.9923857e+00   2.0045626e+01   9.9464660e+00   9.8834096e+00
  -4.9923857e+00   2.0045626e+01   9.9464660e+00   9.8834096e+00
  -4.9923857e+00   2.0045626e+01   9.9464660e+00   9.8834096e+00
  -4.9923857e+00   2.0045626e+01   9.9464660e+00   9.8834096e+00
  -4.9923857e+00   2.0045626e+01   9.9464660e+00   9.8834096e+00
  -4.9923857e+00   2.0045626e+01   9.9464660e+00   9.8834096e+00
  -5.0302216e+00   2.0047178e+01   9.9517912e+00   9.9567885e+00
  -5.0302216e+00   2.0047178e+01   9.9517912e+00   9.9567885e+00
  -5.0302216e+00   2.0047178e+01   9.9517912e+00   9.9567885e+00
  -5.0639558e+00   2.0065033e+01   9.8055936e+00   9.9357263e+00
  -5.0639558e+00   2.0065033e+01   9.8055936e+00   9.9357263e+00
  -5.0639558e+00   2.0065033e+01   9.8055936e+00   9.9357263e+00
  -5.0639558e+00   2.0065033e+01   9.8055936e+00   9.9357263e+00
  -5.0639558e+00   2.0065033e+01   9.8055936e+00   9.9357263e+00
  -5.0639558e+00   2.0065033e+01   9.8055936e+00   9.9357263e+00
  -5.0082392e+00   2.0078979e+01   9.8876011e+00   9.9563707e+00
  -5.0082392e+00   2.0078979e+01   9.8876011e+00   9.9563707e+00
  -5.0082392e+00   2.0078979e+01   9.8876011e+00   9.9563707e+00
  -5.0082392e+00   2.0078979e+01   9.8876011e+00   9.9563707e+00
