  -1.1783550e+01   4.1920999e+01  -2.3978931e+01  -6.0818370e+00
  -1.1783550e+01   4.1920999e+01  -2.3978931e+01  -6.0818370e+00
  -1.1783550e+01   4.1920999e+01  -2.3978931e+01  -6.0818370e+00
  -1.1811975e+01   4.1480917e+01  -2.4123531e+01  -5.9189032e+00
  -1.1856182e+01   4.1320366e+01  -2.4129122e+01  -5.7162165e+00
  -1.1856182e+01   4.1320366e+01  -2.4129122e+01  -5.7162165e+00
  -1.1975692e+01   4.1122401e+01  -2.3678293e+01  -6.0079938e+00
  -1.1975692e+01   4.1122401e+01  -2.3678293e+01  -6.0079938e+00
  -1.1566525e+01   4.1146521e+01  -2.3891248e+01  -5.8525624e+00
  -1.1756263e+01   4.1265110e+01  -2.3796467e+01  -5.7794695e+00
  -1.1756263e+01   4.1265110e+01  -2.3796467e+01  -5.7794695e+00
  -1.1709510e+01   4.1259762e+01  -2.3840653e+01  -5.6861121e+00
  -1.1904850e+01   4.1081417e+01  -2.3845871e+01  -5.5255032e+00
  -1.1503675e+01   4.1366479e+01  -2.3639894e+01  -5.4173609e+00
  -1.1503675e+01   4.1366479e+01  -2.3639894e+01  -5.4173609e+00
  -1.1503675e+01   4.1366479e+01  -2.3639894e+01  -5.4173609e+00
  -1.1401501e+01   4.1369921e+01  -2.3525349e+01  -5.6016942e+00
  -1.1613752e+01   4.1444995e+01  -2.3311715e+01  -5.4524380e+00
  -1.1526340e+01   4.1068509e+01  -2.3463316e+01  -5.2018852e+00
  -1.1526340e+01   4.1068509e+01  -2.3463316e+01  -5.2018852e+00
  -1.1178581e+01   4.1085504e+01  -2.3485506e+01  -5.0738827e+00
  -1.1133364e+01   4.1015715e+01  -2.3350961e+01  -5.2626049e+00
  -1.1133364e+01   4.1015715e+01  -2.3350961e+01  -5.2626049e+00
  -1.1427168e+01   4.0847384e+01  -2.3232025e+01  -5.0696081e+00
  -1.1187643e+01   4.0939287e+01  -2.3181582e+01  -5.2198636e+00
  -1.1202290e+01   4.1185235e+01  -2.2837970e+01  -5.5135610e+00
  -1.1323606e+01   4.1037407e+01  -2.2535317e+01  -5.7738596e+00
  -1.1361592e+01   4.1652928e+01  -2.2482857e+01  -5.5517352e+00
  -1.1363125e+01   4.1373639e+01  -2.2412412e+01  -5.6522804e+00
  -1.1363125e+01   4.1373639e+01  -2.2412412e+01  -5.6522804e+00
  -1.1363125e+01   4.1373639e+01  -2.2412412e+01  -5.6522804e+00
  -1.1546091e+01   4.1208779e+01  -2.2309737e+01  -5.8790559e+00
  -1.1546091e+01   4.1208779e+01  -2.2309737e+01  -5.8790559e+00
  -1.1423802e+01   4.1433334e+01  -2.2225461e+01  -5.5938599e+00
  -1.1423802e+01   4.1433334e+01  -2.2225461e+01  -5.5938599e+00
  -1.1070507e+01   4.1609703e+01  -2.2158110e+01  -5.5469462e+00
  -1.0995606e+01   4.1338495e+01  -2.2202616e+01  -5.1475151e+00
  -1.0995606e+01   4.1338495e+01  -2.2202616e+01  -5.1475151e+00
  -1.1140293e+01   4.1510748e+01  -2.2452815e+01  -5.0598137e+00
  -1.1140293e+01   4.1510748e+01  -2.2452815e+01  -5.0598137e+00
  -1.1266818e+01   4.1237171e+01  -2.1899944e+01  -4.9607555e+00
  -1.1042090e+01   4.1211974e+01  -2.1764595e+01  -4.9664307e+00
  -1.0739397e+01   4.1039090e+01  -2.1691795e+01  -5.1896196e+00
  -1.0611656e+01   4.0648773e+01  -2.1288256e+01  -5.2549515e+00
  -1.0671357e+01   4.0331393e+01  -2.1083343e+01  -5.0138290e+00
  -1.0671357e+01   4.0331393e+01  -2.1083343e+01  -5.0138290e+00
  -1.0671357e+01   4.0331393e+01  -2.1083343e+01  -5.0138290e+00
  -1.0671357e+01   4.0331393e+01  -2.1083343e+01  -5.0138290e+00
  -1.0210336e+01   4.0372504e+01  -2.1164740e+01  -5.1327410e+00
   8.8329258e+00   1.8164413e+01  -5.3940369e+00   1.1939195e+01
   1.0047585e+01   1.7575321e+01  -4.9640004e+00   1.2497931e+01
   1.0113607e+01   1.7866763e+01  -5.1376139e+00   1.2093154e+01
   9.9377257e+00   1.8127736e+01  -4.9274329e+00   1.1875821e+01
   9.7618847e+00   1.8670243e+01  -4.7667650e+00   1.1358155e+01
   9.7618847e+00   1.8670243e+01  -4.7667650e+00   1.1358155e+01
   9.7618847e+00   1.8670243e+01  -4.7667650e+00   1.1358155e+01
   9.7618847e+00   1.8670243e+01  -4.7667650e+00   1.1358155e+01
   9.7618847e+00   1.8670243e+01  -4.7667650e+00   1.1358155e+01
   9.5259314e+00   1.9478467e+01  -4.5428061e+00   1.0563139e+01
   9.5259314e+00   1.9478467e+01  -4.5428061e+00   1.0563139e+01
   9.5259314e+00   1.9478467e+01  -4.5428061e+00   1.0563139e+01
   9.5259314e+00   1.9478467e+01  -4.5428061e+00   1.0563139e+01
   9.5259314e+00   1.9478467e+01  -4.5428061e+00   1.0563139e+01
   9.5259314e+00   1.9478467e+01  -4.5428061e+00   1.0563139e+01
   9.5259314e+00   1.9478467e+01  -4.5428061e+00   1.0563139e+01
   9.5259314e+00   1.9478467e+01  -4.5428061e+00   1.0563139e+01
   9.5259314e+00   1.9478467e+01  -4.5428061e+00   1.0563139e+01
   9.5259314e+00   1.9478467e+01  -4.5428061e+00   1.0563139e+01
   9.5259314e+00   1.9478467e+01  -4.5428061e+00   1.0563139e+01
   9.5259314e+00   1.9478467e+01  -4.5428061e+00   1.0563139e+01
   9.5259314e+00   1.9478467e+01  -4.5428061e+00   1.0563139e+01
   9.5259314e+00   1.9478467e+01  -4.5428061e+00   1.0563139e+01
   9.5259314e+00   1.9478467e+01  -4.5428061e+00   1.0563139e+01
   9.5259314e+00   1.9478467e+01  -4.5428061e+00   1.0563139e+01
   9.6682880e+00   1.9541597e+01  -4.7450601e+00   1.0529289e+01
   9.6682880e+00   1.9541597e+01  -4.7450601e+00   1.0529289e+01
   9.6682880e+00   1.9541597e+01  -4.7450601e+00   1.0529289e+01
   9.6682880e+00   1.9541597e+01  -4.7450601e+00   1.0529289e+01
   9.6682880e+00   1.9541597e+01  -4.7450601e+00   1.0529289e+01
   9.6682880e+00   1.9541597e+01  -4.7450601e+00   1.0529289e+01
   9.6723503e+00   1.9063932e+01  -4.7716966e+00   1.0990314e+01
   9.6723503e+00   1.9063932e+01  -4.7716966e+00   1.0990314e+01
   9.6723503e+00   1.9063932e+01  -4.7716966e+00   1.0990314e+01
   9.6723503e+00   1.9063932e+01  -4.7716966e+00   1.0990314e+01
   9.6723503e+00   1.9063932e+01  -4.7716966e+00   1.0990314e+01
   9.6723503e+00   1.9063932e+01  -4.7716966e+00   1.0990314e+01
   9.6723503e+00   1.9063932e+01  -4.7716966e+00   1.0990314e+01
   9.6723503e+00   1.9063932e+01  -4.7716966e+00   1.0990314e+01
   9.6723503e+00   1.9063932e+01  -4.7716966e+00   1.0990314e+01
   9.6723503e+00   1.9063932e+01  -4.7716966e+00   1.0990314e+01
   9.6723503e+00   1.9063932e+01  -4.7716966e+00   1.0990314e+01
   9.6723503e+00   1.9063932e+01  -4.7716966e+00   1.0990314e+01
   9.6723503e+00   1.9063932e+01  -4.7716966e+00   1.0990314e+01
   9.6723503e+00   1.9063932e+01  -4.7716966e+00   1.0990314e+01
   9.6723503e+00   1.9063932e+01  -4.7716966e+00   1.0990314e+01
   9.6723503e+00   1.9063932e+01  -4.7716966e+00   1.0990314e+01
   9.5832456e+00   1.9794175e+01  -4.7109868e+00   1.0259297e+01
   9.5832456e+00   1.9794175e+01  -4.7109868e+00   1.0259297e+01
   9.5832456e+00   1.9794175e+01  -4.7109868e+00   1.0259297e+01
   9.5832456e+00   1.9794175e+01  -4.7109868e+00   1.0259297e+01
