   3.3210415e+01  -8.6325519e+00   2.5465009e+01  -2.3599095e+01
   3.3210415e+01  -8.6325519e+00   2.5465009e+01  -2.3599095e+01
   3.3337931e+01  -8.5307144e+00   2.5642269e+01  -2.3597332e+01
   3.3337931e+01  -8.5307144e+00   2.5642269e+01  -2.3597332e+01
   3.3316912e+01  -8.3764929e+00   2.5181522e+01  -2.3724348e+01
   3.3316912e+01  -8.3764929e+00   2.5181522e+01  -2.3724348e+01
   3.3316912e+01  -8.3764929e+00   2.5181522e+01  -2.3724348e+01
   3.3316912e+01  -8.3764929e+00   2.5181522e+01  -2.3724348e+01
   3.3313023e+01  -8.4522120e+00   2.5068345e+01  -2.3857950e+01
   3.3334526e+01  -8.6550284e+00   2.4876331e+01  -2.3716585e+01
   3.3376896e+01  -8.6365276e+00   2.4585986e+01  -2.3971185e+01
   3.3077214e+01  -8.5264569e+00   2.4398712e+01  -2.4261936e+01
   3.3077214e+01  -8.5264569e+00   2.4398712e+01  -2.4261936e+01
   3.3077214e+01  -8.5264569e+00   2.4398712e+01  -2.4261936e+01
   3.2992084e+01  -8.1626346e+00   2.4444643e+01  -2.4485044e+01
   3.2927076e+01  -8.2874525e+00   2.4370725e+01  -2.4584434e+01
   3.2927076e+01  -8.2874525e+00   2.4370725e+01  -2.4584434e+01
   3.2927076e+01  -8.2874525e+00   2.4370725e+01  -2.4584434e+01
   3.2807584e+01  -8.3996307e+00   2.4139202e+01  -2.4121112e+01
   3.2403865e+01  -8.4744812e+00   2.4025821e+01  -2.4196839e+01
   3.2182876e+01  -8.6585532e+00   2.3720715e+01  -2.4044825e+01
   3.1995540e+01  -8.5411690e+00   2.3861121e+01  -2.4167548e+01
   3.2170205e+01  -8.1561963e+00   2.3986125e+01  -2.4228389e+01
   3.2123462e+01  -8.2256361e+00   2.3959127e+01  -2.4210820e+01
   3.2123462e+01  -8.2256361e+00   2.3959127e+01  -2.4210820e+01
   3.2123462e+01  -8.2256361e+00   2.3959127e+01  -2.4210820e+01
   3.2123462e+01  -8.2256361e+00   2.3959127e+01  -2.4210820e+01
   3.2123462e+01  -8.2256361e+00   2.3959127e+01  -2.4210820e+01
   3.2123462e+01  -8.2256361e+00   2.3959127e+01  -2.4210820e+01
   3.2123462e+01  -8.2256361e+00   2.3959127e+01  -2.4210820e+01
   3.2123462e+01  -8.2256361e+00   2.3959127e+01  -2.4210820e+01
   3.1687775e+01  -8.0686507e+00   2.3927389e+01  -2.3984781e+01
   3.1811913e+01  -7.7104952e+00   2.4107610e+01  -2.3823538e+01
   3.1811913e+01  -7.7104952e+00   2.4107610e+01  -2.3823538e+01
   3.1521297e+01  -7.6331645e+00   2.3969767e+01  -2.3897831e+01
   3.1158953e+01  -7.8522930e+00   2.3892807e+01  -2.3878416e+01
   3.1158953e+01  -7.8522930e+00   2.3892807e+01  -2.3878416e+01
   3.1158953e+01  -7.8522930e+00   2.3892807e+01  -2.3878416e+01
   3.1158953e+01  -7.8522930e+00   2.3892807e+01  -2.3878416e+01
   3.1278339e+01  -7.6452708e+00   2.3727062e+01  -2.3645903e+01
   3.1278339e+01  -7.6452708e+00   2.3727062e+01  -2.3645903e+01
   3.1319259e+01  -7.3445006e+00   2.3807437e+01  -2.3414176e+01
   3.1319259e+01  -7.3445006e+00   2.3807437e+01  -2.3414176e+01
   3.0951697e+01  -7.5146207e+00   2.3938093e+01  -2.3741602e+01
   3.0972778e+01  -7.6614947e+00   2.3834506e+01  -2.3564178e+01
   3.0890325e+01  -7.5288498e+00   2.3260390e+01  -2.3546918e+01
   3.0955688e+01  -7.1863693e+00   2.3271227e+01  -2.3689699e+01
   3.0955688e+01  -7.1863693e+00   2.3271227e+01  -2.3689699e+01
   3.0955688e+01  -7.1863693e+00   2.3271227e+01  -2.3689699e+01
   1.4058907e+01   2.2870226e+01  -4.6508373e+00   5.7974974e+00
   1.0663891e+01   2.3345849e+01  -6.1728738e+00   6.5489834e+00
   1.0663891e+01   2.3345849e+01  -6.1728738e+00   6.5489834e+00
   1.0782581e+01   2.2749392e+01  -6.0421673e+00   6.8584817e+00
   1.0763299e+01   2.2238072e+01  -5.9776964e+00   7.3703584e+00
   1.0612113e+01   2.1932870e+01  -5.7107311e+00   7.8588917e+00
   1.0858606e+01   2.1449612e+01  -5.8516915e+00   8.4066775e+00
   1.0858606e+01   2.1449612e+01  -5.8516915e+00   8.4066775e+00
   1.0858606e+01   2.1449612e+01  -5.8516915e+00   8.4066775e+00
   1.0858606e+01   2.1449612e+01  -5.8516915e+00   8.4066775e+00
   1.0858606e+01   2.1449612e+01  -5.8516915e+00   8.4066775e+00
   1.0332139e+01   2.0530262e+01  -5.3574407e+00   9.2194539e+00
   1.0372686e+01   2.0412560e+01  -5.3969904e+00   9.3486662e+00
   1.0372686e+01   2.0412560e+01  -5.3969904e+00   9.3486662e+00
   1.0372686e+01   2.0412560e+01  -5.3969904e+00   9.3486662e+00
   1.0372686e+01   2.0412560e+01  -5.3969904e+00   9.3486662e+00
   1.0372686e+01   2.0412560e+01  -5.3969904e+00   9.3486662e+00
   1.0372686e+01   2.0412560e+01  -5.3969904e+00   9.3486662e+00
   1.0313761e+01   2.0604157e+01  -5.3382347e+00   9.3061667e+00
   1.0313761e+01   2.0604157e+01  -5.3382347e+00   9.3061667e+00
   1.0557506e+01   2.0523256e+01  -5.5176921e+00   9.3838301e+00
   1.0557506e+01   2.0523256e+01  -5.5176921e+00   9.3838301e+00
   1.0557506e+01   2.0523256e+01  -5.5176921e+00   9.3838301e+00
   1.0557506e+01   2.0523256e+01  -5.5176921e+00   9.3838301e+00
   1.0054456e+01   1.9932230e+01  -4.9844888e+00   9.9661988e+00
   1.0054456e+01   1.9932230e+01  -4.9844888e+00   9.9661988e+00
   1.0054456e+01   1.9932230e+01  -4.9844888e+00   9.9661988e+00
   1.0054456e+01   1.9932230e+01  -4.9844888e+00   9.9661988e+00
   1.0370244e+01   2.0220308e+01  -5.3072900e+00   9.8134336e+00
   1.0370244e+01   2.0220308e+01  -5.3072900e+00   9.8134336e+00
   1.0370244e+01   2.0220308e+01  -5.3072900e+00   9.8134336e+00
   1.0370244e+01   2.0220308e+01  -5.3072900e+00   9.8134336e+00
   1.0370244e+01   2.0220308e+01  -5.3072900e+00   9.8134336e+00
   1.0370244e+01   2.0220308e+01  -5.3072900e+00   9.8134336e+00
   1.0370244e+01   2.0220308e+01  -5.3072900e+00   9.8134336e+00
   1.0370244e+01   2.0220308e+01  -5.3072900e+00   9.8134336e+00
   1.0370244e+01   2.0220308e+01  -5.3072900e+00   9.8134336e+00
   1.0370244e+01   2.0220308e+01  -5.3072900e+00   9.8134336e+00
   1.0370244e+01   2.0220308e+01  -5.3072900e+00   9.8134336e+00
   1.0370244e+01   2.0220308e+01  -5.3072900e+00   9.8134336e+00
   1.0370244e+01   2.0220308e+01  -5.3072900e+00   9.8134336e+00
   1.0370244e+01   2.0220308e+01  -5.3072900e+00   9.8134336e+00
   1.0370244e+01   2.0220308e+01  -5.3072900e+00   9.8134336e+00
   1.0370244e+01   2.0220308e+01  -5.3072900e+00   9.8134336e+00
   1.0370244e+01   2.0220308e+01  -5.3072900e+00   9.8134336e+00
   1.0370244e+01   2.0220308e+01  -5.3072900e+00   9.8134336e+00
   1.0370244e+01   2.0220308e+01  -5.3072900e+00   9.8134336e+00
   1.0370244e+01   2.0220308e+01  -5.3072900e+00   9.8134336e+00
   1.0370244e+01   2.0220308e+01  -5.3072900e+00   9.8134336e+00
   1.0370244e+01   2.0220308e+01  -5.3072900e+00   9.8134336e+00
   1.0370244e+01   2.0220308e+01  -5.3072900e+00   9.8134336e+00
