   6.3503795e+00   8.2900568e+00   1.0281122e+01   3.1916511e+01
   7.0382543e+00   8.2425322e+00   1.0270260e+01   3.2176222e+01
   7.0142944e+00   8.0667044e+00   1.0183811e+01   3.2067530e+01
   6.8652860e+00   7.8349256e+00   1.0192518e+01   3.2165181e+01
   6.8652860e+00   7.8349256e+00   1.0192518e+01   3.2165181e+01
   7.0255514e+00   7.5642242e+00   9.8235662e+00   3.2441379e+01
   6.7818249e+00   7.6524589e+00   9.6317944e+00   3.2363763e+01
   6.7837043e+00   7.7966526e+00   1.0135507e+01   3.2084732e+01
   6.5526820e+00   7.9134172e+00   1.0163385e+01   3.1966887e+01
   6.5526820e+00   7.9134172e+00   1.0163385e+01   3.1966887e+01
   6.5526820e+00   7.9134172e+00   1.0163385e+01   3.1966887e+01
   6.2690556e+00   7.8135673e+00   1.0353849e+01   3.1662762e+01
   6.2690556e+00   7.8135673e+00   1.0353849e+01   3.1662762e+01
   5.8809611e+00   7.8429776e+00   1.0295720e+01   3.1485386e+01
   5.8809611e+00   7.8429776e+00   1.0295720e+01   3.1485386e+01
   6.1678613e+00   8.2918421e+00   1.0248889e+01   3.1473833e+01
   6.1580669e+00   8.4023439e+00   1.0338708e+01   3.1388433e+01
   6.1580669e+00   8.4023439e+00   1.0338708e+01   3.1388433e+01
   5.8800565e+00   8.2953380e+00   1.0667333e+01   3.1759211e+01
   5.8345093e+00   8.3273220e+00   1.0749179e+01   3.2040236e+01
   6.1019994e+00   8.1530183e+00   1.0818608e+01   3.1881075e+01
   5.9201882e+00   8.2318484e+00   1.1060249e+01   3.1887069e+01
   5.9575928e+00   8.1952154e+00   1.1148540e+01   3.1892981e+01
   6.1514278e+00   8.2451125e+00   1.1057986e+01   3.1834430e+01
   6.2038643e+00   8.4305660e+00   1.1025799e+01   3.1703967e+01
   6.6270817e+00   8.4653091e+00   1.1338700e+01   3.1539311e+01
   6.6270817e+00   8.4653091e+00   1.1338700e+01   3.1539311e+01
   6.7387016e+00   8.3906845e+00   1.1772201e+01   3.1756241e+01
   6.7387016e+00   8.3906845e+00   1.1772201e+01   3.1756241e+01
   6.8585833e+00   8.1239643e+00   1.1734562e+01   3.1811030e+01
   7.1561464e+00   8.0076731e+00   1.1703753e+01   3.1667209e+01
   7.1561464e+00   8.0076731e+00   1.1703753e+01   3.1667209e+01
   7.1561464e+00   8.0076731e+00   1.1703753e+01   3.1667209e+01
   6.9075282e+00   7.9448200e+00   1.1515311e+01   3.2211483e+01
   6.9075282e+00   7.9448200e+00   1.1515311e+01   3.2211483e+01
   6.8301813e+00   7.9788302e+00   1.1579598e+01   3.2486901e+01
   6.8301813e+00   7.9788302e+00   1.1579598e+01   3.2486901e+01
   6.8076626e+00   7.9516145e+00   1.1893487e+01   3.2884514e+01
   6.8076626e+00   7.9516145e+00   1.1893487e+01   3.2884514e+01
   6.8076626e+00   7.9516145e+00   1.1893487e+01   3.2884514e+01
   6.8884064e+00   8.0191749e+00   1.1666543e+01   3.3318322e+01
   6.9189931e+00   8.5537687e+00   1.1401386e+01   3.3416741e+01
   7.3676039e+00   8.5989129e+00   1.1441942e+01   3.3322694e+01
   7.3676039e+00   8.5989129e+00   1.1441942e+01   3.3322694e+01
   7.4127923e+00   8.6143961e+00   1.1561135e+01   3.3298615e+01
   7.1509607e+00   8.3495594e+00   1.1574215e+01   3.2871620e+01
   7.1509607e+00   8.3495594e+00   1.1574215e+01   3.2871620e+01
   7.2404766e+00   8.4924158e+00   1.1519586e+01   3.2981165e+01
   7.4192299e+00   8.5291398e+00   1.1222737e+01   3.2704800e+01
  -5.0200534e+00   8.5600091e+00   9.7909837e+00   2.1131671e+01
  -5.0342685e+00   8.5301134e+00   1.0062828e+01   2.1474041e+01
  -5.0342685e+00   8.5301134e+00   1.0062828e+01   2.1474041e+01
  -5.0342685e+00   8.5301134e+00   1.0062828e+01   2.1474041e+01
  -4.9705970e+00   8.7358812e+00   1.0082468e+01   2.1327613e+01
  -4.9461525e+00   8.7957247e+00   1.0091923e+01   2.1202665e+01
  -5.0469686e+00   8.6107907e+00   1.0119398e+01   2.1476716e+01
  -5.0469686e+00   8.6107907e+00   1.0119398e+01   2.1476716e+01
  -5.0469686e+00   8.6107907e+00   1.0119398e+01   2.1476716e+01
  -5.0898494e+00   8.7869609e+00   1.0163706e+01   2.1224554e+01
  -5.0898494e+00   8.7869609e+00   1.0163706e+01   2.1224554e+01
  -5.0898494e+00   8.7869609e+00   1.0163706e+01   2.1224554e+01
  -5.0898494e+00   8.7869609e+00   1.0163706e+01   2.1224554e+01
  -5.0898494e+00   8.7869609e+00   1.0163706e+01   2.1224554e+01
  -5.0898494e+00   8.7869609e+00   1.0163706e+01   2.1224554e+01
  -5.0043322e+00   8.8889938e+00   1.0059249e+01   2.1118863e+01
  -5.0043322e+00   8.8889938e+00   1.0059249e+01   2.1118863e+01
  -5.0043322e+00   8.8889938e+00   1.0059249e+01   2.1118863e+01
  -5.0043322e+00   8.8889938e+00   1.0059249e+01   2.1118863e+01
  -5.0470851e+00   8.8033987e+00   1.0160486e+01   2.1146579e+01
  -4.8210281e+00   9.0776696e+00   9.9283771e+00   2.0896318e+01
  -4.8210281e+00   9.0776696e+00   9.9283771e+00   2.0896318e+01
  -4.8210281e+00   9.0776696e+00   9.9283771e+00   2.0896318e+01
  -4.8210281e+00   9.0776696e+00   9.9283771e+00   2.0896318e+01
  -4.8210281e+00   9.0776696e+00   9.9283771e+00   2.0896318e+01
  -4.9788491e+00   8.9565031e+00   1.0018662e+01   2.1038586e+01
  -4.9788491e+00   8.9565031e+00   1.0018662e+01   2.1038586e+01
  -4.9788491e+00   8.9565031e+00   1.0018662e+01   2.1038586e+01
  -5.3263197e+00   8.9548164e+00   1.0327824e+01   2.1000464e+01
  -4.8862565e+00   9.1514269e+00   9.9522007e+00   2.0766227e+01
  -4.9493792e+00   9.2202595e+00   1.0053955e+01   2.0802310e+01
  -4.9493792e+00   9.2202595e+00   1.0053955e+01   2.0802310e+01
  -4.9788394e+00   9.0766332e+00   1.0006189e+01   2.0906289e+01
  -4.9156899e+00   9.2371663e+00   9.9453836e+00   2.0635497e+01
  -4.7039955e+00   9.6062997e+00   9.8348817e+00   2.0344818e+01
  -4.7039955e+00   9.6062997e+00   9.8348817e+00   2.0344818e+01
  -4.7039955e+00   9.6062997e+00   9.8348817e+00   2.0344818e+01
  -4.7039955e+00   9.6062997e+00   9.8348817e+00   2.0344818e+01
  -4.7039955e+00   9.6062997e+00   9.8348817e+00   2.0344818e+01
  -4.8490251e+00   9.4946677e+00   9.9897475e+00   2.0510900e+01
  -4.8490251e+00   9.4946677e+00   9.9897475e+00   2.0510900e+01
  -4.8490251e+00   9.4946677e+00   9.9897475e+00   2.0510900e+01
  -4.8490251e+00   9.4946677e+00   9.9897475e+00   2.0510900e+01
  -4.8490251e+00   9.4946677e+00   9.9897475e+00   2.0510900e+01
  -4.8490251e+00   9.4946677e+00   9.9897475e+00   2.0510900e+01
  -4.8490251e+00   9.4946677e+00   9.9897475e+00   2.0510900e+01
  -4.8490251e+00   9.4946677e+00   9.9897475e+00   2.0510900e+01
  -4.8490251e+00   9.4946677e+00   9.9897475e+00   2.0510900e+01
  -4.8490251e+00   9.4946677e+00   9.9897475e+00   2.0510900e+01
  -4.8490251e+00   9.4946677e+00   9.9897475e+00   2.0510900e+01
  -4.8490251e+00   9.4946677e+00   9.9897475e+00   2.0510900e+01
