  -1.4901803e+01   1.2680093e+01  -2.8712110e+01  -1.5385747e+01
  -1.4901803e+01   1.2680093e+01  -2.8712110e+01  -1.5385747e+01
  -1.4795906e+01   1.3053367e+01  -2.8576896e+01  -1.5371763e+01
  -1.5052871e+01   1.3235371e+01  -2.8525611e+01  -1.5185076e+01
  -1.5126637e+01   1.3259021e+01  -2.8227625e+01  -1.5188434e+01
  -1.4833970e+01   1.3432105e+01  -2.8344449e+01  -1.5188171e+01
  -1.4828160e+01   1.3426492e+01  -2.8525880e+01  -1.4979676e+01
  -1.4637283e+01   1.3337512e+01  -2.8592917e+01  -1.5147921e+01
  -1.4511596e+01   1.3227320e+01  -2.8438746e+01  -1.5192352e+01
  -1.4511596e+01   1.3227320e+01  -2.8438746e+01  -1.5192352e+01
  -1.4529931e+01   1.3026549e+01  -2.8376928e+01  -1.5144093e+01
  -1.4529931e+01   1.3026549e+01  -2.8376928e+01  -1.5144093e+01
  -1.4388571e+01   1.2780764e+01  -2.8491850e+01  -1.5158780e+01
  -1.4388571e+01   1.2780764e+01  -2.8491850e+01  -1.5158780e+01
  -1.4388571e+01   1.2780764e+01  -2.8491850e+01  -1.5158780e+01
  -1.4270659e+01   1.2736394e+01  -2.8928423e+01  -1.5029656e+01
  -1.4270659e+01   1.2736394e+01  -2.8928423e+01  -1.5029656e+01
  -1.4270659e+01   1.2736394e+01  -2.8928423e+01  -1.5029656e+01
  -1.4457793e+01   1.2613190e+01  -2.8767749e+01  -1.4831002e+01
  -1.4531556e+01   1.2363667e+01  -2.8786349e+01  -1.4808541e+01
  -1.4375014e+01   1.2564208e+01  -2.9084444e+01  -1.4749108e+01
  -1.4375014e+01   1.2564208e+01  -2.9084444e+01  -1.4749108e+01
  -1.4375014e+01   1.2564208e+01  -2.9084444e+01  -1.4749108e+01
  -1.4375014e+01   1.2564208e+01  -2.9084444e+01  -1.4749108e+01
  -1.4375014e+01   1.2564208e+01  -2.9084444e+01  -1.4749108e+01
  -1.4279483e+01   1.2386631e+01  -2.9073755e+01  -1.4942783e+01
  -1.4279483e+01   1.2386631e+01  -2.9073755e+01  -1.4942783e+01
  -1.4005588e+01   1.2622143e+01  -2.9031980e+01  -1.4863972e+01
  -1.4005588e+01   1.2622143e+01  -2.9031980e+01  -1.4863972e+01
  -1.4005588e+01   1.2622143e+01  -2.9031980e+01  -1.4863972e+01
  -1.3583427e+01   1.2152635e+01  -2.9067650e+01  -1.4636584e+01
  -1.3219558e+01   1.1923002e+01  -2.9196677e+01  -1.4661360e+01
  -1.3107580e+01   1.1408155e+01  -2.9175676e+01  -1.4677239e+01
  -1.3107580e+01   1.1408155e+01  -2.9175676e+01  -1.4677239e+01
  -1.2952519e+01   1.2066110e+01  -2.8900510e+01  -1.4360080e+01
  -1.3047797e+01   1.2084872e+01  -2.9033575e+01  -1.4372879e+01
  -1.3075363e+01   1.2023703e+01  -2.8929377e+01  -1.4598090e+01
  -1.3216153e+01   1.1776552e+01  -2.9169935e+01  -1.4539176e+01
  -1.3059185e+01   1.1970621e+01  -2.8934675e+01  -1.4685050e+01
  -1.3278958e+01   1.2072766e+01  -2.8674360e+01  -1.4590945e+01
  -1.3278958e+01   1.2072766e+01  -2.8674360e+01  -1.4590945e+01
  -1.3232345e+01   1.2222408e+01  -2.8469702e+01  -1.4535731e+01
  -1.3456358e+01   1.2487829e+01  -2.8368248e+01  -1.4558629e+01
  -1.3456358e+01   1.2487829e+01  -2.8368248e+01  -1.4558629e+01
  -1.3074029e+01   1.2528524e+01  -2.8580244e+01  -1.4632726e+01
  -1.3074029e+01   1.2528524e+01  -2.8580244e+01  -1.4632726e+01
  -1.3014244e+01   1.2540785e+01  -2.8626482e+01  -1.4405630e+01
  -1.2917937e+01   1.2411919e+01  -2.8628655e+01  -1.4507193e+01
  -1.2715456e+01   1.2311958e+01  -2.9051112e+01  -1.4740073e+01
   2.9483837e+01   1.8556965e+01  -4.5603160e+00   9.5303781e+00
   2.9483837e+01   1.8556965e+01  -4.5603160e+00   9.5303781e+00
   2.9483837e+01   1.8556965e+01  -4.5603160e+00   9.5303781e+00
   2.9894044e+01   1.9900210e+01  -4.8575158e+00   9.9778797e+00
   2.9996456e+01   1.9999863e+01  -4.9573157e+00   1.0002025e+01
   2.9972498e+01   1.9967158e+01  -4.9515457e+00   9.9882755e+00
   3.0009224e+01   1.9991329e+01  -4.9740712e+00   9.9985362e+00
   3.0071440e+01   2.0064037e+01  -5.0185388e+00   9.9800396e+00
   3.0025525e+01   2.0008532e+01  -5.0185154e+00   9.9841592e+00
   3.0025525e+01   2.0008532e+01  -5.0185154e+00   9.9841592e+00
   3.0043629e+01   2.0034867e+01  -5.0413407e+00   9.9833846e+00
   3.0000607e+01   2.0009047e+01  -4.9845029e+00   9.9776418e+00
   3.0040483e+01   2.0018114e+01  -4.9723576e+00   9.9917738e+00
   3.0054636e+01   2.0046667e+01  -5.0136167e+00   9.9796289e+00
   3.0054636e+01   2.0046667e+01  -5.0136167e+00   9.9796289e+00
   3.0054636e+01   2.0046667e+01  -5.0136167e+00   9.9796289e+00
   3.0050066e+01   2.0026121e+01  -5.0038503e+00   1.0005001e+01
   2.9991957e+01   1.9992868e+01  -4.9799972e+00   9.9933890e+00
   2.9948072e+01   1.9963876e+01  -5.0052246e+00   9.9685627e+00
   2.9982483e+01   1.9977715e+01  -4.9945297e+00   9.9912894e+00
   3.0008524e+01   2.0009211e+01  -5.0240959e+00   9.9962530e+00
   3.0008524e+01   2.0009211e+01  -5.0240959e+00   9.9962530e+00
   2.9995052e+01   2.0028651e+01  -5.0161661e+00   9.9676828e+00
   2.9995052e+01   2.0028651e+01  -5.0161661e+00   9.9676828e+00
   2.9984713e+01   2.0005550e+01  -5.0121386e+00   9.9805188e+00
   3.0024106e+01   2.0024931e+01  -5.0018540e+00   9.9745657e+00
   2.9964732e+01   1.9977552e+01  -4.9846769e+00   9.9859081e+00
   2.9978689e+01   1.9976254e+01  -5.0347910e+00   9.9984752e+00
   3.0045263e+01   2.0059806e+01  -5.0423496e+00   1.0035347e+01
   3.0045263e+01   2.0059806e+01  -5.0423496e+00   1.0035347e+01
   3.0045263e+01   2.0059806e+01  -5.0423496e+00   1.0035347e+01
   3.0045263e+01   2.0059806e+01  -5.0423496e+00   1.0035347e+01
   3.0045263e+01   2.0059806e+01  -5.0423496e+00   1.0035347e+01
   3.0045263e+01   2.0059806e+01  -5.0423496e+00   1.0035347e+01
   3.0045263e+01   2.0059806e+01  -5.0423496e+00   1.0035347e+01
   3.0045263e+01   2.0059806e+01  -5.0423496e+00   1.0035347e+01
   3.0045263e+01   2.0059806e+01  -5.0423496e+00   1.0035347e+01
   3.0045263e+01   2.0059806e+01  -5.0423496e+00   1.0035347e+01
   3.0045263e+01   2.0059806e+01  -5.0423496e+00   1.0035347e+01
   3.0045263e+01   2.0059806e+01  -5.0423496e+00   1.0035347e+01
   3.0045263e+01   2.0059806e+01  -5.0423496e+00   1.0035347e+01
   3.0045263e+01   2.0059806e+01  -5.0423496e+00   1.0035347e+01
   3.0045263e+01   2.0059806e+01  -5.0423496e+00   1.0035347e+01
   3.0045263e+01   2.0059806e+01  -5.0423496e+00   1.0035347e+01
   3.0045263e+01   2.0059806e+01  -5.0423496e+00   1.0035347e+01
   3.0045263e+01   2.0059806e+01  -5.0423496e+00   1.0035347e+01
   3.0045263e+01   2.0059806e+01  -5.0423496e+00   1.0035347e+01
   3.0014009e+01   2.0077909e+01  -5.0023448e+00   1.0030112e+01
   3.0014009e+01   2.0077909e+01  -5.0023448e+00   1.0030112e+01
   3.0014009e+01   2.0077909e+01  -5.0023448e+00   1.0030112e+01
   3.0014009e+01   2.0077909e+01  -5.0023448e+00   1.0030112e+01
