   4.1680992e+01  -7.5594228e+00   1.3277220e+01  -2.3390731e+01
   4.1696735e+01  -7.5937460e+00   1.3453202e+01  -2.3179507e+01
   4.1696735e+01  -7.5937460e+00   1.3453202e+01  -2.3179507e+01
   4.1761153e+01  -7.3720700e+00   1.3552217e+01  -2.3348525e+01
   4.2065941e+01  -7.6371090e+00   1.3305999e+01  -2.3183149e+01
   4.1996365e+01  -7.4174143e+00   1.3695654e+01  -2.3039361e+01
   4.2018972e+01  -7.4812734e+00   1.3525125e+01  -2.3012886e+01
   4.2018972e+01  -7.4812734e+00   1.3525125e+01  -2.3012886e+01
   4.2018972e+01  -7.4812734e+00   1.3525125e+01  -2.3012886e+01
   4.1924581e+01  -7.1777421e+00   1.3537456e+01  -2.2904220e+01
   4.1803057e+01  -7.2315773e+00   1.3766478e+01  -2.2757017e+01
   4.1447915e+01  -7.2904844e+00   1.3708872e+01  -2.2859979e+01
   4.1203490e+01  -6.8695006e+00   1.3833982e+01  -2.2707128e+01
   4.1203490e+01  -6.8695006e+00   1.3833982e+01  -2.2707128e+01
   4.0876525e+01  -6.7102825e+00   1.3892545e+01  -2.3014677e+01
   4.0876525e+01  -6.7102825e+00   1.3892545e+01  -2.3014677e+01
   4.0999862e+01  -6.9155094e+00   1.3749367e+01  -2.2936311e+01
   4.0955496e+01  -6.8451548e+00   1.3764110e+01  -2.2830847e+01
   4.0955496e+01  -6.8451548e+00   1.3764110e+01  -2.2830847e+01
   4.0955496e+01  -6.8451548e+00   1.3764110e+01  -2.2830847e+01
   4.1061185e+01  -6.7821336e+00   1.3639584e+01  -2.2986435e+01
   4.1061185e+01  -6.7821336e+00   1.3639584e+01  -2.2986435e+01
   4.0734462e+01  -6.8763977e+00   1.3633542e+01  -2.2908873e+01
   4.0591191e+01  -6.9179506e+00   1.3676417e+01  -2.2808132e+01
   4.0475574e+01  -6.5854446e+00   1.3651421e+01  -2.3067405e+01
   4.0578011e+01  -6.5751266e+00   1.3424744e+01  -2.2864386e+01
   4.0519352e+01  -6.7574350e+00   1.3777263e+01  -2.2710545e+01
   4.0343719e+01  -6.5395665e+00   1.3935579e+01  -2.2330488e+01
   4.0392333e+01  -6.7756264e+00   1.3947502e+01  -2.2305968e+01
   4.0528089e+01  -7.0645781e+00   1.3649896e+01  -2.1687245e+01
   4.0380428e+01  -6.9218839e+00   1.3469081e+01  -2.1615154e+01
   4.0380428e+01  -6.9218839e+00   1.3469081e+01  -2.1615154e+01
   4.0377059e+01  -7.0570023e+00   1.3523346e+01  -2.1229936e+01
   4.0377059e+01  -7.0570023e+00   1.3523346e+01  -2.1229936e+01
   4.0377059e+01  -7.0570023e+00   1.3523346e+01  -2.1229936e+01
   4.0377059e+01  -7.0570023e+00   1.3523346e+01  -2.1229936e+01
   4.0247154e+01  -6.8891685e+00   1.3543950e+01  -2.1265871e+01
   4.0092133e+01  -6.6535818e+00   1.3613733e+01  -2.1250137e+01
   4.0114981e+01  -6.7497316e+00   1.3533404e+01  -2.1135979e+01
   3.9695904e+01  -6.4624327e+00   1.3337140e+01  -2.1873893e+01
   3.9695904e+01  -6.4624327e+00   1.3337140e+01  -2.1873893e+01
   3.9741144e+01  -6.8391077e+00   1.3271078e+01  -2.1791421e+01
   3.9741144e+01  -6.8391077e+00   1.3271078e+01  -2.1791421e+01
   3.9741144e+01  -6.8391077e+00   1.3271078e+01  -2.1791421e+01
   3.9714401e+01  -6.5037086e+00   1.3042257e+01  -2.1708887e+01
   3.9714401e+01  -6.5037086e+00   1.3042257e+01  -2.1708887e+01
   3.9714401e+01  -6.5037086e+00   1.3042257e+01  -2.1708887e+01
   3.9368810e+01  -6.2483458e+00   1.3174378e+01  -2.1599118e+01
   3.9464480e+01  -6.1896178e+00   1.3162471e+01  -2.1763169e+01
   2.9440227e+01   1.8934029e+01  -5.5667274e+00   9.1827270e+00
   2.9899334e+01   1.9959317e+01  -5.1153549e+00   1.0080367e+01
   2.9986277e+01   2.0006368e+01  -5.0175957e+00   1.0030633e+01
   3.0004260e+01   2.0014268e+01  -5.0404607e+00   1.0037613e+01
   2.9957206e+01   1.9970033e+01  -5.0202057e+00   9.9921051e+00
   3.0004244e+01   2.0008219e+01  -5.0347081e+00   9.9967604e+00
   2.9985094e+01   1.9984977e+01  -4.9680193e+00   9.9685631e+00
   3.0013897e+01   2.0000653e+01  -4.9716082e+00   1.0021872e+01
   3.0005275e+01   1.9997975e+01  -4.9995508e+00   1.0047072e+01
   3.0005275e+01   1.9997975e+01  -4.9995508e+00   1.0047072e+01
   2.9978853e+01   1.9992809e+01  -4.9548593e+00   9.9951419e+00
   3.0024603e+01   2.0002867e+01  -4.9822804e+00   1.0035580e+01
   3.0024739e+01   2.0017420e+01  -5.0060386e+00   1.0002614e+01
   2.9989013e+01   1.9988954e+01  -5.0011507e+00   9.9892063e+00
   3.0036466e+01   2.0019569e+01  -4.9997043e+00   9.9790284e+00
   3.0001818e+01   2.0009096e+01  -5.0182623e+00   9.9724694e+00
   3.0000307e+01   1.9995992e+01  -4.9873274e+00   9.9975804e+00
   2.9986933e+01   1.9979020e+01  -4.9667612e+00   1.0050750e+01
   3.0015640e+01   2.0012160e+01  -4.9599916e+00   1.0037820e+01
   3.0027694e+01   1.9996349e+01  -5.0233532e+00   1.0015966e+01
   2.9965485e+01   1.9974312e+01  -5.0384552e+00   9.9805401e+00
   2.9978780e+01   1.9982646e+01  -4.9632045e+00   1.0025930e+01
   3.0014565e+01   2.0021595e+01  -4.9680345e+00   9.9860429e+00
   2.9999773e+01   1.9985552e+01  -5.0199362e+00   1.0011031e+01
   2.9952473e+01   1.9974765e+01  -4.9618154e+00   9.9615278e+00
   3.0029605e+01   2.0016414e+01  -5.0452709e+00   1.0015956e+01
   2.9997033e+01   2.0004466e+01  -5.0178735e+00   1.0037282e+01
   2.9997033e+01   2.0004466e+01  -5.0178735e+00   1.0037282e+01
   2.9984849e+01   1.9979789e+01  -5.0514713e+00   1.0008663e+01
   3.0001817e+01   2.0017819e+01  -4.9629941e+00   1.0003826e+01
   3.0001817e+01   2.0017819e+01  -4.9629941e+00   1.0003826e+01
   2.9894921e+01   1.9853011e+01  -5.0152719e+00   9.9119509e+00
   2.9894921e+01   1.9853011e+01  -5.0152719e+00   9.9119509e+00
   2.9894921e+01   1.9853011e+01  -5.0152719e+00   9.9119509e+00
   2.9894921e+01   1.9853011e+01  -5.0152719e+00   9.9119509e+00
   2.9894921e+01   1.9853011e+01  -5.0152719e+00   9.9119509e+00
   2.9894921e+01   1.9853011e+01  -5.0152719e+00   9.9119509e+00
   2.9894921e+01   1.9853011e+01  -5.0152719e+00   9.9119509e+00
   2.9894921e+01   1.9853011e+01  -5.0152719e+00   9.9119509e+00
   2.9894921e+01   1.9853011e+01  -5.0152719e+00   9.9119509e+00
   2.9957834e+01   1.9930980e+01  -4.8934252e+00   9.9236012e+00
   2.9957834e+01   1.9930980e+01  -4.8934252e+00   9.9236012e+00
   2.9957834e+01   1.9930980e+01  -4.8934252e+00   9.9236012e+00
   2.9957834e+01   1.9930980e+01  -4.8934252e+00   9.9236012e+00
   3.0050111e+01   2.0040979e+01  -4.9278965e+00   9.9470992e+00
   3.0050111e+01   2.0040979e+01  -4.9278965e+00   9.9470992e+00
   3.0050111e+01   2.0040979e+01  -4.9278965e+00   9.9470992e+00
   3.0050111e+01   2.0040979e+01  -4.9278965e+00   9.9470992e+00
   3.0050111e+01   2.0040979e+01  -4.9278965e+00   9.9470992e+00
   3.0050111e+01   2.0040979e+01  -4.9278965e+00   9.9470992e+00
   3.0073834e+01   2.0103969e+01  -4.9375725e+00   1.0054061e+01
