  -4.8756126e+00   4.5225575e+01   4.4200236e+01   2.9867821e+01
  -4.7835829e+00   4.5263639e+01   4.4356479e+01   3.0085889e+01
  -4.7835829e+00   4.5263639e+01   4.4356479e+01   3.0085889e+01
  -4.9262028e+00   4.5426491e+01   4.4127546e+01   3.0061596e+01
  -4.9262028e+00   4.5426491e+01   4.4127546e+01   3.0061596e+01
  -4.9262028e+00   4.5426491e+01   4.4127546e+01   3.0061596e+01
  -5.2438201e+00   4.5270221e+01   4.4384783e+01   2.9972181e+01
  -5.8071638e+00   4.5090754e+01   4.4422958e+01   2.9976113e+01
  -5.8071638e+00   4.5090754e+01   4.4422958e+01   2.9976113e+01
  -5.9539972e+00   4.4987834e+01   4.4566912e+01   2.9970930e+01
  -6.0410372e+00   4.4942889e+01   4.4773248e+01   3.0181885e+01
  -6.0965714e+00   4.4891087e+01   4.4624004e+01   3.0039152e+01
  -6.1505064e+00   4.4783163e+01   4.4368615e+01   3.0265806e+01
  -6.1505064e+00   4.4783163e+01   4.4368615e+01   3.0265806e+01
  -5.6946324e+00   4.4860887e+01   4.4343030e+01   3.0339277e+01
  -5.9706767e+00   4.4901622e+01   4.4017297e+01   3.0219254e+01
  -5.9706767e+00   4.4901622e+01   4.4017297e+01   3.0219254e+01
  -5.9706767e+00   4.4901622e+01   4.4017297e+01   3.0219254e+01
  -5.9706767e+00   4.4901622e+01   4.4017297e+01   3.0219254e+01
  -5.9721795e+00   4.4693285e+01   4.4060161e+01   3.0299317e+01
  -5.9721795e+00   4.4693285e+01   4.4060161e+01   3.0299317e+01
  -5.9721795e+00   4.4693285e+01   4.4060161e+01   3.0299317e+01
  -6.2299333e+00   4.4618753e+01   4.4230562e+01   3.0267049e+01
  -6.1644553e+00   4.4746362e+01   4.4559485e+01   3.0223271e+01
  -6.2389422e+00   4.4634159e+01   4.4741235e+01   3.0329417e+01
  -6.2796468e+00   4.4783164e+01   4.4902514e+01   3.0021370e+01
  -6.2796468e+00   4.4783164e+01   4.4902514e+01   3.0021370e+01
  -6.7582076e+00   4.5124998e+01   4.4971709e+01   2.9701663e+01
  -6.6156191e+00   4.4867362e+01   4.4993213e+01   2.9546377e+01
  -6.6156191e+00   4.4867362e+01   4.4993213e+01   2.9546377e+01
  -6.6156191e+00   4.4867362e+01   4.4993213e+01   2.9546377e+01
  -6.6156191e+00   4.4867362e+01   4.4993213e+01   2.9546377e+01
  -6.5387629e+00   4.5111624e+01   4.5050284e+01   2.9339715e+01
  -6.5387629e+00   4.5111624e+01   4.5050284e+01   2.9339715e+01
  -6.2267305e+00   4.4942940e+01   4.5010399e+01   2.9329710e+01
  -6.2267305e+00   4.4942940e+01   4.5010399e+01   2.9329710e+01
  -6.2267305e+00   4.4942940e+01   4.5010399e+01   2.9329710e+01
  -6.0355202e+00   4.4778640e+01   4.5055888e+01   2.9420307e+01
  -6.0355202e+00   4.4778640e+01   4.5055888e+01   2.9420307e+01
  -6.0355202e+00   4.4778640e+01   4.5055888e+01   2.9420307e+01
  -6.0355202e+00   4.4778640e+01   4.5055888e+01   2.9420307e+01
  -6.0995056e+00   4.4763438e+01   4.4969885e+01   2.9673107e+01
  -6.0460751e+00   4.4393810e+01   4.4766397e+01   2.9756358e+01
  -6.1732894e+00   4.4431018e+01   4.4753500e+01   2.9353662e+01
  -5.8674114e+00   4.4581556e+01   4.5171866e+01   2.9026309e+01
  -5.7950703e+00   4.4527636e+01   4.4919374e+01   2.8789954e+01
  -6.3461404e+00   4.4059357e+01   4.5107412e+01   2.8714254e+01
  -6.3461404e+00   4.4059357e+01   4.5107412e+01   2.8714254e+01
  -6.3437512e+00   4.3906416e+01   4.5244205e+01   2.8633770e+01
  -5.0518174e+00   2.0311332e+01   3.0162277e+01   1.0288751e+01
  -5.0033301e+00   1.9987938e+01   2.9985167e+01   1.0024481e+01
  -4.9934303e+00   1.9967047e+01   2.9984768e+01   1.0061397e+01
  -4.9948898e+00   2.0010938e+01   3.0004169e+01   1.0002554e+01
  -5.0009476e+00   1.9988992e+01   2.9990214e+01   9.9987801e+00
  -4.9612070e+00   1.9984180e+01   2.9988494e+01   9.9836478e+00
  -4.9612070e+00   1.9984180e+01   2.9988494e+01   9.9836478e+00
  -4.9612070e+00   1.9984180e+01   2.9988494e+01   9.9836478e+00
  -4.9612070e+00   1.9984180e+01   2.9988494e+01   9.9836478e+00
  -4.9651842e+00   1.9970795e+01   2.9990222e+01   9.9515888e+00
  -4.9651842e+00   1.9970795e+01   2.9990222e+01   9.9515888e+00
  -4.9651842e+00   1.9970795e+01   2.9990222e+01   9.9515888e+00
  -5.0385366e+00   2.0050355e+01   3.0038363e+01   9.9969218e+00
  -4.9982039e+00   1.9983576e+01   2.9993221e+01   1.0038931e+01
  -5.0209273e+00   2.0032007e+01   3.0028124e+01   9.9879165e+00
  -5.0209273e+00   2.0032007e+01   3.0028124e+01   9.9879165e+00
  -5.0252917e+00   2.0036912e+01   3.0017590e+01   1.0009737e+01
  -4.9891005e+00   1.9974556e+01   2.9986009e+01   1.0011492e+01
  -4.9891005e+00   1.9974556e+01   2.9986009e+01   1.0011492e+01
  -4.9944484e+00   2.0056337e+01   3.0046565e+01   9.9524828e+00
  -4.9904145e+00   1.9954878e+01   2.9963983e+01   1.0023292e+01
  -4.9911914e+00   1.9970899e+01   2.9967833e+01   9.9896996e+00
  -4.9960388e+00   1.9972808e+01   2.9997509e+01   1.0027264e+01
  -5.0026243e+00   1.9969328e+01   2.9988200e+01   9.9929694e+00
  -5.0026243e+00   1.9969328e+01   2.9988200e+01   9.9929694e+00
  -5.0061795e+00   2.0002660e+01   2.9996951e+01   9.9737551e+00
  -5.0061795e+00   2.0002660e+01   2.9996951e+01   9.9737551e+00
  -5.0061795e+00   2.0002660e+01   2.9996951e+01   9.9737551e+00
  -5.0061795e+00   2.0002660e+01   2.9996951e+01   9.9737551e+00
  -5.0061795e+00   2.0002660e+01   2.9996951e+01   9.9737551e+00
  -5.0061795e+00   2.0002660e+01   2.9996951e+01   9.9737551e+00
  -5.0061795e+00   2.0002660e+01   2.9996951e+01   9.9737551e+00
  -5.0172805e+00   1.9957852e+01   2.9970065e+01   9.9476753e+00
  -5.0172805e+00   1.9957852e+01   2.9970065e+01   9.9476753e+00
  -5.0446438e+00   1.9997457e+01   2.9974974e+01   9.9782479e+00
  -5.0446438e+00   1.9997457e+01   2.9974974e+01   9.9782479e+00
  -5.0265905e+00   1.9972142e+01   2.9966366e+01   1.0004005e+01
  -5.0265905e+00   1.9972142e+01   2.9966366e+01   1.0004005e+01
  -5.0202081e+00   2.0038528e+01   3.0013441e+01   1.0030173e+01
  -5.0202081e+00   2.0038528e+01   3.0013441e+01   1.0030173e+01
  -5.0378325e+00   2.0014014e+01   2.9999300e+01   1.0020907e+01
  -5.0378325e+00   2.0014014e+01   2.9999300e+01   1.0020907e+01
  -5.0162940e+00   1.9979520e+01   2.9978963e+01   9.9432535e+00
  -5.0174995e+00   2.0019734e+01   3.0008304e+01   9.9764594e+00
  -4.9828776e+00   2.0079365e+01   3.0056540e+01   1.0029858e+01
  -4.9828776e+00   2.0079365e+01   3.0056540e+01   1.0029858e+01
  -4.9828776e+00   2.0079365e+01   3.0056540e+01   1.0029858e+01
  -4.9828776e+00   2.0079365e+01   3.0056540e+01   1.0029858e+01
  -5.0034457e+00   2.0048442e+01   3.0036574e+01   9.9973512e+00
  -5.0034457e+00   2.0048442e+01   3.0036574e+01   9.9973512e+00
  -5.0034457e+00   2.0048442e+01   3.0036574e+01   9.9973512e+00
