   2.1034747e+01   2.1263052e+01  -1.7897876e+01   4.8727274e+01
   2.1267406e+01   2.1189135e+01  -1.8196718e+01   4.8599605e+01
   2.1267406e+01   2.1189135e+01  -1.8196718e+01   4.8599605e+01
   2.1176890e+01   2.1412464e+01  -1.7780563e+01   4.8435000e+01
   2.1176890e+01   2.1412464e+01  -1.7780563e+01   4.8435000e+01
   2.1176890e+01   2.1412464e+01  -1.7780563e+01   4.8435000e+01
   2.1350415e+01   2.1766621e+01  -1.7611540e+01   4.8196863e+01
   2.1156454e+01   2.1707677e+01  -1.7421363e+01   4.8493237e+01
   2.1339510e+01   2.1637274e+01  -1.7251368e+01   4.8515077e+01
   2.1209668e+01   2.1519553e+01  -1.7004886e+01   4.8424055e+01
   2.1209668e+01   2.1519553e+01  -1.7004886e+01   4.8424055e+01
   2.1209668e+01   2.1519553e+01  -1.7004886e+01   4.8424055e+01
   2.1209668e+01   2.1519553e+01  -1.7004886e+01   4.8424055e+01
   2.1209668e+01   2.1519553e+01  -1.7004886e+01   4.8424055e+01
   2.1209668e+01   2.1519553e+01  -1.7004886e+01   4.8424055e+01
   2.1542526e+01   2.1378113e+01  -1.7079912e+01   4.8423987e+01
   2.1542526e+01   2.1378113e+01  -1.7079912e+01   4.8423987e+01
   2.1673822e+01   2.1459057e+01  -1.7110474e+01   4.8771340e+01
   2.1673822e+01   2.1459057e+01  -1.7110474e+01   4.8771340e+01
   2.1897875e+01   2.1368756e+01  -1.7106255e+01   4.9234135e+01
   2.1897875e+01   2.1368756e+01  -1.7106255e+01   4.9234135e+01
   2.1897875e+01   2.1368756e+01  -1.7106255e+01   4.9234135e+01
   2.1870756e+01   2.1518523e+01  -1.7460027e+01   4.9132473e+01
   2.1870756e+01   2.1518523e+01  -1.7460027e+01   4.9132473e+01
   2.1628547e+01   2.1708429e+01  -1.7488252e+01   4.9045678e+01
   2.1830795e+01   2.1595554e+01  -1.7186953e+01   4.8957043e+01
   2.1721603e+01   2.1636231e+01  -1.7171920e+01   4.9054143e+01
   2.1799404e+01   2.1602957e+01  -1.7362479e+01   4.8900497e+01
   2.1799404e+01   2.1602957e+01  -1.7362479e+01   4.8900497e+01
   2.1726779e+01   2.1713816e+01  -1.7203013e+01   4.8511708e+01
   2.1742250e+01   2.1994464e+01  -1.7221491e+01   4.8153508e+01
   2.1742250e+01   2.1994464e+01  -1.7221491e+01   4.8153508e+01
   2.1742250e+01   2.1994464e+01  -1.7221491e+01   4.8153508e+01
   2.1713517e+01   2.1777322e+01  -1.7151349e+01   4.8156985e+01
   2.1713517e+01   2.1777322e+01  -1.7151349e+01   4.8156985e+01
   2.1633270e+01   2.1767615e+01  -1.7194475e+01   4.8025898e+01
   2.1633270e+01   2.1767615e+01  -1.7194475e+01   4.8025898e+01
   2.1665424e+01   2.1886646e+01  -1.6844553e+01   4.8094609e+01
   2.1665424e+01   2.1886646e+01  -1.6844553e+01   4.8094609e+01
   2.1663955e+01   2.1866768e+01  -1.7102791e+01   4.7902889e+01
   2.1663955e+01   2.1866768e+01  -1.7102791e+01   4.7902889e+01
   2.1237521e+01   2.1928299e+01  -1.6978099e+01   4.8213119e+01
   2.1237521e+01   2.1928299e+01  -1.6978099e+01   4.8213119e+01
   2.1237521e+01   2.1928299e+01  -1.6978099e+01   4.8213119e+01
   2.1237521e+01   2.1928299e+01  -1.6978099e+01   4.8213119e+01
   2.1012040e+01   2.1705542e+01  -1.6810344e+01   4.8146082e+01
   2.1184762e+01   2.1475756e+01  -1.6706528e+01   4.7937989e+01
   2.0772056e+01   2.1270481e+01  -1.6794393e+01   4.7631522e+01
   2.0836287e+01   2.0905173e+01  -1.7069154e+01   4.7389372e+01
   9.9119755e+00   9.9477942e+00  -5.1435313e+00   1.9841882e+01
   9.9168653e+00   1.0065154e+01  -4.9609089e+00   2.0042999e+01
   9.9976117e+00   1.0021216e+01  -4.9984058e+00   2.0035398e+01
   9.9518008e+00   1.0030156e+01  -5.0063111e+00   1.9990802e+01
   9.9731355e+00   1.0032301e+01  -4.9876509e+00   2.0013213e+01
   9.9755099e+00   1.0037668e+01  -4.9778830e+00   2.0037810e+01
   9.9755099e+00   1.0037668e+01  -4.9778830e+00   2.0037810e+01
   9.9755099e+00   1.0037668e+01  -4.9778830e+00   2.0037810e+01
   9.9755099e+00   1.0037668e+01  -4.9778830e+00   2.0037810e+01
   9.9704529e+00   1.0018741e+01  -5.0310258e+00   2.0028933e+01
   1.0028249e+01   1.0010318e+01  -5.0097699e+00   2.0016762e+01
   1.0028249e+01   1.0010318e+01  -5.0097699e+00   2.0016762e+01
   1.0030786e+01   1.0004160e+01  -5.0503448e+00   2.0001359e+01
   1.0030786e+01   1.0004160e+01  -5.0503448e+00   2.0001359e+01
   1.0030786e+01   1.0004160e+01  -5.0503448e+00   2.0001359e+01
   1.0011259e+01   1.0016394e+01  -5.0054132e+00   2.0025804e+01
   1.0045430e+01   1.0013259e+01  -4.9822663e+00   2.0017587e+01
   1.0045430e+01   1.0013259e+01  -4.9822663e+00   2.0017587e+01
   1.0001022e+01   1.0026498e+01  -4.9783270e+00   2.0018066e+01
   1.0013023e+01   9.9769652e+00  -4.9925530e+00   2.0001750e+01
   1.0013023e+01   9.9769652e+00  -4.9925530e+00   2.0001750e+01
   1.0013023e+01   9.9769652e+00  -4.9925530e+00   2.0001750e+01
   1.0013023e+01   9.9769652e+00  -4.9925530e+00   2.0001750e+01
   1.0044065e+01   1.0014808e+01  -4.9686542e+00   1.9995271e+01
   1.0044065e+01   1.0014808e+01  -4.9686542e+00   1.9995271e+01
   1.0044065e+01   1.0014808e+01  -4.9686542e+00   1.9995271e+01
   1.0014573e+01   1.0014648e+01  -5.0279256e+00   2.0054153e+01
   1.0022004e+01   9.9933753e+00  -4.9805931e+00   2.0015653e+01
   1.0022004e+01   9.9933753e+00  -4.9805931e+00   2.0015653e+01
   1.0022004e+01   9.9933753e+00  -4.9805931e+00   2.0015653e+01
   1.0007498e+01   1.0023744e+01  -4.9655679e+00   2.0013947e+01
   1.0007498e+01   1.0023744e+01  -4.9655679e+00   2.0013947e+01
   1.0066441e+01   9.9971255e+00  -4.9260711e+00   2.0070632e+01
   1.0128594e+01   9.9661555e+00  -4.9242427e+00   2.0096302e+01
   1.0097202e+01   9.9444499e+00  -4.9865811e+00   2.0019314e+01
   1.0097202e+01   9.9444499e+00  -4.9865811e+00   2.0019314e+01
   1.0097202e+01   9.9444499e+00  -4.9865811e+00   2.0019314e+01
   1.0097202e+01   9.9444499e+00  -4.9865811e+00   2.0019314e+01
   1.0097202e+01   9.9444499e+00  -4.9865811e+00   2.0019314e+01
   1.0097202e+01   9.9444499e+00  -4.9865811e+00   2.0019314e+01
   1.0097202e+01   9.9444499e+00  -4.9865811e+00   2.0019314e+01
   1.0097202e+01   9.9444499e+00  -4.9865811e+00   2.0019314e+01
   1.0097202e+01   9.9444499e+00  -4.9865811e+00   2.0019314e+01
   1.0097202e+01   9.9444499e+00  -4.9865811e+00   2.0019314e+01
   1.0097202e+01   9.9444499e+00  -4.9865811e+00   2.0019314e+01
   1.0097202e+01   9.9444499e+00  -4.9865811e+00   2.0019314e+01
   1.0097202e+01   9.9444499e+00  -4.9865811e+00   2.0019314e+01
   1.0053304e+01   9.9346536e+00  -5.0183093e+00   1.9961763e+01
   1.0062890e+01   9.9181329e+00  -5.0356681e+00   1.9963936e+01
   9.9506861e+00   9.9784460e+00  -5.0620558e+00   1.9935924e+01
   9.9863322e+00   9.9679973e+00  -5.0267161e+00   1.9957694e+01
