   4.0256072e+01   3.6106751e+01  -2.2206310e+01  -1.8527321e+01
   4.0129830e+01   3.5920382e+01  -2.2458048e+01  -1.8515840e+01
   4.0129830e+01   3.5920382e+01  -2.2458048e+01  -1.8515840e+01
   3.9846001e+01   3.5564733e+01  -2.2308178e+01  -1.8667128e+01
   3.9846001e+01   3.5564733e+01  -2.2308178e+01  -1.8667128e+01
   3.9871647e+01   3.5436161e+01  -2.2043958e+01  -1.8548187e+01
   3.9871647e+01   3.5436161e+01  -2.2043958e+01  -1.8548187e+01
   3.9775466e+01   3.5447793e+01  -2.2290014e+01  -1.8342658e+01
   3.9576795e+01   3.5269902e+01  -2.2111447e+01  -1.8117177e+01
   3.9576795e+01   3.5269902e+01  -2.2111447e+01  -1.8117177e+01
   3.9576795e+01   3.5269902e+01  -2.2111447e+01  -1.8117177e+01
   3.9741789e+01   3.5346957e+01  -2.2031845e+01  -1.7671738e+01
   3.9685172e+01   3.5733635e+01  -2.2053861e+01  -1.7453030e+01
   3.9685172e+01   3.5733635e+01  -2.2053861e+01  -1.7453030e+01
   3.9755817e+01   3.5628701e+01  -2.2139901e+01  -1.7680509e+01
   3.9755817e+01   3.5628701e+01  -2.2139901e+01  -1.7680509e+01
   3.9746916e+01   3.5808871e+01  -2.1600850e+01  -1.7690203e+01
   3.9587690e+01   3.5959291e+01  -2.1882083e+01  -1.7456112e+01
   3.9332444e+01   3.5872742e+01  -2.1992597e+01  -1.7441093e+01
   3.9332444e+01   3.5872742e+01  -2.1992597e+01  -1.7441093e+01
   3.9235440e+01   3.5765448e+01  -2.2333058e+01  -1.7353322e+01
   3.9257471e+01   3.5321466e+01  -2.2290713e+01  -1.7491326e+01
   3.9514336e+01   3.5239540e+01  -2.2408631e+01  -1.7179065e+01
   3.9514336e+01   3.5239540e+01  -2.2408631e+01  -1.7179065e+01
   3.9376266e+01   3.5448973e+01  -2.2570466e+01  -1.7199578e+01
   3.8972146e+01   3.4996062e+01  -2.2090734e+01  -1.7498508e+01
   3.9053026e+01   3.5065324e+01  -2.1610388e+01  -1.7442456e+01
   3.9348322e+01   3.5116863e+01  -2.1265190e+01  -1.7285108e+01
   3.9158758e+01   3.4800335e+01  -2.1256711e+01  -1.7205023e+01
   3.9158758e+01   3.4800335e+01  -2.1256711e+01  -1.7205023e+01
   3.9005310e+01   3.4716637e+01  -2.1439582e+01  -1.7219875e+01
   3.9005310e+01   3.4716637e+01  -2.1439582e+01  -1.7219875e+01
   3.9005310e+01   3.4716637e+01  -2.1439582e+01  -1.7219875e+01
   3.8915141e+01   3.4675865e+01  -2.1553149e+01  -1.7266553e+01
   3.8915141e+01   3.4675865e+01  -2.1553149e+01  -1.7266553e+01
   3.8915141e+01   3.4675865e+01  -2.1553149e+01  -1.7266553e+01
   3.8886853e+01   3.4440573e+01  -2.1824448e+01  -1.7298012e+01
   3.8747942e+01   3.4397199e+01  -2.1744033e+01  -1.7242782e+01
   3.8695047e+01   3.4489452e+01  -2.1802444e+01  -1.7309101e+01
   3.8695047e+01   3.4489452e+01  -2.1802444e+01  -1.7309101e+01
   3.8695047e+01   3.4489452e+01  -2.1802444e+01  -1.7309101e+01
   3.8660956e+01   3.4637702e+01  -2.1777601e+01  -1.7490603e+01
   3.8660956e+01   3.4637702e+01  -2.1777601e+01  -1.7490603e+01
   3.8390154e+01   3.4391854e+01  -2.1448327e+01  -1.7522824e+01
   3.8318009e+01   3.3944177e+01  -2.1876974e+01  -1.7479406e+01
   3.8318009e+01   3.3944177e+01  -2.1876974e+01  -1.7479406e+01
   3.8318009e+01   3.3944177e+01  -2.1876974e+01  -1.7479406e+01
   3.8318009e+01   3.3944177e+01  -2.1876974e+01  -1.7479406e+01
   3.8318009e+01   3.3944177e+01  -2.1876974e+01  -1.7479406e+01
   2.9350475e+01   1.8749153e+01  -4.0239742e+00   9.5746484e+00
   2.9962197e+01   1.9968978e+01  -5.0793693e+00   1.0025230e+01
   2.9953608e+01   1.9943627e+01  -5.0275222e+00   1.0034457e+01
   3.0000485e+01   1.9980761e+01  -5.0239734e+00   1.0022232e+01
   3.0000485e+01   1.9980761e+01  -5.0239734e+00   1.0022232e+01
   2.9975262e+01   1.9997080e+01  -5.0012921e+00   9.9940910e+00
   2.9975262e+01   1.9997080e+01  -5.0012921e+00   9.9940910e+00
   2.9975262e+01   1.9997080e+01  -5.0012921e+00   9.9940910e+00
   2.9975262e+01   1.9997080e+01  -5.0012921e+00   9.9940910e+00
   2.9975262e+01   1.9997080e+01  -5.0012921e+00   9.9940910e+00
   2.9975262e+01   1.9997080e+01  -5.0012921e+00   9.9940910e+00
   2.9959327e+01   2.0014503e+01  -5.0039022e+00   1.0028787e+01
   3.0009146e+01   2.0025572e+01  -5.0221412e+00   1.0019847e+01
   2.9979847e+01   1.9999735e+01  -4.9760507e+00   9.9934724e+00
   2.9979847e+01   1.9999735e+01  -4.9760507e+00   9.9934724e+00
   2.9976637e+01   2.0011923e+01  -5.0082819e+00   1.0014912e+01
   2.9973285e+01   2.0021020e+01  -5.0232219e+00   1.0008914e+01
   2.9976088e+01   2.0017827e+01  -4.9820246e+00   1.0012238e+01
   2.9976088e+01   2.0017827e+01  -4.9820246e+00   1.0012238e+01
   2.9977313e+01   1.9987188e+01  -5.0069056e+00   1.0009666e+01
   2.9985362e+01   2.0021117e+01  -4.9851429e+00   1.0066513e+01
   2.9976482e+01   2.0000747e+01  -5.0102531e+00   1.0002127e+01
   2.9981951e+01   2.0002352e+01  -5.0162730e+00   1.0003999e+01
   2.9985662e+01   2.0008373e+01  -5.0466092e+00   9.9986877e+00
   2.9985662e+01   2.0008373e+01  -5.0466092e+00   9.9986877e+00
   2.9985662e+01   2.0008373e+01  -5.0466092e+00   9.9986877e+00
   2.9956344e+01   2.0007006e+01  -5.0423355e+00   1.0001190e+01
   2.9968597e+01   1.9987795e+01  -4.9932093e+00   9.9890723e+00
   2.9986328e+01   1.9965168e+01  -4.9940184e+00   9.9635790e+00
   2.9979051e+01   2.0028234e+01  -5.0361992e+00   9.9811038e+00
   2.9979051e+01   2.0028234e+01  -5.0361992e+00   9.9811038e+00
   2.9966263e+01   1.9970095e+01  -4.9228035e+00   9.9528206e+00
   2.9966263e+01   1.9970095e+01  -4.9228035e+00   9.9528206e+00
   2.9934196e+01   1.9932547e+01  -4.9004646e+00   9.9486664e+00
   2.9934196e+01   1.9932547e+01  -4.9004646e+00   9.9486664e+00
   2.9934196e+01   1.9932547e+01  -4.9004646e+00   9.9486664e+00
   2.9934196e+01   1.9932547e+01  -4.9004646e+00   9.9486664e+00
   3.0049209e+01   2.0099062e+01  -5.0937062e+00   1.0030056e+01
   3.0049209e+01   2.0099062e+01  -5.0937062e+00   1.0030056e+01
   3.0049209e+01   2.0099062e+01  -5.0937062e+00   1.0030056e+01
   3.0049209e+01   2.0099062e+01  -5.0937062e+00   1.0030056e+01
   3.0049209e+01   2.0099062e+01  -5.0937062e+00   1.0030056e+01
   3.0049209e+01   2.0099062e+01  -5.0937062e+00   1.0030056e+01
   2.9955767e+01   1.9879085e+01  -4.9921431e+00   9.9881922e+00
   2.9955767e+01   1.9879085e+01  -4.9921431e+00   9.9881922e+00
   2.9955767e+01   1.9879085e+01  -4.9921431e+00   9.9881922e+00
   2.9955767e+01   1.9879085e+01  -4.9921431e+00   9.9881922e+00
   2.9955767e+01   1.9879085e+01  -4.9921431e+00   9.9881922e+00
   2.9955767e+01   1.9879085e+01  -4.9921431e+00   9.9881922e+00
   2.9955767e+01   1.9879085e+01  -4.9921431e+00   9.9881922e+00
   3.0008633e+01   2.0035721e+01  -5.0066955e+00   1.0006245e+01
