   3.9607163e+01   2.4952595e+01   5.6469736e+00   3.8933513e+00
   3.9607163e+01   2.4952595e+01   5.6469736e+00   3.8933513e+00
   3.9613345e+01   2.4867985e+01   5.7101035e+00   4.0745303e+00
   3.9592164e+01   2.4814219e+01   5.6625053e+00   3.8053525e+00
   3.9503112e+01   2.4648421e+01   5.3306965e+00   3.8194271e+00
   3.9703742e+01   2.4830514e+01   5.5457207e+00   4.0510253e+00
   3.9703742e+01   2.4830514e+01   5.5457207e+00   4.0510253e+00
   3.9733437e+01   2.4783281e+01   5.9518166e+00   4.2292462e+00
   3.9733437e+01   2.4783281e+01   5.9518166e+00   4.2292462e+00
   3.9373668e+01   2.4773650e+01   5.8561075e+00   4.2081258e+00
   3.9373668e+01   2.4773650e+01   5.8561075e+00   4.2081258e+00
   3.9147726e+01   2.4641396e+01   5.8269720e+00   4.4608258e+00
   3.9038441e+01   2.4600903e+01   5.8931253e+00   5.1095799e+00
   3.8964551e+01   2.4553793e+01   6.1269997e+00   5.2876707e+00
   3.9090244e+01   2.4727649e+01   6.2366627e+00   5.2495821e+00
   3.9279364e+01   2.4528534e+01   5.8362125e+00   5.0321063e+00
   3.9496209e+01   2.4531051e+01   5.7478867e+00   5.0655019e+00
   3.9522301e+01   2.4125843e+01   5.7091890e+00   4.9797583e+00
   3.9410325e+01   2.3895907e+01   5.6697852e+00   5.1210659e+00
   3.9410325e+01   2.3895907e+01   5.6697852e+00   5.1210659e+00
   3.9767721e+01   2.4053534e+01   5.5063462e+00   5.2442154e+00
   3.9520347e+01   2.4310664e+01   5.7058596e+00   5.2205009e+00
   3.9520347e+01   2.4310664e+01   5.7058596e+00   5.2205009e+00
   3.9556648e+01   2.4264592e+01   5.5307598e+00   5.3316994e+00
   3.9423719e+01   2.4392128e+01   5.3404003e+00   5.3263507e+00
   3.9438170e+01   2.4552821e+01   5.3752181e+00   5.3028903e+00
   3.9282453e+01   2.4830517e+01   5.2140504e+00   5.1046854e+00
   3.9282453e+01   2.4830517e+01   5.2140504e+00   5.1046854e+00
   3.9095508e+01   2.4853544e+01   5.0259001e+00   4.9398948e+00
   3.8747691e+01   2.4993304e+01   5.2145483e+00   4.9197648e+00
   3.8650266e+01   2.4789825e+01   5.0786792e+00   5.0108708e+00
   3.8355526e+01   2.4892603e+01   5.0136775e+00   4.9459228e+00
   3.8103879e+01   2.4827155e+01   4.9780787e+00   5.0118495e+00
   3.8155493e+01   2.5146508e+01   5.1118620e+00   4.8155846e+00
   3.8160229e+01   2.5159890e+01   4.5143206e+00   4.9862211e+00
   3.8398057e+01   2.5315141e+01   4.2703701e+00   5.0607822e+00
   3.8523934e+01   2.5159575e+01   4.1244259e+00   5.0304352e+00
   3.8523934e+01   2.5159575e+01   4.1244259e+00   5.0304352e+00
   3.8371426e+01   2.4979424e+01   4.4504294e+00   4.9579557e+00
   3.8532315e+01   2.4618820e+01   4.4168579e+00   4.5646561e+00
   3.8532315e+01   2.4618820e+01   4.4168579e+00   4.5646561e+00
   3.8532315e+01   2.4618820e+01   4.4168579e+00   4.5646561e+00
   3.8284056e+01   2.4735837e+01   4.5934987e+00   4.8564374e+00
   3.8039651e+01   2.4377282e+01   4.0705073e+00   5.1392086e+00
   3.8106284e+01   2.4775054e+01   4.0416794e+00   5.4361634e+00
   3.8413539e+01   2.4762543e+01   4.0866333e+00   5.3068901e+00
   3.8413539e+01   2.4762543e+01   4.0866333e+00   5.3068901e+00
   3.8436940e+01   2.4439458e+01   4.1666327e+00   5.3339544e+00
   3.8508903e+01   2.4317669e+01   4.6971877e+00   5.4627655e+00
   1.0000733e+01   1.9633184e+01  -4.5761835e+00   9.5526445e+00
   9.9767491e+00   2.0001882e+01  -5.0309618e+00   9.9453323e+00
   9.9767491e+00   2.0001882e+01  -5.0309618e+00   9.9453323e+00
   9.9767491e+00   2.0001882e+01  -5.0309618e+00   9.9453323e+00
   9.9767491e+00   2.0001882e+01  -5.0309618e+00   9.9453323e+00
   9.9767491e+00   2.0001882e+01  -5.0309618e+00   9.9453323e+00
   9.9767491e+00   2.0001882e+01  -5.0309618e+00   9.9453323e+00
   9.9444896e+00   1.9993465e+01  -5.0283817e+00   9.9514981e+00
   9.9133953e+00   2.0009649e+01  -5.0096861e+00   9.9392537e+00
   9.9133953e+00   2.0009649e+01  -5.0096861e+00   9.9392537e+00
   9.9414206e+00   1.9970178e+01  -5.0343139e+00   9.9436991e+00
   9.9838852e+00   1.9969973e+01  -4.9647615e+00   9.9647889e+00
   9.9838852e+00   1.9969973e+01  -4.9647615e+00   9.9647889e+00
   9.9838852e+00   1.9969973e+01  -4.9647615e+00   9.9647889e+00
   9.9943407e+00   2.0034876e+01  -4.9833051e+00   1.0001103e+01
   9.9943407e+00   2.0034876e+01  -4.9833051e+00   1.0001103e+01
   9.9943407e+00   2.0034876e+01  -4.9833051e+00   1.0001103e+01
   1.0019681e+01   2.0029485e+01  -4.9663973e+00   9.9694181e+00
   9.9778852e+00   1.9965949e+01  -4.9869012e+00   9.9924928e+00
   9.9731100e+00   2.0040104e+01  -5.0165339e+00   9.9554059e+00
   1.0015837e+01   2.0001784e+01  -4.9715600e+00   1.0013940e+01
   1.0028839e+01   1.9962556e+01  -5.0072345e+00   1.0039114e+01
   1.0026268e+01   1.9961190e+01  -4.9868317e+00   9.9741770e+00
   1.0027396e+01   2.0013229e+01  -4.9842841e+00   9.9684384e+00
   1.0012616e+01   1.9992096e+01  -5.0148457e+00   1.0007653e+01
   1.0003312e+01   2.0028004e+01  -4.9787499e+00   1.0000340e+01
   9.9463958e+00   2.0012188e+01  -4.9953968e+00   9.9797716e+00
   9.9463958e+00   2.0012188e+01  -4.9953968e+00   9.9797716e+00
   1.0024411e+01   2.0026204e+01  -4.9893050e+00   1.0047067e+01
   1.0024411e+01   2.0026204e+01  -4.9893050e+00   1.0047067e+01
   1.0024411e+01   2.0026204e+01  -4.9893050e+00   1.0047067e+01
   1.0043242e+01   1.9959177e+01  -4.9557484e+00   1.0024624e+01
   1.0074711e+01   1.9970632e+01  -5.0261112e+00   1.0076739e+01
   1.0026751e+01   1.9926511e+01  -5.0113645e+00   1.0007512e+01
   1.0026751e+01   1.9926511e+01  -5.0113645e+00   1.0007512e+01
   1.0026751e+01   1.9926511e+01  -5.0113645e+00   1.0007512e+01
   1.0026751e+01   1.9926511e+01  -5.0113645e+00   1.0007512e+01
   1.0026751e+01   1.9926511e+01  -5.0113645e+00   1.0007512e+01
   1.0026751e+01   1.9926511e+01  -5.0113645e+00   1.0007512e+01
   1.0026751e+01   1.9926511e+01  -5.0113645e+00   1.0007512e+01
   1.0026751e+01   1.9926511e+01  -5.0113645e+00   1.0007512e+01
   1.0026751e+01   1.9926511e+01  -5.0113645e+00   1.0007512e+01
   1.0026751e+01   1.9926511e+01  -5.0113645e+00   1.0007512e+01
   1.0026751e+01   1.9926511e+01  -5.0113645e+00   1.0007512e+01
   1.0029529e+01   1.9860082e+01  -5.0138477e+00   1.0010671e+01
   1.0029529e+01   1.9860082e+01  -5.0138477e+00   1.0010671e+01
   1.0029529e+01   1.9860082e+01  -5.0138477e+00   1.0010671e+01
   1.0029529e+01   1.9860082e+01  -5.0138477e+00   1.0010671e+01
   1.0029529e+01   1.9860082e+01  -5.0138477e+00   1.0010671e+01
   1.0029529e+01   1.9860082e+01  -5.0138477e+00   1.0010671e+01
   1.0029529e+01   1.9860082e+01  -5.0138477e+00   1.0010671e+01
