  -1.0547635e+01  -1.1373964e+01   1.1525173e+01  -6.3757943e+00
  -1.0547635e+01  -1.1373964e+01   1.1525173e+01  -6.3757943e+00
  -1.0535005e+01  -1.1506632e+01   1.1462699e+01  -6.4067885e+00
  -1.0090545e+01  -1.1488841e+01   1.1709125e+01  -6.5209215e+00
  -1.0090545e+01  -1.1488841e+01   1.1709125e+01  -6.5209215e+00
  -1.0090545e+01  -1.1488841e+01   1.1709125e+01  -6.5209215e+00
  -9.9571979e+00  -1.1430358e+01   1.1851974e+01  -6.2079117e+00
  -9.9021503e+00  -1.1162332e+01   1.1427166e+01  -6.0087068e+00
  -9.9021503e+00  -1.1162332e+01   1.1427166e+01  -6.0087068e+00
  -9.9021503e+00  -1.1162332e+01   1.1427166e+01  -6.0087068e+00
  -9.5827336e+00  -1.1581323e+01   1.1735299e+01  -5.9477912e+00
  -9.5827336e+00  -1.1581323e+01   1.1735299e+01  -5.9477912e+00
  -9.3588728e+00  -1.1720448e+01   1.1560739e+01  -5.7770704e+00
  -9.0671625e+00  -1.1784227e+01   1.1309957e+01  -5.7938214e+00
  -8.7175316e+00  -1.1531952e+01   1.0918069e+01  -6.0172216e+00
  -8.8237202e+00  -1.1411893e+01   1.0671402e+01  -6.1936197e+00
  -9.0349193e+00  -1.1641002e+01   1.0645499e+01  -6.0066819e+00
  -8.8957505e+00  -1.1855237e+01   1.0359883e+01  -5.9516348e+00
  -8.7015476e+00  -1.1762296e+01   1.0501468e+01  -6.1192068e+00
  -8.7015476e+00  -1.1762296e+01   1.0501468e+01  -6.1192068e+00
  -8.5457504e+00  -1.1505966e+01   1.0664819e+01  -6.3751980e+00
  -8.8899405e+00  -1.1692114e+01   1.0714714e+01  -6.2437161e+00
  -8.8899405e+00  -1.1692114e+01   1.0714714e+01  -6.2437161e+00
  -8.4672647e+00  -1.1688120e+01   1.0680125e+01  -6.0858066e+00
  -8.4672647e+00  -1.1688120e+01   1.0680125e+01  -6.0858066e+00
  -8.5894285e+00  -1.1655626e+01   1.0830805e+01  -6.0569882e+00
  -8.5894285e+00  -1.1655626e+01   1.0830805e+01  -6.0569882e+00
  -8.5894285e+00  -1.1655626e+01   1.0830805e+01  -6.0569882e+00
  -8.7694086e+00  -1.1817998e+01   1.0851979e+01  -5.8529398e+00
  -8.5397229e+00  -1.1927669e+01   1.0947283e+01  -5.8476728e+00
  -8.2669263e+00  -1.2035683e+01   1.0979027e+01  -5.9989591e+00
  -8.1060159e+00  -1.2150771e+01   1.1010416e+01  -5.9683157e+00
  -7.7012544e+00  -1.2158075e+01   1.0929186e+01  -5.8740903e+00
  -7.7012544e+00  -1.2158075e+01   1.0929186e+01  -5.8740903e+00
  -7.7109355e+00  -1.1833237e+01   1.1079515e+01  -5.6753807e+00
  -7.7109355e+00  -1.1833237e+01   1.1079515e+01  -5.6753807e+00
  -7.4780324e+00  -1.1964980e+01   1.0967734e+01  -5.5942553e+00
  -7.5263965e+00  -1.2195481e+01   1.1084207e+01  -5.7362463e+00
  -7.5263965e+00  -1.2195481e+01   1.1084207e+01  -5.7362463e+00
  -7.5145217e+00  -1.2033758e+01   1.1382962e+01  -5.4272036e+00
  -7.1557756e+00  -1.1690291e+01   1.1668071e+01  -5.1055509e+00
  -7.1557756e+00  -1.1690291e+01   1.1668071e+01  -5.1055509e+00
  -7.1557756e+00  -1.1690291e+01   1.1668071e+01  -5.1055509e+00
  -7.3071445e+00  -1.1773068e+01   1.1659520e+01  -4.9425834e+00
  -7.3071445e+00  -1.1773068e+01   1.1659520e+01  -4.9425834e+00
  -7.3660882e+00  -1.1738145e+01   1.1828546e+01  -4.9459483e+00
  -7.3660882e+00  -1.1738145e+01   1.1828546e+01  -4.9459483e+00
  -7.3660882e+00  -1.1738145e+01   1.1828546e+01  -4.9459483e+00
  -7.3660882e+00  -1.1738145e+01   1.1828546e+01  -4.9459483e+00
  -5.4301402e+00   1.0066014e+01   2.9270389e+01   2.0222233e+01
  -5.4301402e+00   1.0066014e+01   2.9270389e+01   2.0222233e+01
  -5.4301402e+00   1.0066014e+01   2.9270389e+01   2.0222233e+01
  -5.4301402e+00   1.0066014e+01   2.9270389e+01   2.0222233e+01
  -5.4301402e+00   1.0066014e+01   2.9270389e+01   2.0222233e+01
  -5.4301402e+00   1.0066014e+01   2.9270389e+01   2.0222233e+01
  -5.0768569e+00   9.9190375e+00   2.9830396e+01   1.9904266e+01
  -5.0188923e+00   9.9287659e+00   2.9929817e+01   1.9941852e+01
  -4.9563037e+00   9.9406074e+00   3.0025220e+01   2.0034204e+01
  -4.9854422e+00   9.9511107e+00   2.9957405e+01   1.9949619e+01
  -4.9640444e+00   9.9518397e+00   2.9979236e+01   1.9991911e+01
  -4.9967019e+00   9.9987591e+00   2.9949769e+01   1.9972864e+01
  -4.9967019e+00   9.9987591e+00   2.9949769e+01   1.9972864e+01
  -4.9967019e+00   9.9987591e+00   2.9949769e+01   1.9972864e+01
  -4.9967019e+00   9.9987591e+00   2.9949769e+01   1.9972864e+01
  -4.9942253e+00   9.9751991e+00   2.9972322e+01   1.9996771e+01
  -4.9958036e+00   9.9557659e+00   3.0014898e+01   2.0028970e+01
  -4.9798260e+00   9.9861807e+00   3.0005137e+01   2.0038680e+01
  -4.9798260e+00   9.9861807e+00   3.0005137e+01   2.0038680e+01
  -4.9798260e+00   9.9861807e+00   3.0005137e+01   2.0038680e+01
  -4.9717828e+00   9.9713257e+00   3.0003360e+01   2.0017602e+01
  -5.0172243e+00   9.9836830e+00   2.9959570e+01   1.9996525e+01
  -5.0172243e+00   9.9836830e+00   2.9959570e+01   1.9996525e+01
  -5.0172243e+00   9.9836830e+00   2.9959570e+01   1.9996525e+01
  -5.0172243e+00   9.9836830e+00   2.9959570e+01   1.9996525e+01
  -4.9646813e+00   1.0005410e+01   3.0022387e+01   2.0031025e+01
  -4.9909219e+00   9.9946441e+00   2.9991018e+01   1.9988462e+01
  -5.0103880e+00   1.0003883e+01   2.9939841e+01   1.9972474e+01
  -5.0103880e+00   1.0003883e+01   2.9939841e+01   1.9972474e+01
  -5.0103880e+00   1.0003883e+01   2.9939841e+01   1.9972474e+01
  -5.0103880e+00   1.0003883e+01   2.9939841e+01   1.9972474e+01
  -5.0103880e+00   1.0003883e+01   2.9939841e+01   1.9972474e+01
  -5.0103880e+00   1.0003883e+01   2.9939841e+01   1.9972474e+01
  -5.0103880e+00   1.0003883e+01   2.9939841e+01   1.9972474e+01
  -5.0103880e+00   1.0003883e+01   2.9939841e+01   1.9972474e+01
  -5.0103880e+00   1.0003883e+01   2.9939841e+01   1.9972474e+01
  -5.0103880e+00   1.0003883e+01   2.9939841e+01   1.9972474e+01
  -5.0103880e+00   1.0003883e+01   2.9939841e+01   1.9972474e+01
  -5.0103880e+00   1.0003883e+01   2.9939841e+01   1.9972474e+01
  -5.0103880e+00   1.0003883e+01   2.9939841e+01   1.9972474e+01
  -5.0103880e+00   1.0003883e+01   2.9939841e+01   1.9972474e+01
  -5.0103880e+00   1.0003883e+01   2.9939841e+01   1.9972474e+01
  -5.0103880e+00   1.0003883e+01   2.9939841e+01   1.9972474e+01
  -5.0103880e+00   1.0003883e+01   2.9939841e+01   1.9972474e+01
  -5.0103880e+00   1.0003883e+01   2.9939841e+01   1.9972474e+01
  -5.0103880e+00   1.0003883e+01   2.9939841e+01   1.9972474e+01
  -5.0103880e+00   1.0003883e+01   2.9939841e+01   1.9972474e+01
  -5.0103880e+00   1.0003883e+01   2.9939841e+01   1.9972474e+01
  -5.0103880e+00   1.0003883e+01   2.9939841e+01   1.9972474e+01
  -5.0103880e+00   1.0003883e+01   2.9939841e+01   1.9972474e+01
  -5.0103880e+00   1.0003883e+01   2.9939841e+01   1.9972474e+01
