   3.7193942e+01  -2.5896012e+01  -5.9338323e+00   4.1864484e+01
   3.6932974e+01  -2.5691346e+01  -5.5482263e+00   4.2056105e+01
   3.6943270e+01  -2.5317691e+01  -5.4263210e+00   4.2047155e+01
   3.6943270e+01  -2.5317691e+01  -5.4263210e+00   4.2047155e+01
   3.6787912e+01  -2.5136290e+01  -5.6645719e+00   4.1954917e+01
   3.6787912e+01  -2.5136290e+01  -5.6645719e+00   4.1954917e+01
   3.6809917e+01  -2.5210106e+01  -5.8241847e+00   4.2133261e+01
   3.6454128e+01  -2.5444598e+01  -5.7795162e+00   4.1854213e+01
   3.6431744e+01  -2.5378650e+01  -6.0313052e+00   4.1816729e+01
   3.6431744e+01  -2.5378650e+01  -6.0313052e+00   4.1816729e+01
   3.6240280e+01  -2.5092129e+01  -5.9982574e+00   4.1754238e+01
   3.6240280e+01  -2.5092129e+01  -5.9982574e+00   4.1754238e+01
   3.6065723e+01  -2.4884728e+01  -5.6977054e+00   4.1729644e+01
   3.6065723e+01  -2.4884728e+01  -5.6977054e+00   4.1729644e+01
   3.6347192e+01  -2.4863835e+01  -5.5526999e+00   4.1617467e+01
   3.6347192e+01  -2.4863835e+01  -5.5526999e+00   4.1617467e+01
   3.6347192e+01  -2.4863835e+01  -5.5526999e+00   4.1617467e+01
   3.6243297e+01  -2.4653611e+01  -5.7492501e+00   4.1339339e+01
   3.5976287e+01  -2.4685394e+01  -5.7051458e+00   4.1186964e+01
   3.6050735e+01  -2.4582593e+01  -5.7752405e+00   4.1167838e+01
   3.5835368e+01  -2.4517234e+01  -5.5168454e+00   4.1142125e+01
   3.5749883e+01  -2.4323678e+01  -5.6812432e+00   4.1142358e+01
   3.5305030e+01  -2.4123103e+01  -5.7752234e+00   4.1120564e+01
   3.5310937e+01  -2.4017850e+01  -5.6055163e+00   4.1059365e+01
   3.5178435e+01  -2.4035388e+01  -5.3179199e+00   4.1224654e+01
   3.5176352e+01  -2.3959791e+01  -5.1434886e+00   4.1013078e+01
   3.5212981e+01  -2.3904422e+01  -5.0594463e+00   4.0900145e+01
   3.5248960e+01  -2.4049541e+01  -5.3584162e+00   4.0594516e+01
   3.5248960e+01  -2.4049541e+01  -5.3584162e+00   4.0594516e+01
   3.5412451e+01  -2.3756167e+01  -5.5922203e+00   4.0644044e+01
   3.5502128e+01  -2.3725151e+01  -5.5035804e+00   4.0798243e+01
   3.5502128e+01  -2.3725151e+01  -5.5035804e+00   4.0798243e+01
   3.5502128e+01  -2.3725151e+01  -5.5035804e+00   4.0798243e+01
   3.5510558e+01  -2.3567498e+01  -5.6266413e+00   4.0673345e+01
   3.5584606e+01  -2.3539060e+01  -5.6737983e+00   4.0610678e+01
   3.5584606e+01  -2.3539060e+01  -5.6737983e+00   4.0610678e+01
   3.5584606e+01  -2.3539060e+01  -5.6737983e+00   4.0610678e+01
   3.5676457e+01  -2.3454757e+01  -5.3882872e+00   4.0445795e+01
   3.5955780e+01  -2.3581285e+01  -5.5454147e+00   4.0382087e+01
   3.5955780e+01  -2.3581285e+01  -5.5454147e+00   4.0382087e+01
   3.5616768e+01  -2.3697247e+01  -5.2835318e+00   4.0596530e+01
   3.5741255e+01  -2.3678997e+01  -5.5420196e+00   4.0520964e+01
   3.5809902e+01  -2.3689711e+01  -5.1503701e+00   4.0756521e+01
   3.5873029e+01  -2.3611501e+01  -5.3347010e+00   4.0723055e+01
   3.5930531e+01  -2.3750328e+01  -5.5580837e+00   4.0525675e+01
   3.5988155e+01  -2.3442636e+01  -5.5372668e+00   4.0169670e+01
   3.5988155e+01  -2.3442636e+01  -5.5372668e+00   4.0169670e+01
   3.5839560e+01  -2.3384632e+01  -5.6618044e+00   3.9929351e+01
   3.5777468e+01  -2.3425095e+01  -6.0664926e+00   4.0077985e+01
   1.2045628e+01   1.1131049e+01  -6.6001251e+00   1.7943699e+01
   1.2045628e+01   1.1131049e+01  -6.6001251e+00   1.7943699e+01
   9.9068109e+00   9.9842425e+00  -5.1584924e+00   2.0037514e+01
   1.0715566e+01   9.6472745e+00  -5.6961551e+00   2.0334247e+01
   1.0715566e+01   9.6472745e+00  -5.6961551e+00   2.0334247e+01
   1.0715566e+01   9.6472745e+00  -5.6961551e+00   2.0334247e+01
   1.0715566e+01   9.6472745e+00  -5.6961551e+00   2.0334247e+01
   1.0715566e+01   9.6472745e+00  -5.6961551e+00   2.0334247e+01
   1.0715566e+01   9.6472745e+00  -5.6961551e+00   2.0334247e+01
   1.0715566e+01   9.6472745e+00  -5.6961551e+00   2.0334247e+01
   1.0715566e+01   9.6472745e+00  -5.6961551e+00   2.0334247e+01
   1.0715566e+01   9.6472745e+00  -5.6961551e+00   2.0334247e+01
   1.0715566e+01   9.6472745e+00  -5.6961551e+00   2.0334247e+01
   1.0715566e+01   9.6472745e+00  -5.6961551e+00   2.0334247e+01
   1.0715566e+01   9.6472745e+00  -5.6961551e+00   2.0334247e+01
   1.0589345e+01   9.7439196e+00  -5.5748408e+00   2.0324583e+01
   1.0589345e+01   9.7439196e+00  -5.5748408e+00   2.0324583e+01
   1.0589345e+01   9.7439196e+00  -5.5748408e+00   2.0324583e+01
   1.0589345e+01   9.7439196e+00  -5.5748408e+00   2.0324583e+01
   1.0589345e+01   9.7439196e+00  -5.5748408e+00   2.0324583e+01
   1.0589345e+01   9.7439196e+00  -5.5748408e+00   2.0324583e+01
   1.0589345e+01   9.7439196e+00  -5.5748408e+00   2.0324583e+01
   1.0589345e+01   9.7439196e+00  -5.5748408e+00   2.0324583e+01
   1.0589345e+01   9.7439196e+00  -5.5748408e+00   2.0324583e+01
   1.0589345e+01   9.7439196e+00  -5.5748408e+00   2.0324583e+01
   1.0568854e+01   9.6998059e+00  -5.4643803e+00   2.0276984e+01
   1.0568854e+01   9.6998059e+00  -5.4643803e+00   2.0276984e+01
   1.0568854e+01   9.6998059e+00  -5.4643803e+00   2.0276984e+01
   1.0568854e+01   9.6998059e+00  -5.4643803e+00   2.0276984e+01
   1.0568854e+01   9.6998059e+00  -5.4643803e+00   2.0276984e+01
   1.0568854e+01   9.6998059e+00  -5.4643803e+00   2.0276984e+01
   1.0568854e+01   9.6998059e+00  -5.4643803e+00   2.0276984e+01
   1.0568854e+01   9.6998059e+00  -5.4643803e+00   2.0276984e+01
   1.0568854e+01   9.6998059e+00  -5.4643803e+00   2.0276984e+01
   1.0568854e+01   9.6998059e+00  -5.4643803e+00   2.0276984e+01
   1.0568854e+01   9.6998059e+00  -5.4643803e+00   2.0276984e+01
   1.0568854e+01   9.6998059e+00  -5.4643803e+00   2.0276984e+01
   1.0568854e+01   9.6998059e+00  -5.4643803e+00   2.0276984e+01
   1.0568854e+01   9.6998059e+00  -5.4643803e+00   2.0276984e+01
   1.0568854e+01   9.6998059e+00  -5.4643803e+00   2.0276984e+01
   1.0568854e+01   9.6998059e+00  -5.4643803e+00   2.0276984e+01
   1.0568854e+01   9.6998059e+00  -5.4643803e+00   2.0276984e+01
   1.0568854e+01   9.6998059e+00  -5.4643803e+00   2.0276984e+01
   1.0568854e+01   9.6998059e+00  -5.4643803e+00   2.0276984e+01
   1.0568854e+01   9.6998059e+00  -5.4643803e+00   2.0276984e+01
   1.0568854e+01   9.6998059e+00  -5.4643803e+00   2.0276984e+01
   1.0568854e+01   9.6998059e+00  -5.4643803e+00   2.0276984e+01
   1.0556392e+01   9.7488897e+00  -5.4843005e+00   2.0140430e+01
   1.0556392e+01   9.7488897e+00  -5.4843005e+00   2.0140430e+01
   1.0556392e+01   9.7488897e+00  -5.4843005e+00   2.0140430e+01
   1.0556392e+01   9.7488897e+00  -5.4843005e+00   2.0140430e+01
