  -2.8164987e+01  -2.6913201e+01   1.2942417e+01   3.1663678e+01
  -2.8164987e+01  -2.6913201e+01   1.2942417e+01   3.1663678e+01
  -2.7839465e+01  -2.6981255e+01   1.3340657e+01   3.2101903e+01
  -2.7612228e+01  -2.6981373e+01   1.3522750e+01   3.1931381e+01
  -2.7612228e+01  -2.6981373e+01   1.3522750e+01   3.1931381e+01
  -2.7612228e+01  -2.6981373e+01   1.3522750e+01   3.1931381e+01
  -2.7546984e+01  -2.7041269e+01   1.3398607e+01   3.1668267e+01
  -2.7162292e+01  -2.6723705e+01   1.3287732e+01   3.1702928e+01
  -2.6912360e+01  -2.6843197e+01   1.3175554e+01   3.1471404e+01
  -2.6912360e+01  -2.6843197e+01   1.3175554e+01   3.1471404e+01
  -2.6912360e+01  -2.6843197e+01   1.3175554e+01   3.1471404e+01
  -2.6912360e+01  -2.6843197e+01   1.3175554e+01   3.1471404e+01
  -2.6912360e+01  -2.6843197e+01   1.3175554e+01   3.1471404e+01
  -2.7016037e+01  -2.7010246e+01   1.3336031e+01   3.1122318e+01
  -2.6770130e+01  -2.6859722e+01   1.3244831e+01   3.1140313e+01
  -2.6770130e+01  -2.6859722e+01   1.3244831e+01   3.1140313e+01
  -2.6662312e+01  -2.6802656e+01   1.3156400e+01   3.1226195e+01
  -2.6428534e+01  -2.6754757e+01   1.3306618e+01   3.0950973e+01
  -2.6428534e+01  -2.6754757e+01   1.3306618e+01   3.0950973e+01
  -2.6413122e+01  -2.6495219e+01   1.3369983e+01   3.0942274e+01
  -2.6348422e+01  -2.6587880e+01   1.3188257e+01   3.1131708e+01
  -2.6268972e+01  -2.6678919e+01   1.3273878e+01   3.1142834e+01
  -2.6204677e+01  -2.6520231e+01   1.3453006e+01   3.1205917e+01
  -2.6371339e+01  -2.6695362e+01   1.3391100e+01   3.1263242e+01
  -2.6371339e+01  -2.6695362e+01   1.3391100e+01   3.1263242e+01
  -2.6306853e+01  -2.6241845e+01   1.3407480e+01   3.1022717e+01
  -2.6306853e+01  -2.6241845e+01   1.3407480e+01   3.1022717e+01
  -2.6127358e+01  -2.6183037e+01   1.3424083e+01   3.0910835e+01
  -2.6213521e+01  -2.6163741e+01   1.3386921e+01   3.1073145e+01
  -2.6252968e+01  -2.6272216e+01   1.3376807e+01   3.0986934e+01
  -2.6252968e+01  -2.6272216e+01   1.3376807e+01   3.0986934e+01
  -2.6252968e+01  -2.6272216e+01   1.3376807e+01   3.0986934e+01
  -2.6045946e+01  -2.6437961e+01   1.3609320e+01   3.0847893e+01
  -2.6045946e+01  -2.6437961e+01   1.3609320e+01   3.0847893e+01
  -2.5745176e+01  -2.6357586e+01   1.3841048e+01   3.0677143e+01
  -2.5745176e+01  -2.6357586e+01   1.3841048e+01   3.0677143e+01
  -2.5745176e+01  -2.6357586e+01   1.3841048e+01   3.0677143e+01
  -2.5402695e+01  -2.6346749e+01   1.3698266e+01   3.1058658e+01
  -2.5487008e+01  -2.6264748e+01   1.3777382e+01   3.0980136e+01
  -2.5346110e+01  -2.6348319e+01   1.3610923e+01   3.0994979e+01
  -2.5332926e+01  -2.6082312e+01   1.3635197e+01   3.1114646e+01
  -2.5332926e+01  -2.6082312e+01   1.3635197e+01   3.1114646e+01
  -2.5332926e+01  -2.6082312e+01   1.3635197e+01   3.1114646e+01
  -2.5332926e+01  -2.6082312e+01   1.3635197e+01   3.1114646e+01
  -2.5504746e+01  -2.5950063e+01   1.3870043e+01   3.1178145e+01
  -2.5504746e+01  -2.5950063e+01   1.3870043e+01   3.1178145e+01
  -2.5388271e+01  -2.5982124e+01   1.4138708e+01   3.1079505e+01
  -2.5388271e+01  -2.5982124e+01   1.4138708e+01   3.1079505e+01
  -2.5388271e+01  -2.5982124e+01   1.4138708e+01   3.1079505e+01
  -5.2188536e+00   8.6666370e+00   2.8385409e+01   1.9725468e+01
  -5.0691191e+00   1.0011318e+01   2.9962785e+01   2.0030348e+01
  -5.0122587e+00   1.0043983e+01   2.9962959e+01   1.9979718e+01
  -4.9864576e+00   1.0031590e+01   2.9963767e+01   1.9957673e+01
  -5.0055377e+00   9.9561460e+00   2.9944319e+01   1.9977507e+01
  -5.0243656e+00   9.9423784e+00   2.9990286e+01   2.0009292e+01
  -5.0170524e+00   1.0024000e+01   2.9978651e+01   2.0007389e+01
  -5.0170524e+00   1.0024000e+01   2.9978651e+01   2.0007389e+01
  -4.9791239e+00   9.9795416e+00   2.9987238e+01   1.9999227e+01
  -4.9769506e+00   9.9591526e+00   2.9939640e+01   1.9951104e+01
  -4.9769506e+00   9.9591526e+00   2.9939640e+01   1.9951104e+01
  -5.0102286e+00   1.0008162e+01   3.0004527e+01   1.9994890e+01
  -4.9842744e+00   9.9674716e+00   3.0011559e+01   2.0044393e+01
  -4.9842744e+00   9.9674716e+00   3.0011559e+01   2.0044393e+01
  -4.9842744e+00   9.9674716e+00   3.0011559e+01   2.0044393e+01
  -4.9842744e+00   9.9674716e+00   3.0011559e+01   2.0044393e+01
  -4.9842744e+00   9.9674716e+00   3.0011559e+01   2.0044393e+01
  -5.0048954e+00   9.9662245e+00   2.9955521e+01   1.9947034e+01
  -4.9864536e+00   9.9775446e+00   2.9972237e+01   1.9949952e+01
  -4.9769619e+00   1.0001590e+01   3.0010974e+01   1.9982252e+01
  -4.9810077e+00   9.9901695e+00   3.0013758e+01   2.0000608e+01
  -5.0447472e+00   9.9806194e+00   2.9992274e+01   2.0023067e+01
  -5.0447472e+00   9.9806194e+00   2.9992274e+01   2.0023067e+01
  -5.0246785e+00   9.9806020e+00   2.9995779e+01   2.0030749e+01
  -5.0334245e+00   9.9447999e+00   2.9960294e+01   1.9953483e+01
  -4.9957877e+00   1.0019169e+01   3.0009515e+01   1.9986495e+01
  -4.9899116e+00   1.0013860e+01   2.9963878e+01   1.9942805e+01
  -4.9699587e+00   1.0014360e+01   3.0013249e+01   1.9990921e+01
  -5.0000766e+00   9.9993979e+00   3.0003138e+01   2.0013193e+01
  -5.0000766e+00   9.9993979e+00   3.0003138e+01   2.0013193e+01
  -5.0000766e+00   9.9993979e+00   3.0003138e+01   2.0013193e+01
  -5.0000766e+00   9.9993979e+00   3.0003138e+01   2.0013193e+01
  -5.0000766e+00   9.9993979e+00   3.0003138e+01   2.0013193e+01
  -5.0000766e+00   9.9993979e+00   3.0003138e+01   2.0013193e+01
  -5.0000766e+00   9.9993979e+00   3.0003138e+01   2.0013193e+01
  -5.0000766e+00   9.9993979e+00   3.0003138e+01   2.0013193e+01
  -5.0000766e+00   9.9993979e+00   3.0003138e+01   2.0013193e+01
  -5.0000766e+00   9.9993979e+00   3.0003138e+01   2.0013193e+01
  -5.0000766e+00   9.9993979e+00   3.0003138e+01   2.0013193e+01
  -5.0000766e+00   9.9993979e+00   3.0003138e+01   2.0013193e+01
  -5.0000766e+00   9.9993979e+00   3.0003138e+01   2.0013193e+01
  -5.0000766e+00   9.9993979e+00   3.0003138e+01   2.0013193e+01
  -5.0000766e+00   9.9993979e+00   3.0003138e+01   2.0013193e+01
  -5.0000766e+00   9.9993979e+00   3.0003138e+01   2.0013193e+01
  -5.0000766e+00   9.9993979e+00   3.0003138e+01   2.0013193e+01
  -5.0000766e+00   9.9993979e+00   3.0003138e+01   2.0013193e+01
  -5.0000766e+00   9.9993979e+00   3.0003138e+01   2.0013193e+01
  -5.0000766e+00   9.9993979e+00   3.0003138e+01   2.0013193e+01
  -5.0000766e+00   9.9993979e+00   3.0003138e+01   2.0013193e+01
  -5.0000766e+00   9.9993979e+00   3.0003138e+01   2.0013193e+01
  -5.0000766e+00   9.9993979e+00   3.0003138e+01   2.0013193e+01
