   4.5811703e+01   2.1127098e+01   4.8302617e+01  -6.2138791e+00
   4.5811703e+01   2.1127098e+01   4.8302617e+01  -6.2138791e+00
   4.5648218e+01   2.1142148e+01   4.8685332e+01  -5.9134644e+00
   4.5817469e+01   2.1140563e+01   4.8719050e+01  -6.2297817e+00
   4.5962033e+01   2.1167876e+01   4.8441852e+01  -6.1599298e+00
   4.5962033e+01   2.1167876e+01   4.8441852e+01  -6.1599298e+00
   4.5962033e+01   2.1167876e+01   4.8441852e+01  -6.1599298e+00
   4.5678840e+01   2.1202957e+01   4.8499153e+01  -6.1746681e+00
   4.5589206e+01   2.1237109e+01   4.8559600e+01  -6.4495167e+00
   4.5638775e+01   2.1133989e+01   4.8378073e+01  -6.5571922e+00
   4.5304131e+01   2.0854658e+01   4.8418114e+01  -6.9213496e+00
   4.5122064e+01   2.0765007e+01   4.8157574e+01  -6.7087866e+00
   4.5122064e+01   2.0765007e+01   4.8157574e+01  -6.7087866e+00
   4.5097467e+01   2.0533670e+01   4.7972510e+01  -6.8231968e+00
   4.5097467e+01   2.0533670e+01   4.7972510e+01  -6.8231968e+00
   4.5097467e+01   2.0533670e+01   4.7972510e+01  -6.8231968e+00
   4.5097467e+01   2.0533670e+01   4.7972510e+01  -6.8231968e+00
   4.4922627e+01   2.0664773e+01   4.7797590e+01  -6.5637135e+00
   4.5085523e+01   2.0503864e+01   4.7530483e+01  -6.5849187e+00
   4.4791726e+01   2.1008438e+01   4.7596151e+01  -6.3292199e+00
   4.4791726e+01   2.1008438e+01   4.7596151e+01  -6.3292199e+00
   4.4953059e+01   2.0981072e+01   4.7689521e+01  -6.2067561e+00
   4.5076394e+01   2.0901775e+01   4.7730129e+01  -6.3448499e+00
   4.4579316e+01   2.0749049e+01   4.7963703e+01  -6.5295428e+00
   4.4362920e+01   2.0525962e+01   4.7636303e+01  -6.7582871e+00
   4.4222463e+01   2.0517093e+01   4.7558397e+01  -6.6063419e+00
   4.4222463e+01   2.0517093e+01   4.7558397e+01  -6.6063419e+00
   4.4222463e+01   2.0517093e+01   4.7558397e+01  -6.6063419e+00
   4.3936126e+01   2.0382731e+01   4.7656453e+01  -6.4201275e+00
   4.3936126e+01   2.0382731e+01   4.7656453e+01  -6.4201275e+00
   4.3906678e+01   2.0604436e+01   4.7585963e+01  -6.2089838e+00
   4.3906678e+01   2.0604436e+01   4.7585963e+01  -6.2089838e+00
   4.3906678e+01   2.0604436e+01   4.7585963e+01  -6.2089838e+00
   4.3762443e+01   2.0172706e+01   4.7488625e+01  -6.3173207e+00
   4.3762443e+01   2.0172706e+01   4.7488625e+01  -6.3173207e+00
   4.3753513e+01   2.0059429e+01   4.7356158e+01  -6.4605014e+00
   4.3657291e+01   1.9556655e+01   4.6770443e+01  -6.1472013e+00
   4.3792664e+01   1.9713550e+01   4.6857818e+01  -6.2628612e+00
   4.3856460e+01   1.9914479e+01   4.7069915e+01  -6.1612704e+00
   4.3714586e+01   2.0506975e+01   4.7032919e+01  -6.1335456e+00
   4.3272191e+01   2.0763663e+01   4.7142398e+01  -6.1231717e+00
   4.3272191e+01   2.0763663e+01   4.7142398e+01  -6.1231717e+00
   4.3272191e+01   2.0763663e+01   4.7142398e+01  -6.1231717e+00
   4.3414040e+01   2.0774001e+01   4.7202067e+01  -6.0321495e+00
   4.3602015e+01   2.0667178e+01   4.7299584e+01  -6.0137325e+00
   4.3602015e+01   2.0667178e+01   4.7299584e+01  -6.0137325e+00
   4.3602015e+01   2.0667178e+01   4.7299584e+01  -6.0137325e+00
   4.3464387e+01   2.0629570e+01   4.7145772e+01  -5.9092737e+00
   4.3464387e+01   2.0629570e+01   4.7145772e+01  -5.9092737e+00
  -4.9671576e+00   2.1037524e+01   1.1145963e+01   9.3772413e+00
  -4.9671576e+00   2.1037524e+01   1.1145963e+01   9.3772413e+00
  -4.9671576e+00   2.1037524e+01   1.1145963e+01   9.3772413e+00
  -4.9671576e+00   2.1037524e+01   1.1145963e+01   9.3772413e+00
  -4.9671576e+00   2.1037524e+01   1.1145963e+01   9.3772413e+00
  -4.9671576e+00   2.1037524e+01   1.1145963e+01   9.3772413e+00
  -5.1517866e+00   2.0400162e+01   1.0002384e+01   9.5838184e+00
  -5.3494699e+00   2.0521926e+01   1.0296907e+01   9.4721879e+00
  -5.3494699e+00   2.0521926e+01   1.0296907e+01   9.4721879e+00
  -5.3494699e+00   2.0521926e+01   1.0296907e+01   9.4721879e+00
  -5.3494699e+00   2.0521926e+01   1.0296907e+01   9.4721879e+00
  -5.3494699e+00   2.0521926e+01   1.0296907e+01   9.4721879e+00
  -5.3494699e+00   2.0521926e+01   1.0296907e+01   9.4721879e+00
  -5.3494699e+00   2.0521926e+01   1.0296907e+01   9.4721879e+00
  -5.3494699e+00   2.0521926e+01   1.0296907e+01   9.4721879e+00
  -5.3494699e+00   2.0521926e+01   1.0296907e+01   9.4721879e+00
  -5.3494699e+00   2.0521926e+01   1.0296907e+01   9.4721879e+00
  -5.3494699e+00   2.0521926e+01   1.0296907e+01   9.4721879e+00
  -5.1434327e+00   2.0589566e+01   1.0119347e+01   9.4915991e+00
  -5.1434327e+00   2.0589566e+01   1.0119347e+01   9.4915991e+00
  -5.1434327e+00   2.0589566e+01   1.0119347e+01   9.4915991e+00
  -5.1434327e+00   2.0589566e+01   1.0119347e+01   9.4915991e+00
  -5.1434327e+00   2.0589566e+01   1.0119347e+01   9.4915991e+00
  -5.1434327e+00   2.0589566e+01   1.0119347e+01   9.4915991e+00
  -5.1434327e+00   2.0589566e+01   1.0119347e+01   9.4915991e+00
  -5.2525170e+00   2.0583728e+01   1.0197023e+01   9.4023611e+00
  -5.2525170e+00   2.0583728e+01   1.0197023e+01   9.4023611e+00
  -5.2525170e+00   2.0583728e+01   1.0197023e+01   9.4023611e+00
  -5.2525170e+00   2.0583728e+01   1.0197023e+01   9.4023611e+00
  -5.2525170e+00   2.0583728e+01   1.0197023e+01   9.4023611e+00
  -5.2525170e+00   2.0583728e+01   1.0197023e+01   9.4023611e+00
  -5.4272654e+00   2.0405546e+01   9.8876857e+00   9.4272847e+00
  -5.2252460e+00   2.0652286e+01   1.0196589e+01   9.3660435e+00
  -5.2252460e+00   2.0652286e+01   1.0196589e+01   9.3660435e+00
  -5.1549242e+00   2.0943670e+01   1.0855061e+01   9.2999496e+00
  -5.1455470e+00   2.1016469e+01   1.0756275e+01   9.1979654e+00
  -5.1455470e+00   2.1016469e+01   1.0756275e+01   9.1979654e+00
  -5.1455470e+00   2.1016469e+01   1.0756275e+01   9.1979654e+00
  -5.1455470e+00   2.1016469e+01   1.0756275e+01   9.1979654e+00
  -5.1455470e+00   2.1016469e+01   1.0756275e+01   9.1979654e+00
  -5.1455470e+00   2.1016469e+01   1.0756275e+01   9.1979654e+00
  -5.1455470e+00   2.1016469e+01   1.0756275e+01   9.1979654e+00
  -5.1455470e+00   2.1016469e+01   1.0756275e+01   9.1979654e+00
  -5.1455470e+00   2.1016469e+01   1.0756275e+01   9.1979654e+00
  -5.1455470e+00   2.1016469e+01   1.0756275e+01   9.1979654e+00
  -5.1455470e+00   2.1016469e+01   1.0756275e+01   9.1979654e+00
  -5.1455470e+00   2.1016469e+01   1.0756275e+01   9.1979654e+00
  -5.1455470e+00   2.1016469e+01   1.0756275e+01   9.1979654e+00
  -5.1455470e+00   2.1016469e+01   1.0756275e+01   9.1979654e+00
  -5.1455470e+00   2.1016469e+01   1.0756275e+01   9.1979654e+00
  -5.1455470e+00   2.1016469e+01   1.0756275e+01   9.1979654e+00
