  -1.2025166e+01   2.4126822e+01  -6.1854541e+00  -1.6661306e+01
  -1.1873079e+01   2.4119358e+01  -6.2731065e+00  -1.6747421e+01
  -1.1873079e+01   2.4119358e+01  -6.2731065e+00  -1.6747421e+01
  -1.1873079e+01   2.4119358e+01  -6.2731065e+00  -1.6747421e+01
  -1.2151283e+01   2.3816679e+01  -6.5211225e+00  -1.6570650e+01
  -1.2118924e+01   2.3695521e+01  -6.6724308e+00  -1.6626793e+01
  -1.2162610e+01   2.3713671e+01  -6.7511106e+00  -1.6441995e+01
  -1.2162610e+01   2.3713671e+01  -6.7511106e+00  -1.6441995e+01
  -1.2098859e+01   2.3744261e+01  -6.6236111e+00  -1.6286501e+01
  -1.2160695e+01   2.3535191e+01  -6.6121405e+00  -1.6270490e+01
  -1.2245435e+01   2.3766879e+01  -6.4054872e+00  -1.6056306e+01
  -1.2245435e+01   2.3766879e+01  -6.4054872e+00  -1.6056306e+01
  -1.2245435e+01   2.3766879e+01  -6.4054872e+00  -1.6056306e+01
  -1.2344549e+01   2.3886043e+01  -6.4478366e+00  -1.5875851e+01
  -1.2536325e+01   2.3887577e+01  -6.1847504e+00  -1.6030424e+01
  -1.2868340e+01   2.4070610e+01  -6.3205707e+00  -1.5761333e+01
  -1.2916087e+01   2.4180786e+01  -6.2115831e+00  -1.5736854e+01
  -1.2916087e+01   2.4180786e+01  -6.2115831e+00  -1.5736854e+01
  -1.3216961e+01   2.4165044e+01  -6.1539611e+00  -1.5780089e+01
  -1.3212020e+01   2.4321826e+01  -6.4342153e+00  -1.5951376e+01
  -1.3212020e+01   2.4321826e+01  -6.4342153e+00  -1.5951376e+01
  -1.3137036e+01   2.4461526e+01  -6.6091126e+00  -1.5840570e+01
  -1.2942121e+01   2.4185671e+01  -6.7120142e+00  -1.6200798e+01
  -1.2960872e+01   2.4218794e+01  -6.6252108e+00  -1.6226119e+01
  -1.2960872e+01   2.4218794e+01  -6.6252108e+00  -1.6226119e+01
  -1.2960872e+01   2.4218794e+01  -6.6252108e+00  -1.6226119e+01
  -1.3062555e+01   2.4199033e+01  -6.9231614e+00  -1.5687048e+01
  -1.3062555e+01   2.4199033e+01  -6.9231614e+00  -1.5687048e+01
  -1.3223479e+01   2.4171403e+01  -7.1129110e+00  -1.5482478e+01
  -1.3223479e+01   2.4171403e+01  -7.1129110e+00  -1.5482478e+01
  -1.3223479e+01   2.4171403e+01  -7.1129110e+00  -1.5482478e+01
  -1.3163771e+01   2.4089416e+01  -7.0875211e+00  -1.5736333e+01
  -1.3265654e+01   2.3824781e+01  -6.9987883e+00  -1.5637404e+01
  -1.3265654e+01   2.3824781e+01  -6.9987883e+00  -1.5637404e+01
  -1.3404447e+01   2.3919596e+01  -7.0604671e+00  -1.5550483e+01
  -1.3404447e+01   2.3919596e+01  -7.0604671e+00  -1.5550483e+01
  -1.3404447e+01   2.3919596e+01  -7.0604671e+00  -1.5550483e+01
  -1.3137840e+01   2.4255938e+01  -7.1974016e+00  -1.5159208e+01
  -1.3137840e+01   2.4255938e+01  -7.1974016e+00  -1.5159208e+01
  -1.2989585e+01   2.4488704e+01  -7.1677602e+00  -1.5291785e+01
  -1.2620578e+01   2.4656637e+01  -7.3162927e+00  -1.5120708e+01
  -1.2620578e+01   2.4656637e+01  -7.3162927e+00  -1.5120708e+01
  -1.2761143e+01   2.4580898e+01  -7.3329413e+00  -1.5290707e+01
  -1.3006584e+01   2.4532331e+01  -7.5789973e+00  -1.4961470e+01
  -1.2531199e+01   2.4211748e+01  -7.4670137e+00  -1.4753426e+01
  -1.2531199e+01   2.4211748e+01  -7.4670137e+00  -1.4753426e+01
  -1.2531199e+01   2.4211748e+01  -7.4670137e+00  -1.4753426e+01
  -1.2353245e+01   2.4180149e+01  -7.1786927e+00  -1.4727877e+01
  -1.2431065e+01   2.4158032e+01  -6.8527467e+00  -1.4915958e+01
  -3.4291574e+00   1.9808039e+01   2.9113439e+01   2.3983776e+00
  -5.1554067e+00   1.9954513e+01   2.9848858e+01   9.6690814e+00
  -4.9703669e+00   2.0002256e+01   2.9977336e+01   1.0016665e+01
  -4.9703669e+00   2.0002256e+01   2.9977336e+01   1.0016665e+01
  -5.0204770e+00   1.9981108e+01   3.0022522e+01   1.0028180e+01
  -4.9353562e+00   1.9998469e+01   2.9995371e+01   1.0014527e+01
  -5.0123961e+00   1.9995802e+01   2.9994525e+01   9.9594106e+00
  -5.0123961e+00   1.9995802e+01   2.9994525e+01   9.9594106e+00
  -5.0098032e+00   1.9958570e+01   2.9968223e+01   1.0014564e+01
  -5.0026598e+00   1.9990421e+01   3.0018935e+01   1.0010549e+01
  -4.9412679e+00   2.0012527e+01   2.9974021e+01   1.0005262e+01
  -5.0015727e+00   1.9993435e+01   3.0013861e+01   1.0025277e+01
  -5.0015727e+00   1.9993435e+01   3.0013861e+01   1.0025277e+01
  -5.0185454e+00   1.9982928e+01   2.9979415e+01   1.0035845e+01
  -5.0063886e+00   2.0002766e+01   3.0004561e+01   1.0003473e+01
  -5.0063886e+00   2.0002766e+01   3.0004561e+01   1.0003473e+01
  -5.0035284e+00   1.9998062e+01   2.9994821e+01   1.0016808e+01
  -4.9870571e+00   1.9961280e+01   2.9972907e+01   9.9522300e+00
  -4.9870571e+00   1.9961280e+01   2.9972907e+01   9.9522300e+00
  -5.0087774e+00   1.9983832e+01   2.9963042e+01   1.0004568e+01
  -4.9964060e+00   1.9973324e+01   2.9936108e+01   1.0040028e+01
  -4.9969422e+00   1.9994364e+01   2.9995588e+01   9.9952484e+00
  -4.9625843e+00   1.9958250e+01   2.9956089e+01   1.0066181e+01
  -4.9721747e+00   1.9992757e+01   2.9998160e+01   1.0021325e+01
  -5.0225086e+00   1.9984546e+01   3.0004212e+01   1.0025161e+01
  -5.0109594e+00   2.0002043e+01   3.0006060e+01   9.9843974e+00
  -5.0274678e+00   1.9990326e+01   3.0033656e+01   9.9955775e+00
  -5.0258763e+00   2.0038159e+01   3.0021540e+01   9.9565441e+00
  -5.0144435e+00   2.0001860e+01   3.0014763e+01   1.0009212e+01
  -5.0015762e+00   2.0021864e+01   3.0011043e+01   1.0015350e+01
  -5.0015762e+00   2.0021864e+01   3.0011043e+01   1.0015350e+01
  -5.0015762e+00   2.0021864e+01   3.0011043e+01   1.0015350e+01
  -5.0015762e+00   2.0021864e+01   3.0011043e+01   1.0015350e+01
  -5.0015762e+00   2.0021864e+01   3.0011043e+01   1.0015350e+01
  -5.0015762e+00   2.0021864e+01   3.0011043e+01   1.0015350e+01
  -5.0015762e+00   2.0021864e+01   3.0011043e+01   1.0015350e+01
  -5.0015762e+00   2.0021864e+01   3.0011043e+01   1.0015350e+01
  -5.0015762e+00   2.0021864e+01   3.0011043e+01   1.0015350e+01
  -5.0015762e+00   2.0021864e+01   3.0011043e+01   1.0015350e+01
  -5.0015762e+00   2.0021864e+01   3.0011043e+01   1.0015350e+01
  -5.0015762e+00   2.0021864e+01   3.0011043e+01   1.0015350e+01
  -5.0015762e+00   2.0021864e+01   3.0011043e+01   1.0015350e+01
  -5.0015762e+00   2.0021864e+01   3.0011043e+01   1.0015350e+01
  -5.0015762e+00   2.0021864e+01   3.0011043e+01   1.0015350e+01
  -5.0015762e+00   2.0021864e+01   3.0011043e+01   1.0015350e+01
  -5.0015762e+00   2.0021864e+01   3.0011043e+01   1.0015350e+01
  -5.0015762e+00   2.0021864e+01   3.0011043e+01   1.0015350e+01
  -5.0015762e+00   2.0021864e+01   3.0011043e+01   1.0015350e+01
  -5.0015762e+00   2.0021864e+01   3.0011043e+01   1.0015350e+01
  -5.0015762e+00   2.0021864e+01   3.0011043e+01   1.0015350e+01
  -5.0015762e+00   2.0021864e+01   3.0011043e+01   1.0015350e+01
