  -1.2041348e+01   3.0741235e+01   4.2788613e+01   6.1492865e+00
  -1.2041348e+01   3.0741235e+01   4.2788613e+01   6.1492865e+00
  -1.1883064e+01   3.0555326e+01   4.2823402e+01   6.1354193e+00
  -1.1849505e+01   3.0589235e+01   4.3424586e+01   6.0839193e+00
  -1.2036771e+01   3.0713339e+01   4.3673944e+01   6.2222841e+00
  -1.2178797e+01   3.0558062e+01   4.3668949e+01   6.1003508e+00
  -1.2178797e+01   3.0558062e+01   4.3668949e+01   6.1003508e+00
  -1.2178797e+01   3.0558062e+01   4.3668949e+01   6.1003508e+00
  -1.2178797e+01   3.0558062e+01   4.3668949e+01   6.1003508e+00
  -1.2178797e+01   3.0558062e+01   4.3668949e+01   6.1003508e+00
  -1.1995124e+01   3.0251597e+01   4.3615254e+01   6.4830685e+00
  -1.2091772e+01   3.0438214e+01   4.3197563e+01   6.6826322e+00
  -1.2091772e+01   3.0438214e+01   4.3197563e+01   6.6826322e+00
  -1.1964893e+01   3.0219409e+01   4.3268320e+01   6.6821317e+00
  -1.1964893e+01   3.0219409e+01   4.3268320e+01   6.6821317e+00
  -1.1893415e+01   3.0233870e+01   4.3076511e+01   6.8858700e+00
  -1.1845758e+01   2.9959261e+01   4.2999721e+01   6.7571064e+00
  -1.1832415e+01   3.0151823e+01   4.3363301e+01   6.9859319e+00
  -1.1569093e+01   2.9996638e+01   4.3262445e+01   6.9335673e+00
  -1.1569093e+01   2.9996638e+01   4.3262445e+01   6.9335673e+00
  -1.1569093e+01   2.9996638e+01   4.3262445e+01   6.9335673e+00
  -1.1569093e+01   2.9996638e+01   4.3262445e+01   6.9335673e+00
  -1.1344702e+01   3.0244334e+01   4.3031186e+01   7.2126607e+00
  -1.1344702e+01   3.0244334e+01   4.3031186e+01   7.2126607e+00
  -1.1357598e+01   2.9925747e+01   4.2998708e+01   7.7390465e+00
  -1.1307699e+01   3.0225086e+01   4.3346854e+01   8.2924417e+00
  -1.1307699e+01   3.0225086e+01   4.3346854e+01   8.2924417e+00
  -1.1407473e+01   3.0180174e+01   4.3591438e+01   8.4527746e+00
  -1.1407473e+01   3.0180174e+01   4.3591438e+01   8.4527746e+00
  -1.1407473e+01   3.0180174e+01   4.3591438e+01   8.4527746e+00
  -1.1407473e+01   3.0180174e+01   4.3591438e+01   8.4527746e+00
  -1.1180008e+01   3.0183968e+01   4.3603123e+01   8.4996199e+00
  -1.1311267e+01   3.0456798e+01   4.3521589e+01   8.4786944e+00
  -1.1311267e+01   3.0456798e+01   4.3521589e+01   8.4786944e+00
  -1.1261440e+01   3.0496477e+01   4.3452294e+01   8.2639177e+00
  -1.1387424e+01   3.0662267e+01   4.3345163e+01   8.5025469e+00
  -1.1387424e+01   3.0662267e+01   4.3345163e+01   8.5025469e+00
  -1.1533301e+01   3.0752338e+01   4.3098375e+01   8.7666388e+00
  -1.1533301e+01   3.0752338e+01   4.3098375e+01   8.7666388e+00
  -1.1645336e+01   3.0330874e+01   4.2911781e+01   9.1404919e+00
  -1.1391103e+01   3.0178418e+01   4.3028625e+01   9.0773702e+00
  -1.1183064e+01   3.0024910e+01   4.3084381e+01   9.2341529e+00
  -1.1189349e+01   3.0214834e+01   4.3118045e+01   9.0971471e+00
  -1.1390790e+01   3.0088199e+01   4.2929895e+01   8.9299403e+00
  -1.1414653e+01   2.9936170e+01   4.3052282e+01   8.7754076e+00
  -1.1723386e+01   2.9941832e+01   4.3209521e+01   8.8942095e+00
  -1.1620580e+01   2.9619320e+01   4.3092761e+01   9.1162408e+00
  -1.1620580e+01   2.9619320e+01   4.3092761e+01   9.1162408e+00
  -1.1549576e+01   2.9542861e+01   4.3151238e+01   8.9512167e+00
  -4.9738603e+00   2.0032518e+01   3.0085354e+01   9.8490339e+00
  -4.9738603e+00   2.0032518e+01   3.0085354e+01   9.8490339e+00
  -4.9761392e+00   2.0000389e+01   3.0008670e+01   9.9883112e+00
  -5.0003340e+00   2.0011053e+01   3.0007073e+01   1.0025579e+01
  -5.0003340e+00   2.0011053e+01   3.0007073e+01   1.0025579e+01
  -5.0003340e+00   2.0011053e+01   3.0007073e+01   1.0025579e+01
  -5.0003340e+00   2.0011053e+01   3.0007073e+01   1.0025579e+01
  -4.9700344e+00   2.0015664e+01   3.0008487e+01   9.9897330e+00
  -4.9933825e+00   2.0031033e+01   3.0017189e+01   1.0028050e+01
  -5.0120514e+00   2.0033741e+01   3.0012331e+01   9.9920428e+00
  -5.0120514e+00   2.0033741e+01   3.0012331e+01   9.9920428e+00
  -4.9953048e+00   2.0005708e+01   2.9997646e+01   1.0028590e+01
  -4.9953048e+00   2.0005708e+01   2.9997646e+01   1.0028590e+01
  -4.9953048e+00   2.0005708e+01   2.9997646e+01   1.0028590e+01
  -5.0239005e+00   2.0006474e+01   2.9979956e+01   1.0015988e+01
  -5.0239005e+00   2.0006474e+01   2.9979956e+01   1.0015988e+01
  -4.9724682e+00   2.0002664e+01   2.9984262e+01   9.9807240e+00
  -4.9849965e+00   2.0022553e+01   3.0062904e+01   9.9609673e+00
  -4.9776540e+00   1.9958990e+01   2.9969104e+01   1.0023236e+01
  -5.0422503e+00   2.0008678e+01   3.0001468e+01   1.0001474e+01
  -4.9535374e+00   2.0033977e+01   3.0034813e+01   9.9850213e+00
  -5.0041343e+00   2.0021638e+01   3.0067720e+01   1.0010790e+01
  -4.9739078e+00   1.9974897e+01   2.9970602e+01   9.9740561e+00
  -5.0047725e+00   1.9983717e+01   2.9964484e+01   1.0021618e+01
  -4.9816214e+00   2.0000364e+01   2.9992282e+01   9.9781649e+00
  -4.9921574e+00   2.0062099e+01   3.0037261e+01   9.9594388e+00
  -5.0013266e+00   2.0003468e+01   2.9983800e+01   1.0004103e+01
  -4.9983049e+00   2.0002655e+01   2.9960310e+01   1.0042181e+01
  -4.9983049e+00   2.0002655e+01   2.9960310e+01   1.0042181e+01
  -4.9983049e+00   2.0002655e+01   2.9960310e+01   1.0042181e+01
  -4.9703268e+00   1.9993514e+01   2.9978642e+01   1.0022855e+01
  -4.9703268e+00   1.9993514e+01   2.9978642e+01   1.0022855e+01
  -4.9771881e+00   2.0051419e+01   3.0095793e+01   9.8660922e+00
  -4.9616929e+00   2.0059194e+01   3.0118546e+01   9.8985913e+00
  -4.9616929e+00   2.0059194e+01   3.0118546e+01   9.8985913e+00
  -4.9616929e+00   2.0059194e+01   3.0118546e+01   9.8985913e+00
  -4.9661005e+00   2.0055069e+01   3.0093446e+01   9.9747462e+00
  -4.9661005e+00   2.0055069e+01   3.0093446e+01   9.9747462e+00
  -4.9661005e+00   2.0055069e+01   3.0093446e+01   9.9747462e+00
  -4.9661005e+00   2.0055069e+01   3.0093446e+01   9.9747462e+00
  -4.9661005e+00   2.0055069e+01   3.0093446e+01   9.9747462e+00
  -4.9817004e+00   2.0061976e+01   3.0071631e+01   9.9425860e+00
  -4.9817004e+00   2.0061976e+01   3.0071631e+01   9.9425860e+00
  -4.9894843e+00   2.0036955e+01   2.9963480e+01   1.0037025e+01
  -4.9683563e+00   2.0067612e+01   2.9990740e+01   1.0014454e+01
  -4.9771846e+00   2.0061352e+01   2.9996245e+01   1.0063845e+01
  -4.9771846e+00   2.0061352e+01   2.9996245e+01   1.0063845e+01
  -4.9771846e+00   2.0061352e+01   2.9996245e+01   1.0063845e+01
  -4.9771846e+00   2.0061352e+01   2.9996245e+01   1.0063845e+01
  -4.9771846e+00   2.0061352e+01   2.9996245e+01   1.0063845e+01
  -4.9771846e+00   2.0061352e+01   2.9996245e+01   1.0063845e+01
