   4.7149956e+01   1.9087343e+01  -1.4743724e+01   5.9854900e+00
   4.7055524e+01   1.9053277e+01  -1.4729376e+01   5.7664494e+00
   4.7406406e+01   1.9154047e+01  -1.4494830e+01   5.8593161e+00
   4.7155685e+01   1.9087778e+01  -1.4287169e+01   5.7724707e+00
   4.7002720e+01   1.8937964e+01  -1.4122732e+01   6.0589458e+00
   4.7002720e+01   1.8937964e+01  -1.4122732e+01   6.0589458e+00
   4.6913419e+01   1.8816880e+01  -1.4190455e+01   5.7475924e+00
   4.6913419e+01   1.8816880e+01  -1.4190455e+01   5.7475924e+00
   4.6924482e+01   1.8814441e+01  -1.4129648e+01   5.9017435e+00
   4.6924482e+01   1.8814441e+01  -1.4129648e+01   5.9017435e+00
   4.7176593e+01   1.8784422e+01  -1.3937641e+01   6.0040803e+00
   4.7176593e+01   1.8784422e+01  -1.3937641e+01   6.0040803e+00
   4.7176593e+01   1.8784422e+01  -1.3937641e+01   6.0040803e+00
   4.7176593e+01   1.8784422e+01  -1.3937641e+01   6.0040803e+00
   4.6887555e+01   1.9032402e+01  -1.3907019e+01   6.0164025e+00
   4.6767330e+01   1.9155904e+01  -1.3773308e+01   6.1343398e+00
   4.6767330e+01   1.9155904e+01  -1.3773308e+01   6.1343398e+00
   4.6630761e+01   1.8815134e+01  -1.3725383e+01   6.0042091e+00
   4.6630761e+01   1.8815134e+01  -1.3725383e+01   6.0042091e+00
   4.6482478e+01   1.8707601e+01  -1.3883141e+01   6.0022739e+00
   4.6566490e+01   1.8749933e+01  -1.3673562e+01   5.9478684e+00
   4.6365883e+01   1.8497311e+01  -1.3804259e+01   6.0588098e+00
   4.6549716e+01   1.8585223e+01  -1.3804009e+01   6.2293377e+00
   4.6549716e+01   1.8585223e+01  -1.3804009e+01   6.2293377e+00
   4.6552349e+01   1.8552964e+01  -1.4034933e+01   5.7873927e+00
   4.6531936e+01   1.8497998e+01  -1.3730935e+01   5.7276070e+00
   4.6531936e+01   1.8497998e+01  -1.3730935e+01   5.7276070e+00
   4.6463377e+01   1.8516858e+01  -1.3377660e+01   5.5835329e+00
   4.6463377e+01   1.8516858e+01  -1.3377660e+01   5.5835329e+00
   4.6746696e+01   1.8104844e+01  -1.3430530e+01   5.7038607e+00
   4.6885660e+01   1.8072998e+01  -1.3354897e+01   5.9836370e+00
   4.6782411e+01   1.8020658e+01  -1.3394132e+01   6.3265056e+00
   4.6646253e+01   1.7985559e+01  -1.3365957e+01   6.2151394e+00
   4.6646253e+01   1.7985559e+01  -1.3365957e+01   6.2151394e+00
   4.6646253e+01   1.7985559e+01  -1.3365957e+01   6.2151394e+00
   4.6575419e+01   1.7839307e+01  -1.3646598e+01   6.1417703e+00
   4.6575419e+01   1.7839307e+01  -1.3646598e+01   6.1417703e+00
   4.6575419e+01   1.7839307e+01  -1.3646598e+01   6.1417703e+00
   4.6596151e+01   1.7876191e+01  -1.3702937e+01   6.2661847e+00
   4.6523214e+01   1.7825454e+01  -1.3741052e+01   6.0999060e+00
   4.6442254e+01   1.7689444e+01  -1.3641191e+01   5.9838253e+00
   4.6508594e+01   1.7619135e+01  -1.3641850e+01   6.0340163e+00
   4.6535370e+01   1.7635164e+01  -1.3522651e+01   6.0489372e+00
   4.6535370e+01   1.7635164e+01  -1.3522651e+01   6.0489372e+00
   4.6508966e+01   1.7290637e+01  -1.3769791e+01   5.8951547e+00
   4.6859307e+01   1.7343605e+01  -1.4055287e+01   5.7290185e+00
   4.7115647e+01   1.7263427e+01  -1.4077802e+01   5.5663207e+00
   4.7050671e+01   1.7285497e+01  -1.3759485e+01   5.9834921e+00
   4.6917801e+01   1.7198484e+01  -1.4089180e+01   5.8106969e+00
   1.0610357e+01   1.9287468e+01  -5.4663471e+00   1.0181985e+01
   1.0034709e+01   2.0017323e+01  -4.9416292e+00   9.9872819e+00
   1.0034709e+01   2.0017323e+01  -4.9416292e+00   9.9872819e+00
   1.0034709e+01   2.0017323e+01  -4.9416292e+00   9.9872819e+00
   1.0034709e+01   2.0017323e+01  -4.9416292e+00   9.9872819e+00
   1.0034709e+01   2.0017323e+01  -4.9416292e+00   9.9872819e+00
   1.0034709e+01   2.0017323e+01  -4.9416292e+00   9.9872819e+00
   1.0034709e+01   2.0017323e+01  -4.9416292e+00   9.9872819e+00
   1.0100551e+01   2.0066577e+01  -5.0454019e+00   9.8940582e+00
   1.0100551e+01   2.0066577e+01  -5.0454019e+00   9.8940582e+00
   1.0100551e+01   2.0066577e+01  -5.0454019e+00   9.8940582e+00
   1.0100551e+01   2.0066577e+01  -5.0454019e+00   9.8940582e+00
   1.0100551e+01   2.0066577e+01  -5.0454019e+00   9.8940582e+00
   1.0100551e+01   2.0066577e+01  -5.0454019e+00   9.8940582e+00
   1.0100551e+01   2.0066577e+01  -5.0454019e+00   9.8940582e+00
   1.0100551e+01   2.0066577e+01  -5.0454019e+00   9.8940582e+00
   1.0100551e+01   2.0066577e+01  -5.0454019e+00   9.8940582e+00
   9.9879707e+00   1.9977488e+01  -5.0266340e+00   9.9701438e+00
   1.0016404e+01   2.0016812e+01  -5.0132896e+00   9.9354052e+00
   1.0016404e+01   2.0016812e+01  -5.0132896e+00   9.9354052e+00
   1.0016404e+01   2.0016812e+01  -5.0132896e+00   9.9354052e+00
   1.0016404e+01   2.0016812e+01  -5.0132896e+00   9.9354052e+00
   1.0016404e+01   2.0016812e+01  -5.0132896e+00   9.9354052e+00
   1.0016404e+01   2.0016812e+01  -5.0132896e+00   9.9354052e+00
   1.0016404e+01   2.0016812e+01  -5.0132896e+00   9.9354052e+00
   1.0016404e+01   2.0016812e+01  -5.0132896e+00   9.9354052e+00
   1.0016404e+01   2.0016812e+01  -5.0132896e+00   9.9354052e+00
   1.0016404e+01   2.0016812e+01  -5.0132896e+00   9.9354052e+00
   1.0016404e+01   2.0016812e+01  -5.0132896e+00   9.9354052e+00
   1.0016404e+01   2.0016812e+01  -5.0132896e+00   9.9354052e+00
   9.9653751e+00   2.0002213e+01  -4.9597965e+00   9.9735189e+00
   9.9653751e+00   2.0002213e+01  -4.9597965e+00   9.9735189e+00
   9.9891132e+00   2.0006714e+01  -4.9858990e+00   9.9604820e+00
   9.9891132e+00   2.0006714e+01  -4.9858990e+00   9.9604820e+00
   9.9891132e+00   2.0006714e+01  -4.9858990e+00   9.9604820e+00
   9.9891132e+00   2.0006714e+01  -4.9858990e+00   9.9604820e+00
   9.9891132e+00   2.0006714e+01  -4.9858990e+00   9.9604820e+00
   9.9891132e+00   2.0006714e+01  -4.9858990e+00   9.9604820e+00
   9.9991682e+00   1.9959536e+01  -4.9977576e+00   9.9896567e+00
   9.9991682e+00   1.9959536e+01  -4.9977576e+00   9.9896567e+00
   9.9991682e+00   1.9959536e+01  -4.9977576e+00   9.9896567e+00
   9.9991682e+00   1.9959536e+01  -4.9977576e+00   9.9896567e+00
   9.9991682e+00   1.9959536e+01  -4.9977576e+00   9.9896567e+00
   9.9991682e+00   1.9959536e+01  -4.9977576e+00   9.9896567e+00
   9.9991682e+00   1.9959536e+01  -4.9977576e+00   9.9896567e+00
   9.9991682e+00   1.9959536e+01  -4.9977576e+00   9.9896567e+00
   1.0072813e+01   2.0026871e+01  -5.0168820e+00   9.9390209e+00
   9.9818446e+00   2.0020900e+01  -4.9257035e+00   9.9917513e+00
   9.9818446e+00   2.0020900e+01  -4.9257035e+00   9.9917513e+00
   9.9818446e+00   2.0020900e+01  -4.9257035e+00   9.9917513e+00
   9.9818446e+00   2.0020900e+01  -4.9257035e+00   9.9917513e+00
