   1.4760673e+01  -5.6108937e+00  -1.6501843e+01  -1.3012256e+01
   1.4760673e+01  -5.6108937e+00  -1.6501843e+01  -1.3012256e+01
   1.4833169e+01  -5.4692976e+00  -1.6642435e+01  -1.2735805e+01
   1.4724879e+01  -5.3372727e+00  -1.6660501e+01  -1.2581019e+01
   1.4724879e+01  -5.3372727e+00  -1.6660501e+01  -1.2581019e+01
   1.4695982e+01  -5.4167168e+00  -1.6694009e+01  -1.2562703e+01
   1.4776490e+01  -6.0252036e+00  -1.6724630e+01  -1.2693517e+01
   1.4677120e+01  -6.3598125e+00  -1.6804941e+01  -1.2289683e+01
   1.4672115e+01  -6.4260142e+00  -1.6614611e+01  -1.2351938e+01
   1.4291824e+01  -6.7489152e+00  -1.6914982e+01  -1.2239988e+01
   1.4261414e+01  -6.5636561e+00  -1.7124329e+01  -1.2308730e+01
   1.4261414e+01  -6.5636561e+00  -1.7124329e+01  -1.2308730e+01
   1.4261414e+01  -6.5636561e+00  -1.7124329e+01  -1.2308730e+01
   1.4613514e+01  -6.1224005e+00  -1.6838732e+01  -1.2306324e+01
   1.4613514e+01  -6.1224005e+00  -1.6838732e+01  -1.2306324e+01
   1.4362085e+01  -6.2188775e+00  -1.6767295e+01  -1.2242836e+01
   1.4532216e+01  -6.1332284e+00  -1.6635051e+01  -1.2319334e+01
   1.4532216e+01  -6.1332284e+00  -1.6635051e+01  -1.2319334e+01
   1.4532216e+01  -6.1332284e+00  -1.6635051e+01  -1.2319334e+01
   1.4459871e+01  -6.0011028e+00  -1.6625887e+01  -1.2206716e+01
   1.4459871e+01  -6.0011028e+00  -1.6625887e+01  -1.2206716e+01
   1.4563035e+01  -6.2725729e+00  -1.6453647e+01  -1.1983208e+01
   1.4563035e+01  -6.2725729e+00  -1.6453647e+01  -1.1983208e+01
   1.4563035e+01  -6.2725729e+00  -1.6453647e+01  -1.1983208e+01
   1.4592981e+01  -6.0310582e+00  -1.6445536e+01  -1.1895195e+01
   1.4559578e+01  -5.8794819e+00  -1.6267647e+01  -1.1620509e+01
   1.4559578e+01  -5.8794819e+00  -1.6267647e+01  -1.1620509e+01
   1.4529648e+01  -5.4390357e+00  -1.6323018e+01  -1.1654234e+01
   1.4511933e+01  -5.5042877e+00  -1.6320121e+01  -1.1648745e+01
   1.4480472e+01  -5.6279297e+00  -1.6517197e+01  -1.1387204e+01
   1.4390132e+01  -5.4254428e+00  -1.6354566e+01  -1.1454033e+01
   1.4062306e+01  -5.1593704e+00  -1.6310254e+01  -1.1058902e+01
   1.4062306e+01  -5.1593704e+00  -1.6310254e+01  -1.1058902e+01
   1.4150899e+01  -5.1435986e+00  -1.6588545e+01  -1.0860729e+01
   1.4118165e+01  -5.2245297e+00  -1.6756349e+01  -1.0947689e+01
   1.4118165e+01  -5.2245297e+00  -1.6756349e+01  -1.0947689e+01
   1.3922189e+01  -5.1947290e+00  -1.6344275e+01  -1.1114505e+01
   1.3669492e+01  -5.0619530e+00  -1.6137734e+01  -1.1304401e+01
   1.3669492e+01  -5.0619530e+00  -1.6137734e+01  -1.1304401e+01
   1.3546085e+01  -5.0263417e+00  -1.6238255e+01  -1.1028858e+01
   1.3635771e+01  -4.9028205e+00  -1.6285029e+01  -1.0866041e+01
   1.3714139e+01  -4.9848011e+00  -1.6502984e+01  -1.0666457e+01
   1.3714139e+01  -4.9848011e+00  -1.6502984e+01  -1.0666457e+01
   1.4034041e+01  -4.8323820e+00  -1.6490951e+01  -1.0771459e+01
   1.4432734e+01  -4.5772455e+00  -1.6566253e+01  -1.0964551e+01
   1.4376988e+01  -4.4906486e+00  -1.6698840e+01  -1.0701750e+01
   1.4376988e+01  -4.4906486e+00  -1.6698840e+01  -1.0701750e+01
   1.4481559e+01  -4.2484700e+00  -1.6650057e+01  -1.0712139e+01
   1.4459737e+01  -4.3452205e+00  -1.6762605e+01  -1.0796669e+01
   4.1402610e+00   1.8447391e+01   8.9418019e-02   1.0496585e+01
   6.0080251e+00   2.0256475e+01  -7.2119044e-01   1.0654602e+01
   7.8407277e+00   1.9936487e+01  -3.0220225e+00   9.8348385e+00
   7.8407277e+00   1.9936487e+01  -3.0220225e+00   9.8348385e+00
   7.8407277e+00   1.9936487e+01  -3.0220225e+00   9.8348385e+00
   7.8407277e+00   1.9936487e+01  -3.0220225e+00   9.8348385e+00
   8.4068335e+00   1.9869466e+01  -3.4562952e+00   1.0054905e+01
   8.2686354e+00   1.9909516e+01  -3.3298320e+00   1.0114831e+01
   9.2060786e+00   1.9954157e+01  -4.3273974e+00   9.9564967e+00
   9.2060786e+00   1.9954157e+01  -4.3273974e+00   9.9564967e+00
   9.2060786e+00   1.9954157e+01  -4.3273974e+00   9.9564967e+00
   9.2060786e+00   1.9954157e+01  -4.3273974e+00   9.9564967e+00
   9.2060786e+00   1.9954157e+01  -4.3273974e+00   9.9564967e+00
   9.2060786e+00   1.9954157e+01  -4.3273974e+00   9.9564967e+00
   1.0300946e+01   2.0142078e+01  -5.2420057e+00   9.8314519e+00
   1.0300946e+01   2.0142078e+01  -5.2420057e+00   9.8314519e+00
   1.0415602e+01   2.0238071e+01  -5.4308484e+00   9.6520442e+00
   1.0415602e+01   2.0238071e+01  -5.4308484e+00   9.6520442e+00
   1.0415602e+01   2.0238071e+01  -5.4308484e+00   9.6520442e+00
   1.0415602e+01   2.0238071e+01  -5.4308484e+00   9.6520442e+00
   1.0415602e+01   2.0238071e+01  -5.4308484e+00   9.6520442e+00
   1.0415602e+01   2.0238071e+01  -5.4308484e+00   9.6520442e+00
   1.0415602e+01   2.0238071e+01  -5.4308484e+00   9.6520442e+00
   1.0415602e+01   2.0238071e+01  -5.4308484e+00   9.6520442e+00
   1.0208319e+01   2.0302833e+01  -5.1883740e+00   9.7574220e+00
   1.0208319e+01   2.0302833e+01  -5.1883740e+00   9.7574220e+00
   1.0208319e+01   2.0302833e+01  -5.1883740e+00   9.7574220e+00
   1.0208319e+01   2.0302833e+01  -5.1883740e+00   9.7574220e+00
   1.0208319e+01   2.0302833e+01  -5.1883740e+00   9.7574220e+00
   1.0208319e+01   2.0302833e+01  -5.1883740e+00   9.7574220e+00
   1.0208319e+01   2.0302833e+01  -5.1883740e+00   9.7574220e+00
   1.0208319e+01   2.0302833e+01  -5.1883740e+00   9.7574220e+00
   1.0208319e+01   2.0302833e+01  -5.1883740e+00   9.7574220e+00
   1.0208319e+01   2.0302833e+01  -5.1883740e+00   9.7574220e+00
   1.0208319e+01   2.0302833e+01  -5.1883740e+00   9.7574220e+00
   1.0208319e+01   2.0302833e+01  -5.1883740e+00   9.7574220e+00
   1.0208319e+01   2.0302833e+01  -5.1883740e+00   9.7574220e+00
   1.0208319e+01   2.0302833e+01  -5.1883740e+00   9.7574220e+00
   1.0208319e+01   2.0302833e+01  -5.1883740e+00   9.7574220e+00
   1.0208319e+01   2.0302833e+01  -5.1883740e+00   9.7574220e+00
   1.0208319e+01   2.0302833e+01  -5.1883740e+00   9.7574220e+00
   1.0208319e+01   2.0302833e+01  -5.1883740e+00   9.7574220e+00
   1.0208319e+01   2.0302833e+01  -5.1883740e+00   9.7574220e+00
   1.0208319e+01   2.0302833e+01  -5.1883740e+00   9.7574220e+00
   1.0208319e+01   2.0302833e+01  -5.1883740e+00   9.7574220e+00
   1.0208319e+01   2.0302833e+01  -5.1883740e+00   9.7574220e+00
   1.0208319e+01   2.0302833e+01  -5.1883740e+00   9.7574220e+00
   1.0208319e+01   2.0302833e+01  -5.1883740e+00   9.7574220e+00
   1.0208319e+01   2.0302833e+01  -5.1883740e+00   9.7574220e+00
   1.0208319e+01   2.0302833e+01  -5.1883740e+00   9.7574220e+00
   1.0208319e+01   2.0302833e+01  -5.1883740e+00   9.7574220e+00
