  -6.4801430e+00   4.5476099e+01  -9.1228516e+00   3.7369689e+01
  -6.1250169e+00   4.5693954e+01  -9.2548821e+00   3.7690680e+01
  -6.1250169e+00   4.5693954e+01  -9.2548821e+00   3.7690680e+01
  -6.1250169e+00   4.5693954e+01  -9.2548821e+00   3.7690680e+01
  -6.1250169e+00   4.5693954e+01  -9.2548821e+00   3.7690680e+01
  -6.1946252e+00   4.5656758e+01  -9.0665733e+00   3.7554670e+01
  -6.1946252e+00   4.5656758e+01  -9.0665733e+00   3.7554670e+01
  -6.1946252e+00   4.5656758e+01  -9.0665733e+00   3.7554670e+01
  -6.1946252e+00   4.5656758e+01  -9.0665733e+00   3.7554670e+01
  -6.1946252e+00   4.5656758e+01  -9.0665733e+00   3.7554670e+01
  -6.1581673e+00   4.5524787e+01  -9.0377808e+00   3.7667995e+01
  -6.1581673e+00   4.5524787e+01  -9.0377808e+00   3.7667995e+01
  -6.1349691e+00   4.5641850e+01  -9.0598331e+00   3.7291644e+01
  -6.4166081e+00   4.5137434e+01  -9.0641496e+00   3.7160746e+01
  -6.5939071e+00   4.4997556e+01  -9.0492710e+00   3.7038879e+01
  -6.6457836e+00   4.5209998e+01  -9.2123402e+00   3.7203342e+01
  -6.6457836e+00   4.5209998e+01  -9.2123402e+00   3.7203342e+01
  -6.6457836e+00   4.5209998e+01  -9.2123402e+00   3.7203342e+01
  -6.6457836e+00   4.5209998e+01  -9.2123402e+00   3.7203342e+01
  -6.6457836e+00   4.5209998e+01  -9.2123402e+00   3.7203342e+01
  -6.5437109e+00   4.5106434e+01  -9.6559411e+00   3.6954199e+01
  -6.4894744e+00   4.4737667e+01  -9.3697937e+00   3.6797916e+01
  -6.6240256e+00   4.4620918e+01  -9.3376922e+00   3.6386794e+01
  -6.6240256e+00   4.4620918e+01  -9.3376922e+00   3.6386794e+01
  -6.6240256e+00   4.4620918e+01  -9.3376922e+00   3.6386794e+01
  -6.6327886e+00   4.4672883e+01  -9.3809139e+00   3.6471601e+01
  -6.6450755e+00   4.4791502e+01  -9.3158911e+00   3.6429053e+01
  -6.6450755e+00   4.4791502e+01  -9.3158911e+00   3.6429053e+01
  -6.6380452e+00   4.4718231e+01  -9.2121821e+00   3.6538046e+01
  -6.6380452e+00   4.4718231e+01  -9.2121821e+00   3.6538046e+01
  -6.6380452e+00   4.4718231e+01  -9.2121821e+00   3.6538046e+01
  -6.6548936e+00   4.4452276e+01  -9.3521469e+00   3.6627336e+01
  -6.6548936e+00   4.4452276e+01  -9.3521469e+00   3.6627336e+01
  -6.6471849e+00   4.4061094e+01  -9.5809024e+00   3.6774084e+01
  -6.6471849e+00   4.4061094e+01  -9.5809024e+00   3.6774084e+01
  -6.6471849e+00   4.4061094e+01  -9.5809024e+00   3.6774084e+01
  -6.6471849e+00   4.4061094e+01  -9.5809024e+00   3.6774084e+01
  -6.2823447e+00   4.4321152e+01  -9.5859564e+00   3.6756117e+01
  -6.2066511e+00   4.4320697e+01  -9.5589385e+00   3.6838555e+01
  -6.0507422e+00   4.4041482e+01  -9.8295939e+00   3.6896845e+01
  -6.1775061e+00   4.4103109e+01  -1.0218239e+01   3.6801841e+01
  -6.1775061e+00   4.4103109e+01  -1.0218239e+01   3.6801841e+01
  -6.1775061e+00   4.4103109e+01  -1.0218239e+01   3.6801841e+01
  -6.2252456e+00   4.4272837e+01  -1.0004624e+01   3.6480268e+01
  -6.1245759e+00   4.4277106e+01  -1.0076914e+01   3.6563761e+01
  -6.1245759e+00   4.4277106e+01  -1.0076914e+01   3.6563761e+01
  -6.1245759e+00   4.4277106e+01  -1.0076914e+01   3.6563761e+01
  -6.1245759e+00   4.4277106e+01  -1.0076914e+01   3.6563761e+01
  -6.0552564e+00   4.4371046e+01  -1.0112532e+01   3.6456713e+01
   2.2522371e+01   1.4953620e+01  -3.4482104e+00   1.1084776e+01
   2.7975510e+01   1.8511601e+01  -4.6934624e+00   1.0175708e+01
   2.9876252e+01   1.9893418e+01  -4.9678878e+00   9.9705299e+00
   3.0001288e+01   2.0027233e+01  -4.9623890e+00   1.0077822e+01
   3.0001288e+01   2.0027233e+01  -4.9623890e+00   1.0077822e+01
   3.0034344e+01   2.0055794e+01  -4.9840527e+00   1.0091279e+01
   3.0002962e+01   2.0032014e+01  -5.0383525e+00   1.0017750e+01
   3.0002962e+01   2.0032014e+01  -5.0383525e+00   1.0017750e+01
   3.0002962e+01   2.0032014e+01  -5.0383525e+00   1.0017750e+01
   2.9920197e+01   1.9931265e+01  -4.9616477e+00   1.0032993e+01
   2.9973765e+01   1.9970595e+01  -4.9677421e+00   1.0036003e+01
   2.9955929e+01   1.9917186e+01  -4.9744291e+00   9.9437961e+00
   3.0053803e+01   2.0113483e+01  -5.0085732e+00   1.0058847e+01
   3.0023849e+01   2.0025599e+01  -4.9746929e+00   1.0035389e+01
   3.0023849e+01   2.0025599e+01  -4.9746929e+00   1.0035389e+01
   3.0023849e+01   2.0025599e+01  -4.9746929e+00   1.0035389e+01
   2.9987172e+01   1.9992344e+01  -5.0200821e+00   1.0030792e+01
   2.9987172e+01   1.9992344e+01  -5.0200821e+00   1.0030792e+01
   2.9987172e+01   1.9992344e+01  -5.0200821e+00   1.0030792e+01
   2.9987172e+01   1.9992344e+01  -5.0200821e+00   1.0030792e+01
   2.9987172e+01   1.9992344e+01  -5.0200821e+00   1.0030792e+01
   2.9987172e+01   1.9992344e+01  -5.0200821e+00   1.0030792e+01
   3.0021552e+01   2.0022324e+01  -5.0057238e+00   1.0056279e+01
   3.0021552e+01   2.0022324e+01  -5.0057238e+00   1.0056279e+01
   3.0021552e+01   2.0022324e+01  -5.0057238e+00   1.0056279e+01
   3.0021552e+01   2.0022324e+01  -5.0057238e+00   1.0056279e+01
   2.9974961e+01   2.0029627e+01  -5.0072015e+00   1.0010758e+01
   2.9935263e+01   1.9945518e+01  -4.9666707e+00   9.9688463e+00
   3.0078198e+01   2.0077071e+01  -4.9761535e+00   1.0054549e+01
   3.0078198e+01   2.0077071e+01  -4.9761535e+00   1.0054549e+01
   3.0078198e+01   2.0077071e+01  -4.9761535e+00   1.0054549e+01
   3.0078198e+01   2.0077071e+01  -4.9761535e+00   1.0054549e+01
   3.0078198e+01   2.0077071e+01  -4.9761535e+00   1.0054549e+01
   3.0078198e+01   2.0077071e+01  -4.9761535e+00   1.0054549e+01
   3.0078198e+01   2.0077071e+01  -4.9761535e+00   1.0054549e+01
   3.0078198e+01   2.0077071e+01  -4.9761535e+00   1.0054549e+01
   3.0078198e+01   2.0077071e+01  -4.9761535e+00   1.0054549e+01
   3.0078198e+01   2.0077071e+01  -4.9761535e+00   1.0054549e+01
   3.0145738e+01   2.0113388e+01  -5.0383563e+00   9.9841026e+00
   3.0145738e+01   2.0113388e+01  -5.0383563e+00   9.9841026e+00
   3.0145738e+01   2.0113388e+01  -5.0383563e+00   9.9841026e+00
   3.0017530e+01   2.0006179e+01  -4.9846643e+00   1.0005350e+01
   3.0017530e+01   2.0006179e+01  -4.9846643e+00   1.0005350e+01
   3.0017530e+01   2.0006179e+01  -4.9846643e+00   1.0005350e+01
   3.0017530e+01   2.0006179e+01  -4.9846643e+00   1.0005350e+01
   3.0017530e+01   2.0006179e+01  -4.9846643e+00   1.0005350e+01
   3.0017530e+01   2.0006179e+01  -4.9846643e+00   1.0005350e+01
   3.0017530e+01   2.0006179e+01  -4.9846643e+00   1.0005350e+01
   3.0017530e+01   2.0006179e+01  -4.9846643e+00   1.0005350e+01
   3.0017530e+01   2.0006179e+01  -4.9846643e+00   1.0005350e+01
   3.0017530e+01   2.0006179e+01  -4.9846643e+00   1.0005350e+01
