   6.8330268e+00   3.2222280e+00  -1.8422919e+01   2.0730424e+01
   6.8952940e+00   3.1147391e+00  -1.8402381e+01   2.1092434e+01
   6.8952940e+00   3.1147391e+00  -1.8402381e+01   2.1092434e+01
   6.9929761e+00   3.2395550e+00  -1.8229651e+01   2.0988446e+01
   7.3138993e+00   3.1495117e+00  -1.8093859e+01   2.0789208e+01
   7.3138993e+00   3.1495117e+00  -1.8093859e+01   2.0789208e+01
   7.0498457e+00   3.2580516e+00  -1.8213340e+01   2.0646058e+01
   7.0498457e+00   3.2580516e+00  -1.8213340e+01   2.0646058e+01
   6.7388488e+00   3.2937376e+00  -1.7839566e+01   2.0352239e+01
   6.9086565e+00   2.9673440e+00  -1.7731804e+01   2.0339164e+01
   7.1199490e+00   3.0467903e+00  -1.7635576e+01   2.0029486e+01
   7.3461048e+00   3.3753623e+00  -1.7659584e+01   1.9980815e+01
   7.3461048e+00   3.3753623e+00  -1.7659584e+01   1.9980815e+01
   7.4412171e+00   3.5697745e+00  -1.7700643e+01   1.9813878e+01
   7.4412171e+00   3.5697745e+00  -1.7700643e+01   1.9813878e+01
   7.4511644e+00   3.5561170e+00  -1.7593002e+01   1.9713078e+01
   7.6847711e+00   3.5115069e+00  -1.7590178e+01   1.9584202e+01
   7.5696247e+00   3.4641261e+00  -1.7452108e+01   1.9874605e+01
   7.5696247e+00   3.4641261e+00  -1.7452108e+01   1.9874605e+01
   7.6635821e+00   3.4292967e+00  -1.7071859e+01   1.9771486e+01
   8.0645841e+00   3.2288393e+00  -1.7076407e+01   1.9635738e+01
   8.4092109e+00   3.0398372e+00  -1.7144209e+01   1.9865983e+01
   7.7351683e+00   2.9808241e+00  -1.7261934e+01   1.9929687e+01
   8.1074303e+00   2.9443888e+00  -1.7010225e+01   1.9973512e+01
   8.0292265e+00   2.9934807e+00  -1.6857717e+01   1.9612086e+01
   8.0292265e+00   2.9934807e+00  -1.6857717e+01   1.9612086e+01
   8.5450673e+00   2.9523231e+00  -1.6921347e+01   1.9222310e+01
   8.3798742e+00   2.7798543e+00  -1.7119101e+01   1.9681024e+01
   8.7811903e+00   2.8675695e+00  -1.6939167e+01   1.9802130e+01
   8.7811903e+00   2.8675695e+00  -1.6939167e+01   1.9802130e+01
   8.7811903e+00   2.8675695e+00  -1.6939167e+01   1.9802130e+01
   8.5481493e+00   3.1779153e+00  -1.6397012e+01   1.9825590e+01
   8.7518535e+00   3.3091589e+00  -1.6630564e+01   1.9596916e+01
   8.6331895e+00   3.2599760e+00  -1.6241000e+01   1.9512374e+01
   8.6604881e+00   3.2556977e+00  -1.6302237e+01   1.9854809e+01
   8.7224711e+00   3.5367541e+00  -1.6406580e+01   2.0008684e+01
   8.7224711e+00   3.5367541e+00  -1.6406580e+01   2.0008684e+01
   8.9068134e+00   3.7835759e+00  -1.6462720e+01   1.9865175e+01
   8.9068134e+00   3.7835759e+00  -1.6462720e+01   1.9865175e+01
   8.9068134e+00   3.7835759e+00  -1.6462720e+01   1.9865175e+01
   8.7620152e+00   3.6981110e+00  -1.6446738e+01   1.9564302e+01
   8.7620152e+00   3.6981110e+00  -1.6446738e+01   1.9564302e+01
   8.7620152e+00   3.6981110e+00  -1.6446738e+01   1.9564302e+01
   8.5577854e+00   3.6263610e+00  -1.6417368e+01   1.9610518e+01
   8.5577854e+00   3.6263610e+00  -1.6417368e+01   1.9610518e+01
   8.2993564e+00   3.6787023e+00  -1.6642688e+01   1.9755316e+01
   8.2993564e+00   3.6787023e+00  -1.6642688e+01   1.9755316e+01
   8.4482758e+00   3.8697085e+00  -1.6648969e+01   1.9575321e+01
   8.4282886e+00   3.7210107e+00  -1.6596680e+01   1.9440658e+01
   2.9574685e+01   1.0673997e+01  -5.9822227e+00   1.9650920e+01
   3.0018226e+01   9.8810607e+00  -5.1086547e+00   2.0005411e+01
   3.0032657e+01   9.9818862e+00  -5.0050505e+00   2.0034286e+01
   3.0032657e+01   9.9818862e+00  -5.0050505e+00   2.0034286e+01
   3.0051403e+01   9.9750231e+00  -4.9903004e+00   2.0041403e+01
   3.0016062e+01   1.0000402e+01  -5.0173200e+00   2.0026085e+01
   2.9952687e+01   9.9981527e+00  -5.0034970e+00   1.9939445e+01
   3.0010047e+01   9.9525851e+00  -4.9840431e+00   1.9975500e+01
   3.0037673e+01   1.0011166e+01  -5.0007362e+00   2.0021318e+01
   3.0012508e+01   9.9985905e+00  -4.9932075e+00   1.9992214e+01
   3.0012508e+01   9.9985905e+00  -4.9932075e+00   1.9992214e+01
   3.0012508e+01   9.9985905e+00  -4.9932075e+00   1.9992214e+01
   3.0024566e+01   9.9776046e+00  -5.0086109e+00   2.0008118e+01
   3.0037517e+01   1.0010340e+01  -5.0156938e+00   2.0029643e+01
   2.9975340e+01   1.0026404e+01  -5.0377558e+00   1.9974276e+01
   2.9975340e+01   1.0026404e+01  -5.0377558e+00   1.9974276e+01
   2.9975340e+01   1.0026404e+01  -5.0377558e+00   1.9974276e+01
   2.9986531e+01   9.9934600e+00  -5.0196918e+00   1.9968450e+01
   2.9990336e+01   9.9959077e+00  -5.0370779e+00   1.9997843e+01
   2.9990336e+01   9.9959077e+00  -5.0370779e+00   1.9997843e+01
   3.0030912e+01   9.9810063e+00  -5.0011695e+00   2.0036892e+01
   3.0003161e+01   1.0014866e+01  -5.0321176e+00   1.9992321e+01
   3.0018740e+01   1.0018966e+01  -5.0114904e+00   2.0011772e+01
   2.9980395e+01   1.0001216e+01  -5.0345137e+00   1.9987971e+01
   3.0004068e+01   1.0004733e+01  -5.0233031e+00   2.0006549e+01
   3.0021865e+01   1.0002822e+01  -5.0233770e+00   2.0004713e+01
   3.0005952e+01   1.0029381e+01  -4.9393313e+00   2.0017481e+01
   3.0014306e+01   1.0033908e+01  -4.9887710e+00   2.0016957e+01
   2.9960279e+01   1.0036800e+01  -4.9734475e+00   1.9976076e+01
   2.9981732e+01   1.0010788e+01  -4.9851659e+00   2.0008810e+01
   2.9981732e+01   1.0010788e+01  -4.9851659e+00   2.0008810e+01
   2.9981732e+01   1.0010788e+01  -4.9851659e+00   2.0008810e+01
   2.9984941e+01   9.9643992e+00  -4.9909340e+00   2.0015874e+01
   2.9984941e+01   9.9643992e+00  -4.9909340e+00   2.0015874e+01
   2.9984941e+01   9.9643992e+00  -4.9909340e+00   2.0015874e+01
   2.9968903e+01   1.0048829e+01  -5.0665147e+00   1.9974474e+01
   2.9968903e+01   1.0048829e+01  -5.0665147e+00   1.9974474e+01
   2.9975789e+01   9.9541704e+00  -5.0841174e+00   1.9961708e+01
   2.9975789e+01   9.9541704e+00  -5.0841174e+00   1.9961708e+01
   2.9975789e+01   9.9541704e+00  -5.0841174e+00   1.9961708e+01
   2.9975789e+01   9.9541704e+00  -5.0841174e+00   1.9961708e+01
   2.9975789e+01   9.9541704e+00  -5.0841174e+00   1.9961708e+01
   2.9975789e+01   9.9541704e+00  -5.0841174e+00   1.9961708e+01
   2.9975789e+01   9.9541704e+00  -5.0841174e+00   1.9961708e+01
   2.9975789e+01   9.9541704e+00  -5.0841174e+00   1.9961708e+01
   2.9975789e+01   9.9541704e+00  -5.0841174e+00   1.9961708e+01
   2.9975789e+01   9.9541704e+00  -5.0841174e+00   1.9961708e+01
   2.9997084e+01   9.9457981e+00  -5.1255085e+00   1.9965470e+01
   2.9991582e+01   9.9984701e+00  -5.0330134e+00   1.9941334e+01
   2.9991582e+01   9.9984701e+00  -5.0330134e+00   1.9941334e+01
   2.9991582e+01   9.9984701e+00  -5.0330134e+00   1.9941334e+01
