   6.0786305e+00   2.7770696e-01  -1.7767697e+01  -2.8418734e+01
   6.0786305e+00   2.7770696e-01  -1.7767697e+01  -2.8418734e+01
   6.0912444e+00   2.0133788e-01  -1.7754134e+01  -2.8447733e+01
   6.0912444e+00   2.0133788e-01  -1.7754134e+01  -2.8447733e+01
   6.0912444e+00   2.0133788e-01  -1.7754134e+01  -2.8447733e+01
   6.0912444e+00   2.0133788e-01  -1.7754134e+01  -2.8447733e+01
   6.0870140e+00   2.7947814e-01  -1.7417863e+01  -2.8224734e+01
   6.0870140e+00   2.7947814e-01  -1.7417863e+01  -2.8224734e+01
   6.1692065e+00   3.4286827e-01  -1.7301404e+01  -2.7924601e+01
   6.1036408e+00   1.4248270e-01  -1.7383922e+01  -2.7557252e+01
   6.1882811e+00  -1.0500614e-01  -1.6922887e+01  -2.7599286e+01
   6.1972153e+00   3.3570105e-01  -1.7144740e+01  -2.7513823e+01
   6.5288550e+00   2.6593646e-01  -1.6851974e+01  -2.7599487e+01
   6.3551809e+00   4.8582225e-01  -1.7075908e+01  -2.7403381e+01
   6.5802122e+00   7.2056012e-01  -1.7157536e+01  -2.7192244e+01
   6.5802122e+00   7.2056012e-01  -1.7157536e+01  -2.7192244e+01
   6.5802122e+00   7.2056012e-01  -1.7157536e+01  -2.7192244e+01
   6.8309555e+00   8.9359168e-01  -1.7352386e+01  -2.7153547e+01
   6.6799128e+00   7.4300620e-01  -1.7139500e+01  -2.7232572e+01
   7.0427340e+00   1.1779828e+00  -1.7117464e+01  -2.7395044e+01
   7.1223902e+00   1.2040563e+00  -1.7258050e+01  -2.7156189e+01
   6.9403951e+00   1.1307647e+00  -1.7069077e+01  -2.6679962e+01
   6.9403951e+00   1.1307647e+00  -1.7069077e+01  -2.6679962e+01
   6.8623257e+00   6.5918350e-01  -1.7350071e+01  -2.6556521e+01
   6.8623257e+00   6.5918350e-01  -1.7350071e+01  -2.6556521e+01
   7.1088757e+00   6.7956409e-01  -1.7568163e+01  -2.6772929e+01
   7.4328720e+00   7.0094947e-01  -1.7309566e+01  -2.6724877e+01
   7.4328720e+00   7.0094947e-01  -1.7309566e+01  -2.6724877e+01
   7.7091300e+00   4.1021656e-01  -1.7032498e+01  -2.6646581e+01
   7.6967898e+00   5.5734987e-01  -1.7009030e+01  -2.6502478e+01
   7.6409488e+00   6.4655863e-01  -1.7187567e+01  -2.6524581e+01
   7.6409488e+00   6.4655863e-01  -1.7187567e+01  -2.6524581e+01
   7.6409488e+00   6.4655863e-01  -1.7187567e+01  -2.6524581e+01
   7.7027811e+00   8.4213877e-01  -1.7253403e+01  -2.6122760e+01
   7.7504376e+00   1.0470271e+00  -1.7375174e+01  -2.6438040e+01
   7.7504376e+00   1.0470271e+00  -1.7375174e+01  -2.6438040e+01
   7.7504376e+00   1.0470271e+00  -1.7375174e+01  -2.6438040e+01
   7.8548248e+00   9.7481644e-01  -1.7750420e+01  -2.5992936e+01
   7.9082638e+00   1.0899241e+00  -1.7885829e+01  -2.5858933e+01
   7.9270495e+00   1.1565794e+00  -1.7632482e+01  -2.5915418e+01
   7.9270495e+00   1.1565794e+00  -1.7632482e+01  -2.5915418e+01
   7.9270495e+00   1.1565794e+00  -1.7632482e+01  -2.5915418e+01
   7.9270495e+00   1.1565794e+00  -1.7632482e+01  -2.5915418e+01
   8.2477624e+00   1.2103242e+00  -1.7700068e+01  -2.5968428e+01
   8.2477624e+00   1.2103242e+00  -1.7700068e+01  -2.5968428e+01
   8.3766117e+00   1.0865850e+00  -1.7553125e+01  -2.5655444e+01
   8.3766117e+00   1.0865850e+00  -1.7553125e+01  -2.5655444e+01
   8.7253382e+00   1.1138829e+00  -1.7165892e+01  -2.5869244e+01
   9.2284029e+00   1.1975526e+00  -1.7138430e+01  -2.5638621e+01
   2.8878097e+01   1.9724656e+01  -4.9842154e+00   1.0455826e+01
   2.9930916e+01   1.9958267e+01  -5.0157840e+00   1.0005646e+01
   2.9930916e+01   1.9958267e+01  -5.0157840e+00   1.0005646e+01
   3.0003967e+01   1.9992553e+01  -5.0081266e+00   1.0033243e+01
   3.0003967e+01   1.9992553e+01  -5.0081266e+00   1.0033243e+01
   2.9996582e+01   2.0043946e+01  -5.0299472e+00   1.0023353e+01
   2.9955603e+01   1.9939009e+01  -5.0102155e+00   9.9504462e+00
   2.9963664e+01   1.9983245e+01  -5.0258344e+00   1.0008127e+01
   2.9998064e+01   2.0004743e+01  -5.0043775e+00   9.9885803e+00
   3.0022674e+01   2.0029636e+01  -5.0232221e+00   1.0018642e+01
   2.9968814e+01   1.9981816e+01  -5.0270481e+00   9.9984867e+00
   3.0030307e+01   2.0032286e+01  -5.0159299e+00   1.0002405e+01
   2.9951203e+01   1.9938428e+01  -5.0145251e+00   1.0021878e+01
   2.9951203e+01   1.9938428e+01  -5.0145251e+00   1.0021878e+01
   2.9973206e+01   1.9976755e+01  -4.9970908e+00   1.0002842e+01
   2.9973206e+01   1.9976755e+01  -4.9970908e+00   1.0002842e+01
   2.9973206e+01   1.9976755e+01  -4.9970908e+00   1.0002842e+01
   2.9973206e+01   1.9976755e+01  -4.9970908e+00   1.0002842e+01
   2.9973206e+01   1.9976755e+01  -4.9970908e+00   1.0002842e+01
   2.9973206e+01   1.9976755e+01  -4.9970908e+00   1.0002842e+01
   2.9973206e+01   1.9976755e+01  -4.9970908e+00   1.0002842e+01
   2.9999034e+01   1.9985848e+01  -4.9806786e+00   9.9862760e+00
   2.9999034e+01   1.9985848e+01  -4.9806786e+00   9.9862760e+00
   3.0018548e+01   2.0024412e+01  -4.9769841e+00   9.9880605e+00
   3.0018548e+01   2.0024412e+01  -4.9769841e+00   9.9880605e+00
   2.9939452e+01   1.9963015e+01  -4.9533731e+00   9.9613959e+00
   3.0022613e+01   2.0028055e+01  -4.9914427e+00   1.0021857e+01
   2.9984835e+01   1.9980523e+01  -5.0147452e+00   9.9844664e+00
   2.9984290e+01   1.9998207e+01  -5.0256142e+00   9.9957933e+00
   2.9984290e+01   1.9998207e+01  -5.0256142e+00   9.9957933e+00
   2.9984290e+01   1.9998207e+01  -5.0256142e+00   9.9957933e+00
   2.9984290e+01   1.9998207e+01  -5.0256142e+00   9.9957933e+00
   2.9984290e+01   1.9998207e+01  -5.0256142e+00   9.9957933e+00
   2.9984290e+01   1.9998207e+01  -5.0256142e+00   9.9957933e+00
   2.9984290e+01   1.9998207e+01  -5.0256142e+00   9.9957933e+00
   3.0036443e+01   2.0014324e+01  -5.0472844e+00   1.0026075e+01
   3.0036443e+01   2.0014324e+01  -5.0472844e+00   1.0026075e+01
   3.0063713e+01   2.0025390e+01  -5.0402115e+00   9.9810380e+00
   3.0063713e+01   2.0025390e+01  -5.0402115e+00   9.9810380e+00
   3.0063713e+01   2.0025390e+01  -5.0402115e+00   9.9810380e+00
   3.0082121e+01   2.0018071e+01  -5.0001490e+00   9.9506476e+00
   3.0082121e+01   2.0018071e+01  -5.0001490e+00   9.9506476e+00
   2.9893192e+01   1.9958026e+01  -4.9866310e+00   9.9957936e+00
   2.9893192e+01   1.9958026e+01  -4.9866310e+00   9.9957936e+00
   2.9893192e+01   1.9958026e+01  -4.9866310e+00   9.9957936e+00
   3.0137327e+01   2.0019924e+01  -4.9509828e+00   9.9034127e+00
   3.0137327e+01   2.0019924e+01  -4.9509828e+00   9.9034127e+00
   3.0137327e+01   2.0019924e+01  -4.9509828e+00   9.9034127e+00
   3.0137327e+01   2.0019924e+01  -4.9509828e+00   9.9034127e+00
   3.0137327e+01   2.0019924e+01  -4.9509828e+00   9.9034127e+00
   3.0137327e+01   2.0019924e+01  -4.9509828e+00   9.9034127e+00
