   1.9951285e+01   3.2033867e+01   3.2823507e+01  -2.4842498e+01
   1.9818724e+01   3.1756102e+01   3.2841059e+01  -2.4886986e+01
   1.9397865e+01   3.1645246e+01   3.2347371e+01  -2.5199362e+01
   1.9411307e+01   3.1591524e+01   3.2355182e+01  -2.4992018e+01
   1.9411307e+01   3.1591524e+01   3.2355182e+01  -2.4992018e+01
   1.8980731e+01   3.1392601e+01   3.2199981e+01  -2.4707061e+01
   1.8889353e+01   3.1171481e+01   3.2058505e+01  -2.4784657e+01
   1.8764193e+01   3.1366018e+01   3.1999373e+01  -2.4864619e+01
   1.8940703e+01   3.1383646e+01   3.1828740e+01  -2.4643807e+01
   1.8802793e+01   3.1247588e+01   3.2020817e+01  -2.4856276e+01
   1.8906078e+01   3.1142717e+01   3.1984536e+01  -2.4576355e+01
   1.8977507e+01   3.1114417e+01   3.1866184e+01  -2.4479824e+01
   1.8954346e+01   3.0961114e+01   3.2388473e+01  -2.4842639e+01
   1.9043709e+01   3.0751055e+01   3.2215026e+01  -2.4617042e+01
   1.9278896e+01   3.0750894e+01   3.2318747e+01  -2.4594917e+01
   1.8879754e+01   3.0915584e+01   3.2397093e+01  -2.4516997e+01
   1.9041536e+01   3.0686456e+01   3.2350445e+01  -2.4434741e+01
   1.9364873e+01   3.0900565e+01   3.2123718e+01  -2.4231727e+01
   1.9533954e+01   3.0655704e+01   3.2174966e+01  -2.4324217e+01
   1.9491029e+01   3.0378070e+01   3.2368529e+01  -2.4187911e+01
   1.9723194e+01   3.0588566e+01   3.2166324e+01  -2.4102061e+01
   1.9640072e+01   3.0750151e+01   3.1923144e+01  -2.4342480e+01
   1.9640072e+01   3.0750151e+01   3.1923144e+01  -2.4342480e+01
   1.9700234e+01   3.0539382e+01   3.1510293e+01  -2.3982278e+01
   1.9755234e+01   3.0401167e+01   3.1358360e+01  -2.3831486e+01
   1.9505400e+01   3.0511483e+01   3.1443118e+01  -2.3552578e+01
   1.9662626e+01   3.0252584e+01   3.1589996e+01  -2.3797059e+01
   1.9662626e+01   3.0252584e+01   3.1589996e+01  -2.3797059e+01
   1.9666408e+01   3.0425768e+01   3.2227958e+01  -2.3371606e+01
   1.9666408e+01   3.0425768e+01   3.2227958e+01  -2.3371606e+01
   1.9240051e+01   3.0900227e+01   3.2285441e+01  -2.3213024e+01
   1.9212325e+01   3.1283662e+01   3.2351196e+01  -2.3000303e+01
   1.8960408e+01   3.1656354e+01   3.2344470e+01  -2.3051685e+01
   1.9233371e+01   3.1744233e+01   3.1978053e+01  -2.2885732e+01
   1.9434830e+01   3.1822358e+01   3.2119915e+01  -2.2684649e+01
   1.9364412e+01   3.2143279e+01   3.1989574e+01  -2.2325125e+01
   1.9364412e+01   3.2143279e+01   3.1989574e+01  -2.2325125e+01
   1.9364412e+01   3.2143279e+01   3.1989574e+01  -2.2325125e+01
   1.9534209e+01   3.1999418e+01   3.2204721e+01  -2.2099505e+01
   1.9534209e+01   3.1999418e+01   3.2204721e+01  -2.2099505e+01
   1.9771898e+01   3.1932104e+01   3.2269396e+01  -2.2082597e+01
   1.9733808e+01   3.1942455e+01   3.2389815e+01  -2.1896414e+01
   1.9733808e+01   3.1942455e+01   3.2389815e+01  -2.1896414e+01
   1.9757488e+01   3.1979428e+01   3.2324755e+01  -2.1595385e+01
   1.9505149e+01   3.2139307e+01   3.2533169e+01  -2.1684143e+01
   1.9505149e+01   3.2139307e+01   3.2533169e+01  -2.1684143e+01
   1.9505149e+01   3.2139307e+01   3.2533169e+01  -2.1684143e+01
   1.9639994e+01   3.2180732e+01   3.2714263e+01  -2.1647085e+01
   1.9639994e+01   3.2180732e+01   3.2714263e+01  -2.1647085e+01
  -5.3247220e+00   1.9356129e+01   2.9407117e+01   1.0492768e+01
  -5.0117005e+00   2.0007191e+01   2.9988623e+01   1.0014904e+01
  -5.0167950e+00   2.0005316e+01   2.9975507e+01   1.0023486e+01
  -4.9800953e+00   2.0004018e+01   2.9972704e+01   9.9904446e+00
  -4.9850843e+00   1.9998396e+01   2.9976604e+01   1.0000547e+01
  -4.9736374e+00   1.9998110e+01   2.9976726e+01   1.0007001e+01
  -5.0144678e+00   1.9974177e+01   2.9954145e+01   9.9869643e+00
  -5.0271125e+00   1.9989628e+01   2.9978814e+01   9.9543691e+00
  -5.0271125e+00   1.9989628e+01   2.9978814e+01   9.9543691e+00
  -5.0271125e+00   1.9989628e+01   2.9978814e+01   9.9543691e+00
  -5.0217457e+00   1.9978492e+01   2.9962458e+01   1.0024401e+01
  -5.0436176e+00   2.0031341e+01   3.0023492e+01   1.0040236e+01
  -4.9899018e+00   1.9983016e+01   2.9987952e+01   1.0030493e+01
  -4.9899018e+00   1.9983016e+01   2.9987952e+01   1.0030493e+01
  -4.9899018e+00   1.9983016e+01   2.9987952e+01   1.0030493e+01
  -4.9966648e+00   2.0001318e+01   2.9982940e+01   9.9643996e+00
  -4.9966648e+00   2.0001318e+01   2.9982940e+01   9.9643996e+00
  -4.9966648e+00   2.0001318e+01   2.9982940e+01   9.9643996e+00
  -4.9966648e+00   2.0001318e+01   2.9982940e+01   9.9643996e+00
  -4.9966648e+00   2.0001318e+01   2.9982940e+01   9.9643996e+00
  -5.0004526e+00   2.0020908e+01   3.0041396e+01   9.9940740e+00
  -5.0472023e+00   2.0025290e+01   3.0021383e+01   9.9967856e+00
  -4.9813534e+00   1.9995219e+01   2.9986421e+01   1.0004425e+01
  -5.0224739e+00   2.0038314e+01   3.0024943e+01   9.9786546e+00
  -5.0258926e+00   2.0003698e+01   2.9989695e+01   9.9762262e+00
  -4.9757486e+00   1.9998039e+01   2.9982682e+01   9.9790582e+00
  -4.9757486e+00   1.9998039e+01   2.9982682e+01   9.9790582e+00
  -4.9757486e+00   1.9998039e+01   2.9982682e+01   9.9790582e+00
  -5.0161314e+00   1.9993136e+01   2.9993391e+01   1.0013642e+01
  -5.0209639e+00   1.9973902e+01   2.9984320e+01   1.0030850e+01
  -5.0209639e+00   1.9973902e+01   2.9984320e+01   1.0030850e+01
  -5.0209639e+00   1.9973902e+01   2.9984320e+01   1.0030850e+01
  -5.0701546e+00   1.9928187e+01   2.9925022e+01   1.0048301e+01
  -5.0701546e+00   1.9928187e+01   2.9925022e+01   1.0048301e+01
  -5.0701546e+00   1.9928187e+01   2.9925022e+01   1.0048301e+01
  -5.0701546e+00   1.9928187e+01   2.9925022e+01   1.0048301e+01
  -5.0701546e+00   1.9928187e+01   2.9925022e+01   1.0048301e+01
  -5.0701546e+00   1.9928187e+01   2.9925022e+01   1.0048301e+01
  -5.0246176e+00   2.0069631e+01   3.0039967e+01   9.8958471e+00
  -5.0246176e+00   2.0069631e+01   3.0039967e+01   9.8958471e+00
  -5.1015618e+00   2.0031765e+01   3.0002787e+01   9.9699720e+00
  -5.1015618e+00   2.0031765e+01   3.0002787e+01   9.9699720e+00
  -5.1015618e+00   2.0031765e+01   3.0002787e+01   9.9699720e+00
  -5.1676787e+00   1.9957700e+01   2.9935870e+01   1.0012926e+01
  -5.1676787e+00   1.9957700e+01   2.9935870e+01   1.0012926e+01
  -5.1676787e+00   1.9957700e+01   2.9935870e+01   1.0012926e+01
  -5.0896466e+00   2.0096006e+01   3.0052063e+01   9.9063680e+00
  -5.0896466e+00   2.0096006e+01   3.0052063e+01   9.9063680e+00
  -5.0896466e+00   2.0096006e+01   3.0052063e+01   9.9063680e+00
  -5.0896466e+00   2.0096006e+01   3.0052063e+01   9.9063680e+00
  -5.0896466e+00   2.0096006e+01   3.0052063e+01   9.9063680e+00
