   4.1281168e+01   2.1978272e+01   2.4761304e+01   2.5483798e+01
   4.0950839e+01   2.1765203e+01   2.4721692e+01   2.5523656e+01
   4.0759527e+01   2.1592496e+01   2.4282172e+01   2.5659532e+01
   4.0759527e+01   2.1592496e+01   2.4282172e+01   2.5659532e+01
   4.0412165e+01   2.1634587e+01   2.4301807e+01   2.5930326e+01
   4.0412165e+01   2.1634587e+01   2.4301807e+01   2.5930326e+01
   4.0412165e+01   2.1634587e+01   2.4301807e+01   2.5930326e+01
   4.0516522e+01   2.1849200e+01   2.4217685e+01   2.5718635e+01
   4.0551883e+01   2.1405891e+01   2.4371361e+01   2.5678856e+01
   4.0457925e+01   2.1615803e+01   2.4111964e+01   2.5666820e+01
   4.0613744e+01   2.1746524e+01   2.4381239e+01   2.5832413e+01
   4.0846432e+01   2.1736350e+01   2.4456256e+01   2.6057052e+01
   4.0846432e+01   2.1736350e+01   2.4456256e+01   2.6057052e+01
   4.0671587e+01   2.1580100e+01   2.4545057e+01   2.5929379e+01
   4.0671587e+01   2.1580100e+01   2.4545057e+01   2.5929379e+01
   4.0671587e+01   2.1580100e+01   2.4545057e+01   2.5929379e+01
   4.0634245e+01   2.1401604e+01   2.4422256e+01   2.6271243e+01
   4.0884505e+01   2.1307572e+01   2.4127473e+01   2.6497444e+01
   4.0884505e+01   2.1307572e+01   2.4127473e+01   2.6497444e+01
   4.0884505e+01   2.1307572e+01   2.4127473e+01   2.6497444e+01
   4.0884505e+01   2.1307572e+01   2.4127473e+01   2.6497444e+01
   4.1125269e+01   2.0978210e+01   2.3730483e+01   2.6900358e+01
   4.1125269e+01   2.0978210e+01   2.3730483e+01   2.6900358e+01
   4.1125269e+01   2.0978210e+01   2.3730483e+01   2.6900358e+01
   4.1125269e+01   2.0978210e+01   2.3730483e+01   2.6900358e+01
   4.1303170e+01   2.1028552e+01   2.3917969e+01   2.6710529e+01
   4.1468864e+01   2.1211550e+01   2.3786319e+01   2.6714421e+01
   4.1370780e+01   2.1154056e+01   2.3945542e+01   2.6986952e+01
   4.1312743e+01   2.0682414e+01   2.3638950e+01   2.7022405e+01
   4.1306561e+01   2.0896318e+01   2.3517510e+01   2.7025087e+01
   4.1306561e+01   2.0896318e+01   2.3517510e+01   2.7025087e+01
   4.1306561e+01   2.0896318e+01   2.3517510e+01   2.7025087e+01
   4.1192553e+01   2.0499024e+01   2.3183103e+01   2.6682318e+01
   4.0912503e+01   2.0248674e+01   2.3243965e+01   2.6486050e+01
   4.1173669e+01   2.0219603e+01   2.3292296e+01   2.6521649e+01
   4.1173669e+01   2.0219603e+01   2.3292296e+01   2.6521649e+01
   4.1173669e+01   2.0219603e+01   2.3292296e+01   2.6521649e+01
   4.1173669e+01   2.0219603e+01   2.3292296e+01   2.6521649e+01
   4.1173669e+01   2.0219603e+01   2.3292296e+01   2.6521649e+01
   4.1048731e+01   2.0351444e+01   2.3214811e+01   2.6445056e+01
   4.1056905e+01   2.0166832e+01   2.2500309e+01   2.6558998e+01
   4.1357252e+01   2.0067504e+01   2.2081181e+01   2.6410120e+01
   4.1337749e+01   2.0113666e+01   2.2272192e+01   2.6156442e+01
   4.1387350e+01   2.0095442e+01   2.1759817e+01   2.6454679e+01
   4.1847082e+01   2.0090433e+01   2.1654151e+01   2.6332384e+01
   4.1612381e+01   1.9951205e+01   2.1618187e+01   2.6280233e+01
   4.1707763e+01   2.0092475e+01   2.1718809e+01   2.6367820e+01
   4.1798606e+01   2.0196339e+01   2.1634661e+01   2.6117208e+01
   4.1924526e+01   1.9755547e+01   2.1625436e+01   2.6467443e+01
   1.1102606e+01   1.1155393e+01  -4.7080434e+00   1.9112969e+01
   1.1102606e+01   1.1155393e+01  -4.7080434e+00   1.9112969e+01
   1.1102606e+01   1.1155393e+01  -4.7080434e+00   1.9112969e+01
   1.1102606e+01   1.1155393e+01  -4.7080434e+00   1.9112969e+01
   9.5611654e+00   1.0185964e+01  -4.5787206e+00   1.9853848e+01
   1.0011686e+01   9.9899822e+00  -5.0105853e+00   1.9979621e+01
   1.0011686e+01   9.9899822e+00  -5.0105853e+00   1.9979621e+01
   1.0011686e+01   9.9899822e+00  -5.0105853e+00   1.9979621e+01
   1.0025867e+01   9.9733348e+00  -5.0184569e+00   1.9985049e+01
   1.0025867e+01   9.9733348e+00  -5.0184569e+00   1.9985049e+01
   1.0042339e+01   9.9483379e+00  -4.9695130e+00   2.0029590e+01
   9.9212415e+00   1.0003474e+01  -4.9314112e+00   1.9976982e+01
   9.9212415e+00   1.0003474e+01  -4.9314112e+00   1.9976982e+01
   9.9212415e+00   1.0003474e+01  -4.9314112e+00   1.9976982e+01
   9.9212415e+00   1.0003474e+01  -4.9314112e+00   1.9976982e+01
   9.9212415e+00   1.0003474e+01  -4.9314112e+00   1.9976982e+01
   9.9212415e+00   1.0003474e+01  -4.9314112e+00   1.9976982e+01
   1.0025419e+01   1.0025241e+01  -4.9729092e+00   2.0014230e+01
   9.8985755e+00   9.9889534e+00  -4.9142577e+00   1.9977798e+01
   9.8985755e+00   9.9889534e+00  -4.9142577e+00   1.9977798e+01
   1.0094034e+01   9.9977674e+00  -5.0947732e+00   1.9969577e+01
   9.9308678e+00   9.9504709e+00  -5.0056192e+00   1.9934755e+01
   1.0025395e+01   9.9828957e+00  -5.0125232e+00   2.0006953e+01
   1.0056067e+01   9.9970827e+00  -5.0046334e+00   2.0051300e+01
   1.0055094e+01   9.9473054e+00  -5.0396758e+00   2.0029957e+01
   1.0055094e+01   9.9473054e+00  -5.0396758e+00   2.0029957e+01
   1.0055094e+01   9.9473054e+00  -5.0396758e+00   2.0029957e+01
   1.0055094e+01   9.9473054e+00  -5.0396758e+00   2.0029957e+01
   1.0055094e+01   9.9473054e+00  -5.0396758e+00   2.0029957e+01
   1.0055094e+01   9.9473054e+00  -5.0396758e+00   2.0029957e+01
   1.0055094e+01   9.9473054e+00  -5.0396758e+00   2.0029957e+01
   1.0055094e+01   9.9473054e+00  -5.0396758e+00   2.0029957e+01
   1.0055094e+01   9.9473054e+00  -5.0396758e+00   2.0029957e+01
   1.0055094e+01   9.9473054e+00  -5.0396758e+00   2.0029957e+01
   1.0055094e+01   9.9473054e+00  -5.0396758e+00   2.0029957e+01
   1.0055094e+01   9.9473054e+00  -5.0396758e+00   2.0029957e+01
   1.0055094e+01   9.9473054e+00  -5.0396758e+00   2.0029957e+01
   1.0055094e+01   9.9473054e+00  -5.0396758e+00   2.0029957e+01
   1.0055094e+01   9.9473054e+00  -5.0396758e+00   2.0029957e+01
   1.0055094e+01   9.9473054e+00  -5.0396758e+00   2.0029957e+01
   1.0055094e+01   9.9473054e+00  -5.0396758e+00   2.0029957e+01
   1.0097935e+01   1.0100225e+01  -4.9495660e+00   1.9929905e+01
   1.0097935e+01   1.0100225e+01  -4.9495660e+00   1.9929905e+01
   1.0097935e+01   1.0100225e+01  -4.9495660e+00   1.9929905e+01
   9.9958590e+00   1.0057544e+01  -4.9713681e+00   1.9953681e+01
   9.9958590e+00   1.0057544e+01  -4.9713681e+00   1.9953681e+01
   9.9958590e+00   1.0057544e+01  -4.9713681e+00   1.9953681e+01
   9.9958590e+00   1.0057544e+01  -4.9713681e+00   1.9953681e+01
   9.9958590e+00   1.0057544e+01  -4.9713681e+00   1.9953681e+01
   9.9958590e+00   1.0057544e+01  -4.9713681e+00   1.9953681e+01
   9.9958590e+00   1.0057544e+01  -4.9713681e+00   1.9953681e+01
