   1.6904097e+00   1.3839468e+01   1.3784082e+01  -2.2988819e+01
   1.6904097e+00   1.3839468e+01   1.3784082e+01  -2.2988819e+01
   1.7335352e+00   1.3977522e+01   1.3624096e+01  -2.2956195e+01
   1.4419740e+00   1.4112970e+01   1.3893955e+01  -2.3098836e+01
   1.1823857e+00   1.4350332e+01   1.3953126e+01  -2.2851780e+01
   1.1823857e+00   1.4350332e+01   1.3953126e+01  -2.2851780e+01
   1.1823857e+00   1.4350332e+01   1.3953126e+01  -2.2851780e+01
   1.3391571e+00   1.4346837e+01   1.3922000e+01  -2.2716751e+01
   1.6469386e+00   1.4383792e+01   1.3778373e+01  -2.2656877e+01
   1.6829364e+00   1.4169335e+01   1.3683431e+01  -2.2420321e+01
   1.6829364e+00   1.4169335e+01   1.3683431e+01  -2.2420321e+01
   1.6829364e+00   1.4169335e+01   1.3683431e+01  -2.2420321e+01
   1.7611586e+00   1.4359266e+01   1.3874007e+01  -2.2579441e+01
   1.7829386e+00   1.4228363e+01   1.3889979e+01  -2.2430691e+01
   1.7829386e+00   1.4228363e+01   1.3889979e+01  -2.2430691e+01
   1.7146012e+00   1.4243972e+01   1.4121668e+01  -2.2321543e+01
   1.7783872e+00   1.4143670e+01   1.4259577e+01  -2.2350297e+01
   1.8591503e+00   1.4132221e+01   1.4088424e+01  -2.2677277e+01
   1.8591503e+00   1.4132221e+01   1.4088424e+01  -2.2677277e+01
   2.3366116e+00   1.3990449e+01   1.4074071e+01  -2.2290466e+01
   2.4630116e+00   1.4140541e+01   1.4163420e+01  -2.2102674e+01
   2.4630116e+00   1.4140541e+01   1.4163420e+01  -2.2102674e+01
   2.4630116e+00   1.4140541e+01   1.4163420e+01  -2.2102674e+01
   2.0915897e+00   1.4247466e+01   1.4201485e+01  -2.2279393e+01
   2.2260176e+00   1.4336358e+01   1.4066391e+01  -2.1970924e+01
   2.1938318e+00   1.4310275e+01   1.3584708e+01  -2.1928932e+01
   2.3473094e+00   1.4385234e+01   1.3324873e+01  -2.1749024e+01
   2.3046409e+00   1.3954033e+01   1.3457229e+01  -2.1547539e+01
   2.4238897e+00   1.4105487e+01   1.3456582e+01  -2.1617709e+01
   2.2393413e+00   1.4346719e+01   1.3395341e+01  -2.1528184e+01
   2.3894084e+00   1.4520317e+01   1.3292200e+01  -2.1365744e+01
   2.3894084e+00   1.4520317e+01   1.3292200e+01  -2.1365744e+01
   2.3894084e+00   1.4520317e+01   1.3292200e+01  -2.1365744e+01
   2.3894084e+00   1.4520317e+01   1.3292200e+01  -2.1365744e+01
   2.6673461e+00   1.4340719e+01   1.3024252e+01  -2.1398813e+01
   2.6673461e+00   1.4340719e+01   1.3024252e+01  -2.1398813e+01
   2.6673461e+00   1.4340719e+01   1.3024252e+01  -2.1398813e+01
   2.6673461e+00   1.4340719e+01   1.3024252e+01  -2.1398813e+01
   2.6673461e+00   1.4340719e+01   1.3024252e+01  -2.1398813e+01
   2.6673461e+00   1.4340719e+01   1.3024252e+01  -2.1398813e+01
   2.6673461e+00   1.4340719e+01   1.3024252e+01  -2.1398813e+01
   2.6673461e+00   1.4340719e+01   1.3024252e+01  -2.1398813e+01
   2.6673461e+00   1.4340719e+01   1.3024252e+01  -2.1398813e+01
   2.6673461e+00   1.4340719e+01   1.3024252e+01  -2.1398813e+01
   2.9131838e+00   1.4057823e+01   1.3001521e+01  -2.1121733e+01
   2.9131838e+00   1.4057823e+01   1.3001521e+01  -2.1121733e+01
   2.9131838e+00   1.4057823e+01   1.3001521e+01  -2.1121733e+01
   2.9131838e+00   1.4057823e+01   1.3001521e+01  -2.1121733e+01
   3.2162944e+00   1.4065211e+01   1.2854324e+01  -2.0710166e+01
  -8.4959434e+00   1.9158036e+01   9.8579726e+00   8.7241181e+00
  -8.4959434e+00   1.9158036e+01   9.8579726e+00   8.7241181e+00
  -8.4959434e+00   1.9158036e+01   9.8579726e+00   8.7241181e+00
  -8.4959434e+00   1.9158036e+01   9.8579726e+00   8.7241181e+00
  -8.4959434e+00   1.9158036e+01   9.8579726e+00   8.7241181e+00
  -8.4959434e+00   1.9158036e+01   9.8579726e+00   8.7241181e+00
  -8.4959434e+00   1.9158036e+01   9.8579726e+00   8.7241181e+00
  -5.3274911e+00   2.0061884e+01   9.8934939e+00   9.7166879e+00
  -5.0045222e+00   1.9964444e+01   9.9584957e+00   9.9976481e+00
  -5.0045222e+00   1.9964444e+01   9.9584957e+00   9.9976481e+00
  -5.1590742e+00   2.0056179e+01   1.0067751e+01   9.8372916e+00
  -5.1590742e+00   2.0056179e+01   1.0067751e+01   9.8372916e+00
  -5.1590742e+00   2.0056179e+01   1.0067751e+01   9.8372916e+00
  -5.1590742e+00   2.0056179e+01   1.0067751e+01   9.8372916e+00
  -5.1590742e+00   2.0056179e+01   1.0067751e+01   9.8372916e+00
  -5.1590742e+00   2.0056179e+01   1.0067751e+01   9.8372916e+00
  -5.1590742e+00   2.0056179e+01   1.0067751e+01   9.8372916e+00
  -5.1590742e+00   2.0056179e+01   1.0067751e+01   9.8372916e+00
  -5.1590742e+00   2.0056179e+01   1.0067751e+01   9.8372916e+00
  -5.2490747e+00   2.0146387e+01   1.0200544e+01   9.8298262e+00
  -5.2490747e+00   2.0146387e+01   1.0200544e+01   9.8298262e+00
  -5.2490747e+00   2.0146387e+01   1.0200544e+01   9.8298262e+00
  -4.9753739e+00   1.9998542e+01   9.9776195e+00   1.0022793e+01
  -4.9753739e+00   1.9998542e+01   9.9776195e+00   1.0022793e+01
  -4.9753739e+00   1.9998542e+01   9.9776195e+00   1.0022793e+01
  -4.9753739e+00   1.9998542e+01   9.9776195e+00   1.0022793e+01
  -4.9753739e+00   1.9998542e+01   9.9776195e+00   1.0022793e+01
  -4.9753739e+00   1.9998542e+01   9.9776195e+00   1.0022793e+01
  -4.9753739e+00   1.9998542e+01   9.9776195e+00   1.0022793e+01
  -4.9753739e+00   1.9998542e+01   9.9776195e+00   1.0022793e+01
  -4.9753739e+00   1.9998542e+01   9.9776195e+00   1.0022793e+01
  -4.9753739e+00   1.9998542e+01   9.9776195e+00   1.0022793e+01
  -4.9753739e+00   1.9998542e+01   9.9776195e+00   1.0022793e+01
  -4.9753739e+00   1.9998542e+01   9.9776195e+00   1.0022793e+01
  -4.9753739e+00   1.9998542e+01   9.9776195e+00   1.0022793e+01
  -4.9753739e+00   1.9998542e+01   9.9776195e+00   1.0022793e+01
  -4.9753739e+00   1.9998542e+01   9.9776195e+00   1.0022793e+01
  -4.9753739e+00   1.9998542e+01   9.9776195e+00   1.0022793e+01
  -4.9753739e+00   1.9998542e+01   9.9776195e+00   1.0022793e+01
  -4.9753739e+00   1.9998542e+01   9.9776195e+00   1.0022793e+01
  -4.9753739e+00   1.9998542e+01   9.9776195e+00   1.0022793e+01
  -4.9753739e+00   1.9998542e+01   9.9776195e+00   1.0022793e+01
  -4.9753739e+00   1.9998542e+01   9.9776195e+00   1.0022793e+01
  -4.9753739e+00   1.9998542e+01   9.9776195e+00   1.0022793e+01
  -4.9753739e+00   1.9998542e+01   9.9776195e+00   1.0022793e+01
  -4.9753739e+00   1.9998542e+01   9.9776195e+00   1.0022793e+01
  -4.9753739e+00   1.9998542e+01   9.9776195e+00   1.0022793e+01
  -4.9753739e+00   1.9998542e+01   9.9776195e+00   1.0022793e+01
  -4.9753739e+00   1.9998542e+01   9.9776195e+00   1.0022793e+01
  -4.9753739e+00   1.9998542e+01   9.9776195e+00   1.0022793e+01
  -4.9753739e+00   1.9998542e+01   9.9776195e+00   1.0022793e+01
