  -1.0325492e+01   4.0789011e+01   3.1377698e+01  -2.2122895e+01
  -1.0325492e+01   4.0789011e+01   3.1377698e+01  -2.2122895e+01
  -1.0087000e+01   4.0814894e+01   3.1364527e+01  -2.2237690e+01
  -1.0327663e+01   4.0775711e+01   3.1550022e+01  -2.2362625e+01
  -1.0327663e+01   4.0775711e+01   3.1550022e+01  -2.2362625e+01
  -1.0160937e+01   4.0223713e+01   3.1426379e+01  -2.2214177e+01
  -1.0160937e+01   4.0223713e+01   3.1426379e+01  -2.2214177e+01
  -1.0160937e+01   4.0223713e+01   3.1426379e+01  -2.2214177e+01
  -1.0251232e+01   4.0032177e+01   3.1638024e+01  -2.2667235e+01
  -1.0251232e+01   4.0032177e+01   3.1638024e+01  -2.2667235e+01
  -1.0553049e+01   4.0022369e+01   3.1695623e+01  -2.2344323e+01
  -1.0525417e+01   3.9703054e+01   3.1667642e+01  -2.2636499e+01
  -1.0551604e+01   3.9754511e+01   3.1846686e+01  -2.2339645e+01
  -1.0584899e+01   3.9593582e+01   3.1533974e+01  -2.2587497e+01
  -1.0439225e+01   3.9803763e+01   3.1419645e+01  -2.2529216e+01
  -1.0439225e+01   3.9803763e+01   3.1419645e+01  -2.2529216e+01
  -1.0439225e+01   3.9803763e+01   3.1419645e+01  -2.2529216e+01
  -1.0439225e+01   3.9803763e+01   3.1419645e+01  -2.2529216e+01
  -1.0333092e+01   3.9725974e+01   3.1420155e+01  -2.2413534e+01
  -1.0156693e+01   3.9716048e+01   3.1064938e+01  -2.2306491e+01
  -1.0140569e+01   3.9647986e+01   3.0667929e+01  -2.2540256e+01
  -1.0140569e+01   3.9647986e+01   3.0667929e+01  -2.2540256e+01
  -1.0107972e+01   3.9500141e+01   3.0384291e+01  -2.2225388e+01
  -1.0169043e+01   3.9014550e+01   2.9922251e+01  -2.2123822e+01
  -1.0169043e+01   3.9014550e+01   2.9922251e+01  -2.2123822e+01
  -1.0135587e+01   3.9023178e+01   2.9644691e+01  -2.2016731e+01
  -1.0079052e+01   3.8808537e+01   2.9527802e+01  -2.2051192e+01
  -1.0079052e+01   3.8808537e+01   2.9527802e+01  -2.2051192e+01
  -1.0088245e+01   3.8536898e+01   2.9620254e+01  -2.1880826e+01
  -1.0088245e+01   3.8536898e+01   2.9620254e+01  -2.1880826e+01
  -1.0191545e+01   3.8702913e+01   2.9512898e+01  -2.1751167e+01
  -1.0336325e+01   3.8670672e+01   2.9498218e+01  -2.1514903e+01
  -1.0336325e+01   3.8670672e+01   2.9498218e+01  -2.1514903e+01
  -1.0549979e+01   3.8375782e+01   2.9393731e+01  -2.1404723e+01
  -1.0549979e+01   3.8375782e+01   2.9393731e+01  -2.1404723e+01
  -1.0436768e+01   3.8284750e+01   2.9415019e+01  -2.1124634e+01
  -1.0498503e+01   3.8443029e+01   2.9200687e+01  -2.0840354e+01
  -1.0521306e+01   3.8559806e+01   2.8942005e+01  -2.0823075e+01
  -1.0600342e+01   3.8497944e+01   2.8671354e+01  -2.0646700e+01
  -1.0621954e+01   3.8495679e+01   2.8578274e+01  -2.0647605e+01
  -1.0621954e+01   3.8495679e+01   2.8578274e+01  -2.0647605e+01
  -1.0565500e+01   3.8491096e+01   2.8620887e+01  -2.0456784e+01
  -1.0393579e+01   3.8479133e+01   2.8624462e+01  -2.0421253e+01
  -1.0133325e+01   3.8260978e+01   2.8204393e+01  -2.1071117e+01
  -1.0049282e+01   3.8206630e+01   2.8025928e+01  -2.1139802e+01
  -1.0081709e+01   3.8031893e+01   2.8054513e+01  -2.0978701e+01
  -1.0081709e+01   3.8031893e+01   2.8054513e+01  -2.0978701e+01
  -1.0026616e+01   3.7942410e+01   2.7850116e+01  -2.0930721e+01
  -1.0026616e+01   3.7942410e+01   2.7850116e+01  -2.0930721e+01
  -1.4919650e+01   3.5551769e+01   2.0654749e+01  -5.5109969e+00
  -1.4704075e+01   3.5287998e+01   2.0105008e+01  -4.6582577e+00
  -1.4450789e+01   3.4910699e+01   1.9802058e+01  -4.2888768e+00
  -1.4019729e+01   3.4198735e+01   1.9388505e+01  -3.5791567e+00
  -1.3070329e+01   3.2707259e+01   1.8406821e+01  -2.1346874e+00
  -1.0606565e+01   2.8637231e+01   1.5670674e+01   1.8025345e+00
  -6.4603215e+00   2.2136220e+01   1.1451832e+01   7.9367015e+00
  -5.9681988e+00   2.1532051e+01   1.0972765e+01   8.5878057e+00
  -6.3473996e+00   2.1667120e+01   1.1299170e+01   8.4664901e+00
  -6.3473996e+00   2.1667120e+01   1.1299170e+01   8.4664901e+00
  -6.3473996e+00   2.1667120e+01   1.1299170e+01   8.4664901e+00
  -6.3473996e+00   2.1667120e+01   1.1299170e+01   8.4664901e+00
  -6.3473996e+00   2.1667120e+01   1.1299170e+01   8.4664901e+00
  -6.3473996e+00   2.1667120e+01   1.1299170e+01   8.4664901e+00
  -6.3473996e+00   2.1667120e+01   1.1299170e+01   8.4664901e+00
  -5.1469891e+00   2.0071586e+01   1.0176037e+01   9.9146020e+00
  -5.1469891e+00   2.0071586e+01   1.0176037e+01   9.9146020e+00
  -5.1469891e+00   2.0071586e+01   1.0176037e+01   9.9146020e+00
  -5.1469891e+00   2.0071586e+01   1.0176037e+01   9.9146020e+00
  -5.1469891e+00   2.0071586e+01   1.0176037e+01   9.9146020e+00
  -4.9916967e+00   1.9898393e+01   1.0056662e+01   1.0142047e+01
  -4.9916967e+00   1.9898393e+01   1.0056662e+01   1.0142047e+01
  -5.0633133e+00   1.9956579e+01   1.0059469e+01   1.0025333e+01
  -5.0633133e+00   1.9956579e+01   1.0059469e+01   1.0025333e+01
  -5.0633133e+00   1.9956579e+01   1.0059469e+01   1.0025333e+01
  -5.0633133e+00   1.9956579e+01   1.0059469e+01   1.0025333e+01
  -5.0633133e+00   1.9956579e+01   1.0059469e+01   1.0025333e+01
  -5.0633133e+00   1.9956579e+01   1.0059469e+01   1.0025333e+01
  -5.0633133e+00   1.9956579e+01   1.0059469e+01   1.0025333e+01
  -5.0633133e+00   1.9956579e+01   1.0059469e+01   1.0025333e+01
  -5.0633133e+00   1.9956579e+01   1.0059469e+01   1.0025333e+01
  -5.0633133e+00   1.9956579e+01   1.0059469e+01   1.0025333e+01
  -5.0633133e+00   1.9956579e+01   1.0059469e+01   1.0025333e+01
  -5.0633133e+00   1.9956579e+01   1.0059469e+01   1.0025333e+01
  -5.0633133e+00   1.9956579e+01   1.0059469e+01   1.0025333e+01
  -5.0633133e+00   1.9956579e+01   1.0059469e+01   1.0025333e+01
  -5.0633133e+00   1.9956579e+01   1.0059469e+01   1.0025333e+01
  -5.0633133e+00   1.9956579e+01   1.0059469e+01   1.0025333e+01
  -5.0633133e+00   1.9956579e+01   1.0059469e+01   1.0025333e+01
  -5.0633133e+00   1.9956579e+01   1.0059469e+01   1.0025333e+01
  -5.0633133e+00   1.9956579e+01   1.0059469e+01   1.0025333e+01
  -5.0633133e+00   1.9956579e+01   1.0059469e+01   1.0025333e+01
  -5.0633133e+00   1.9956579e+01   1.0059469e+01   1.0025333e+01
  -5.0633133e+00   1.9956579e+01   1.0059469e+01   1.0025333e+01
  -5.0633133e+00   1.9956579e+01   1.0059469e+01   1.0025333e+01
  -5.0633133e+00   1.9956579e+01   1.0059469e+01   1.0025333e+01
  -5.0633133e+00   1.9956579e+01   1.0059469e+01   1.0025333e+01
  -5.0633133e+00   1.9956579e+01   1.0059469e+01   1.0025333e+01
  -5.0633133e+00   1.9956579e+01   1.0059469e+01   1.0025333e+01
  -5.0633133e+00   1.9956579e+01   1.0059469e+01   1.0025333e+01
  -5.0633133e+00   1.9956579e+01   1.0059469e+01   1.0025333e+01
